1
1.000000612723952
5.921545418555501
6.239324033900011
1
1.0000000023620639
5.652691510571992
5.996992634870813
1
1.0000001570025838
5.4811402487051675
5.802159187787784
1
1.0000000067365438
5.6390834573262545
5.943359375992515
1
1.0000006849405034
5.523993122320866
5.826722035537119
1
1.0000000029576175
5.546260649365339
5.844241108533839
1
1.0000000051386717
5.482691956384865
5.767680842568493
1
.9999996619568668
5.445588845500314
5.7569888173742125
1
.9999999998302441
5.587461488161688
5.89322398056632
1
1.0000000000019016
5.55718304745219
5.873196189502887
1
.9999999891492349
5.643142894490531
5.9381104840975425
1
1.000000565120607
5.576200101854188
5.8790388470454085
1
1.0000001510780923
5.473222447568883
5.7685854560865115
1
.9999999572687341
5.460905798745431
5.735357631443328
1
1.0000000043197022
5.656906699154314
5.897360557158268
1
1.000000078190277
5.753757377093005
5.9746071181986675
1
.9999999931719629
5.87296917923967
6.086346803570134
1
1.0000001033367412
5.672294997780181
5.885065314761238
1
1.0000007419611108
5.706129302851141
5.905568684538232
1
1.0000001993343297
5.648320397042361
5.846183503365377
1
1.0000010280109102
5.541793710935239
5.751112598700567
1
1.0000024049521596
5.577832067881569
5.783812370207344
1
1.0000000393631472
5.524133562805442
5.738988159384889
1
.999998946131622
5.565672321785928
5.791602734827883
1
.9999994202931977
5.472642663918601
5.715266191283516
1
.9999999337606378
5.573738672665983
5.800977754198704
1
1.000002042925118
5.652928752044751
5.875973049863937
1
.9999999804561364
5.574542678708648
5.803636224254122
1
.9999971292440875
5.591759525824451
5.834601918890471
1
1.0000001654990167
5.514349740188882
5.765472222943071
1
1.0000004954245512
5.548626092240897
5.795301740026022
1
1.0000000033746599
5.507199950841139
5.757568418346673
1
1.000000648233039
5.472875446556888
5.727805041613778
1
.9999996513215572
5.390571347510395
5.670834802594215
1
1.0000007679245282
5.4304654595991355
5.698220951737815
1
1.000000000012777
5.504583456529211
5.756415104524634
1
1.0000002727199317
5.380971534313097
5.621894264657287
1
.9999999753426685
5.310063536846888
5.544605999096317
1
.999999879775003
5.289759219285883
5.5258292296010305
1
.9999987798557187
5.452692240716583
5.699552529754103
1
.9999997353981906
5.064436329102382
5.331225702988856
1
1.00000008295301
5.193620183968933
5.510260786090609
1
.9999995837991281
5.204946932620646
5.53781477112241
1
1.0000009014707998
5.273039327557256
5.60181393985964
1
1.0000001173717192
5.375314726599354
5.739260972278219
1
1.000003247411285
5.426360906278716
5.788604422090961
1
.9999993068882068
5.732013091307444
6.0668543800231545
1
.9999999587617606
5.8146737780343525
6.1996786283637295
1
.999999971682632
5.840006341094444
6.222156180311105
1
1.000000047180626
5.820843345422099
6.216150950746552
1
1.0000001061472954
5.851789803018067
6.229583240760539
1
.9999987963670496
5.848748060317187
6.246310723464131
1
1.000000085145274
5.863023702756441
6.290219965823481
1
.9999997824407019
5.752945501596331
6.201267499583664
1
1.000000109575598
5.894562850377053
6.2912533030145195
1
1.0000000135644995
5.8309318236279
6.197007389568156
1
1.000002274621537
5.967894188491102
6.3355517767266525
1
.9999998710384279
5.974264960850634
6.354517785313248
1
.9999998489476142
5.803537095064964
6.218976277007768
1
.9999999462398459
5.714128587389406
6.154961648170108
1
.9999999999845546
5.862323846420551
6.2804128151851994
1
.999999998540137
5.949817025468469
6.3613899108071275
1
1.0000000050565472
5.8721083023134995
6.25065895668879
1
1.0000000848882484
5.665681303821562
6.084285379728605
1
.9999998583069069
5.52444136878583
6.004363278869055
1
1.000000506895542
5.580025837476362
6.081294123259936
1
.9999999486474077
5.509462613811412
5.998525748099132
1
.9999999999331324
5.419614912467862
5.921591408015161
1
.9999999908112379
5.487676853818342
5.986974181585204
1
.9999999997355516
5.530816503105588
6.043058044224307
1
1.000000031913982
5.541444516847957
6.0255493425777376
1
.9999990746838757
5.690840375862209
6.147577115113243
1
1.000000052569208
5.488830278498129
5.9205794143230985
1
1.0000001128869807
5.48483893185475
5.908297465588178
1
1.0000000098667974
5.604092511771784
6.016418347983712
1
.9999999997806109
5.8049515820317765
6.214123843887442
1
1.0000000512034908
5.836280882418751
6.225462539154913
1
.9999997051465679
5.805291580462892
6.201636361007489
1
.9999999210363028
5.750981948604968
6.1527042168568125
1
.9999999928539579
5.836911822867694
6.22337976531209
1
.999999999997721
5.910880428914368
6.305625880815009
1
1.0000000023662785
6.087454717499805
6.449922686447815
1
.9999999995558208
5.826002739988084
6.224674415074457
1
1.0000000003807363
5.8510477673013055
6.270029488453022
1
1.000000375762703
5.600771394254167
6.0201597108095495
1
.9999996917003698
5.5000856631017
5.885675592813024
1
.999999650192607
5.486010120285956
5.870899768087793
1
.9999999539855501
5.414584501757169
5.796870907988257
1
1.0000000000030518
5.335327418767916
5.72122037722355
1
1.0000000330053107
5.273031717417974
5.638838376399037
1
1.0000001488585102
5.038304522450116
5.422733524713926
1
.9999998451271591
5.092952884400093
5.518269293098528
1
1.0000005095730709
5.084301470582987
5.498883767685139
1
.9999996170661661
5.188699362620407
5.608606040050295
1
.9999997905172634
5.273609976619398
5.7128640630466165
1
.9999986455859797
5.181133592080767
5.604805977108377
1
.9999999658610749
5.232365828478196
5.614597929041614
1
1.000000546440199
5.149545477640887
5.5183750796466775
1
1.0000000123642916
5.207261579161635
5.573486952199651
1
.9999999925085736
5.099071523813239
5.485885260592305
1
1.0000000151168718
5.142437950910683
5.52560994606917
1
.999999937403764
5.253442422339061
5.660799701653463
1
1.0000011278337226
5.195883769797047
5.594290476389214
1
.9999998176017425
5.3369438372390245
5.715509501142651
1
.9999999722073192
5.446341327142205
5.830398785515492
1
.9999998517455302
5.55543755710441
5.931528207468371
1
.9999999800744102
5.684839380804411
6.0302988375610695
1
1.0000000090922285
5.705482972088455
6.049860180375221
1
.9999999617132486
5.770353092082971
6.12846324011731
1
.9999998938268057
5.915127168417534
6.264573611274578
1
.9999996735960046
6.018007570722641
6.394050959419786
1
.9999999407064498
5.996188275999733
6.399205045145608
1
1.0000000000037477
6.037258735941878
6.430216873319068
1
.9999999648187424
5.991277036081566
6.396901684639204
1
.9999999786260387
6.051845748551217
6.447794781846501
1
.9999999978623771
6.045564932249188
6.427857514033071
1
.9999999391437052
6.158568672569472
6.531870505588809
1
1.0000002505569605
6.062211622496002
6.448099394916577
1
1.0000000329231862
6.012093631009702
6.4078465037112196
1
.9999999962281
6.084220186603136
6.505052902949643
1
.9999996031818251
6.364132879130633
6.754000842307296
1
.9999999937227521
6.309887039238294
6.710181105809589
1
.9999999972047103
6.4508498771376965
6.836472516042233
1
.9999992832839366
6.423758374597711
6.821105235349417
1
.9999999776595956
6.306777929046998
6.735387668708665
1
.9999999999179535
6.3353853379061995
6.7499530415958455
1
.9999999977946178
6.3014208502572595
6.683769663414774
1
.9999999999280607
6.262969868929701
6.655495619644451
1
.9999999996220387
6.313395661824883
6.707918376345011
1
1.000000068897934
6.469161897325825
6.837485200867911
1
1.000000107132138
6.312517720989342
6.668751911237938
1
1.0000000688642487
6.454317921230324
6.792508981873004
1
1.0000000000529927
6.465173477821151
6.8299572598365454
1
1.0000003108215485
6.473053078424326
6.843369671927674
1
1.0000000264508153
6.444520342331838
6.820844390319197
1
1.0000000000469842
6.479881567739136
6.877094058393063
1
.9999999303090323
6.426236734246799
6.837233523146509
1
.999999998646084
6.421872750875476
6.824267372064432
1
1.0000000018202855
6.470432813741312
6.854757856033622
1
1.0000002466630222
6.441576453711592
6.816549580671479
1
.9999999996533722
6.485779312966035
6.854674573604789
1
1.0000000000083986
6.582496289729146
6.9096665794109775
1
1.0000000169911751
6.572920523059982
6.900652495393252
1
.999999966047501
6.561381654812366
6.903946699980967
1
1.0000000017873805
6.5643420824758625
6.921254008211849
1
.9999985043691122
6.576798430543386
6.925460185430966
1
1.0000000002332088
6.634341144096845
6.991357995949512
1
.9999999885028404
6.468068877078685
6.846056127632495
1
1.000000149604242
6.486844256374459
6.871928394294699
1
.9999999947113517
6.4142756648286525
6.794775275729093
1
1.0000000000142493
6.442079188125402
6.8337391971378905
1
.9999987658718332
6.474781014325739
6.821622468670367
1
.9999999355323533
6.203361777709362
6.574471496942782
1
.9999999891156249
6.505138461269891
6.84470038400454
1
.9999999978441378
6.4448923013904915
6.777611941981401
1
.9999999999691486
6.41326894555665
6.7540947506455336
1
.999999633242646
6.324475362663932
6.671284760440691
1
1.0000001519795918
6.185445649595773
6.583827176387972
1
.9999999802099767
6.005173340262504
6.4188882309711355
1
.9999994911001752
5.978217512044862
6.399200981855153
1
.999999999220174
5.96503111095597
6.384101399137526
1
1.0000005666434697
5.87024828228364
6.275448706685402
1
.9999997573863748
5.648222725951104
6.072213914682187
1
1.0000004944320442
5.708062613372717
6.1175973255555745
1
1.000000007527448
5.649669471377071
6.070327953194195
1
.9999995151713825
5.753661024379813
6.199272985299221
1
1.0000000048909594
5.852474088256882
6.279651743560383
1
.9999999992539054
5.749755424631962
6.183227880277362
1
1.0000000016362107
5.92309687780517
6.329895729687008
1
1.0000000649673582
5.921878586041368
6.342933380985751
1
.9999999288400296
5.935344320672645
6.364087353801923
1
.9999999218111957
6.052500638860286
6.468180859509894
1
1.000000007316941
6.104177935184651
6.5236170682255805
1
.9999999512605817
6.301567713813313
6.7132916603486885
1
.9999999994819828
6.166385360430066
6.589401350797375
1
.9999999999315347
6.305694719015489
6.719815126298605
1
.9999999971421868
6.133883507321516
6.555489304979778
1
1.000000176620075
6.016932103943847
6.4296516762224405
1
1.0000000108628506
5.973332534645759
6.35025473460648
1
1.0000000250109393
6.12586332377002
6.494520515252488
1
.9999999842144105
6.16143061775883
6.481444128517693
1
.999999966812357
6.03232386496104
6.34994044800785
1
.9999999987579196
5.851357026603634
6.192396977405471
1
.9999999764634303
5.7720372476089175
6.1099990519288045
1
1.0000000000000002
5.991444966174228
6.28693873917664
1
.999998946216744
5.8042786477248525
6.078394527212808
1
1.0000004613140312
5.52403871243207
5.800379716186247
1
1.0000000670420839
5.489164834167265
5.772115770501125
1
1.0000001698391685
5.519684012238072
5.800955771745002
1
.999999955981477
5.705384270238089
5.97603495912631
1
1.0000000000109577
5.527202721859477
5.806970880095115
1
1.0000002042377127
5.308497518901633
5.559811090820226
1
.9999988077374125
5.370284260038977
5.607997983597016
1
.999999814781314
5.413583095798962
5.654330919961914
1
.999998183721451
5.359767846415487
5.6233298683395185
1
1.0000006075089822
5.465407012873381
5.744740867858838
1
.9999999090044871
5.52239965662617
5.798444469747363
1
1.00000047027957
5.524752096741961
5.787593443754171
1
1.000000519933098
5.418706877728414
5.684663277744944
1
.9999996907333941
5.570149545809288
5.827964865755339
1
1.0000001158215508
5.583488208452909
5.826264275729524
1
.9999995382374536
5.664793464429541
5.898297872683396
1
.999999556155201
5.745083460236483
5.976094031805228
1
.999999981654339
5.734630147591099
5.976128587854398
1
1.0000001803329333
5.587023151252938
5.841218018642172
1
1.0000000053412554
5.56810159674122
5.804424626696745
1
1.0000005578658486
5.582690246331452
5.810963289376578
1
.9999995062588306
5.463813848695151
5.688322112230956
1
.9999986444812857
5.373395391824615
5.602548763487774
1
1.0000011262978044
5.3286838102895056
5.5752246894094695
1
1.0000001078060696
5.333555277730819
5.576395247824917
1
.9999996948850123
5.422347443677318
5.685287088899533
1
1.0000003755044005
5.518867695698347
5.781242220977263
1
1.0000002575072429
5.579871115289393
5.867346380888148
1
.9999999643712861
5.505057486311462
5.793794242494746
1
1.0000002958903724
5.380089775793532
5.66872214348739
1
1.0000005978101403
5.422315310641327
5.728718619617197
1
.9999999762187537
5.414530038402563
5.717427754755512
1
.9999998675326909
5.349247553498667
5.6481445368821035
1
1.0000004965894025
5.234069527590583
5.533906988443793
1
1.0000000089501644
5.171640519150457
5.476169429893884
1
1.0000000120471513
5.263682835979834
5.557660756369146
1
.9999991963066985
5.271936672823001
5.614706861685806
1
1.000000362623384
5.193646989756021
5.525093964046465
1
.9999995594803961
5.273046439318944
5.619887042562512
1
.9999997631860568
5.314088560944505
5.6604043555517904
1
1.000000376440491
5.2541559883714
5.625543739741906
1
.9999996580062156
5.2283974193907135
5.647027829343057
1
1.000002362392424
5.286743495133355
5.629731516368219
1
.9999994426114901
5.307434235662201
5.627978398679462
1
1.0000001918889403
5.121145744673401
5.424872214913766
1
.9999996128216319
5.05590615488746
5.35829037953222
1
.9999999888125322
4.992504306976927
5.319410172551153
1
.9999992632801836
5.03849368378578
5.35387075166251
1
1.0000000127690198
5.013477149211314
5.313767825541954
1
.9999982774469195
5.1267170838931735
5.429796719450993
1
1.0000000548619687
5.272538168591904
5.5679716926433445
1
1.0000002758761999
5.312052999185572
5.583301106247067
1
.9999995660480716
5.306808663446059
5.599321002397504
1
.999999760092378
5.307744225543762
5.6187051387141915
1
.9999999784588871
5.482519370579161
5.7968861243073775
1
.9999984059510095
5.624128605175216
5.960615788818898
1
1.000000047755469
5.519090595884269
5.871825192811891
1
1.0000000387602748
5.477017411356518
5.863451458491317
1
.9999987919134262
5.432517938832168
5.841959432735534
1
1.0000012250509447
5.391987822155818
5.800764205461369
1
1.000000000297963
5.516545715140524
5.85728305188604
1
1.0000003365820425
5.493633283256354
5.8447962874394435
1
1.0000006058984003
5.450613122851497
5.825997109887217
1
1.0000005178126101
5.483772727615372
5.8699599594699485
1
1.0000000100780215
5.5296891287014205
5.91388745894288
1
1.0000007651504241
5.4074142678945005
5.786614752415909
1
.9999999797213283
5.418041489442165
5.762609470252176
1
1.0000002465499247
5.430087496252736
5.783607236220767
1
1.0000000135320855
5.364915048907358
5.715925966109165
1
1.000001719052331
5.486122079989317
5.811117249549453
1
.999999959631741
5.50046055839266
5.848378650347609
1
1.0000000085907943
5.526058080996715
5.87932528591041
1
.9999999104603231
5.375077045921594
5.727989619114773
1
1.0000015369285735
5.263930457637371
5.637231994505156
1
.9999999781705601
5.176102701547022
5.534224690213497
1
.9999996609805446
5.345452351041782
5.6883021260782
1
.9999999241983363
5.428694994620673
5.750043920590074
1
1.0000001498480995
5.3723365396880345
5.698937438648498
1
.9999994868737363
5.461403880596731
5.77815039048135
1
.999999817175581
5.485901645829389
5.834988311494352
1
1.000000487131233
5.5617138126284145
5.907044462619771
1
.9999998733628733
5.48106003756307
5.819649153219935
1
.9999999094030126
5.405747178719017
5.733606293171368
1
1.0000002628464455
5.430419128567833
5.772496268648956
1
1.0000012347290592
5.247044602652964
5.599253468411517
1
1.0000000203712829
5.217909565049371
5.576790264240526
1
.9999990037063167
5.022421450883934
5.427590358804711
1
1.0000007942960751
5.101720359243876
5.481944723052441
1
.9999999935457935
5.232739493876265
5.608811252439471
1
1.000000224293745
5.301366482737559
5.683861328734698
1
1.000000356116991
5.320235789924617
5.665540135468785
1
.9999999906934003
5.302347377618967
5.667105510844087
1
.999999988563011
5.333178665762106
5.690063292599979
1
.9999995317445396
5.4027483977788515
5.7283666622718865
1
.9999999474437394
5.435669643238631
5.748012336521315
1
.9999979425263046
5.413445243909461
5.734284803644318
1
.9999997932592828
5.450098273546781
5.778303701727354
1
1.0000002397390202
5.449477433665714
5.764890042091122
1
.99999991778881
5.237622020618764
5.5594185838305075
1
.9999997990328126
5.336983352966627
5.682827562959053
1
.9999995879171725
5.364409444711615
5.715742930541183
1
1.0000000633611696
5.294379283818742
5.649086007461392
1
.9999999992654373
5.357093394931231
5.665657142747274
1
1.0000000041797454
5.159848564778063
5.511954875061581
1
1.0000002810721702
5.196515595120538
5.588679995551196
1
.9999999982025042
5.2937804119508165
5.674094190587402
1
1.0000000067669716
5.271121911599401
5.657858390586352
1
.9999999885695736
5.299557586721374
5.738321936524593
1
1.0000000553114257
5.163670621344023
5.609772410265685
1
.9999998075870619
5.354710703664421
5.737902172977534
1
1.00000006850477
5.184178817499799
5.635064089639174
1
1.00000000294127
5.255370151550195
5.71539616007757
1
1.0000003425713584
5.380105908076319
5.794762431581574
1
.9999999121123556
5.4650791797688925
5.885511018271766
1
.9999999751263529
5.354015416293847
5.750347304903807
1
1.0000002022572547
5.3985456265400575
5.750114064923883
1
.9999999346920029
5.509593172984647
5.8748741005537815
1
1.0000000531584925
5.417802059456983
5.822482851180818
1
.9999997830977166
5.299648912066551
5.712974304817688
1
1.0000002365770488
5.264346815010955
5.683811572950369
1
1.0000000218861933
5.238898815371414
5.648233705116352
1
.9999997638395176
5.144485984139536
5.533255920717457
1
.9999999718869316
5.245040490328538
5.666960836803941
1
1.000000031980452
5.218370632185304
5.6394696173663785
1
.9999993491696826
5.245579135511824
5.685731415260726
1
1.0000000463610037
5.329127640325946
5.762570731387793
1
1.000000429524147
5.185727702844358
5.591095949597632
1
1.0000002445532732
5.175071855533398
5.579263115581155
1
.9999995691234761
5.195145133198872
5.570255765065188
1
1.0000011623351563
5.251474313931427
5.646037924605828
1
.9999986617422594
5.209010638493603
5.569926527778685
1
1.0000000210214242
5.181323298355509
5.522359977879588
1
.9999992972746137
5.212578612002992
5.547352770138443
1
.9999999995122522
5.48928950297154
5.832820723743963
1
.9999999266232694
5.442230848683624
5.821067155946117
1
.999999856707769
5.649479399015911
6.000626345824444
1
.9999999980790902
5.7390979175715815
6.080222913644028
1
.9999996634542485
5.606593612911532
5.942541187435245
1
1.0000001248033297
5.635534045068929
6.025137974639009
1
1.0000000046611148
5.699060929166081
6.039166923237283
1
1.0000000052581854
5.596478483039141
5.957221905892317
1
.9999999853047193
5.687418948823924
6.04420483770475
1
1.0000001382892885
5.916299338952167
6.255488175805486
1
1.0000000002141605
5.922507908585412
6.253705254682378
1
.9999998966662977
5.75337704473322
6.095191296174522
1
.9999999432383057
5.761912970529315
6.077835631656178
1
1.000000013568177
5.791392588139413
6.113463433764022
1
1.0000002017212575
5.623656764657367
5.954589343112404
1
.999999178630289
5.53004219569364
5.904206474946774
1
.9999999096728976
5.496753029779373
5.902012717942294
1
1.0000000332455603
5.369530146856947
5.824410752859991
1
.9999999543446814
5.45183004556003
5.890829919331173
1
.999999988747898
5.453636220562912
5.936889289233877
1
1.0000000058044232
5.691279167898968
6.081004698425642
1
.9999997250495136
5.645369856121609
6.039554499465406
1
.9999997065452353
5.636090977377748
6.031929058051836
1
.9999999686382123
5.668222445379454
6.057551596366561
1
.9999999958837065
5.828137356104874
6.192243701802716
1
1.000000004167639
5.783873098809023
6.15408879504977
1
1.0000000019254993
5.7496138017460146
6.125275383327234
1
.9999999574954597
5.74730521267679
6.093047320747734
1
.9999998447885479
5.766536653462552
6.133225044807249
1
1.0000012338121287
5.827918283419094
6.1661891612859066
1
1.0000000967094687
5.819813133085489
6.155556765809567
1
.9999999978588877
5.861945541635157
6.191915265625951
1
1.0000000340277697
5.829039308468483
6.16318891439725
1
1.0000001374088476
5.712015865212049
6.0545109948107765
1
.9999999924287476
5.836469624406716
6.168810737122527
1
.9999992499324285
5.859000883509682
6.200877129189447
1
.999999987436149
5.810600679736394
6.18521772474481
1
1.0000000007158836
5.895732141570849
6.25680338151152
1
1.0000003939754427
5.779957913816596
6.142059833328715
1
.9999999588351466
5.901096156501981
6.257826487520997
1
.9999999923225368
5.851112910737196
6.243732831278992
1
1.0000000055726987
5.616195541261138
6.005302330982834
1
.9999999974982148
5.495637026915605
5.895602962988559
1
.9999999866852063
5.351951260455765
5.751093971843611
1
.9999992457646892
5.572050829482246
5.9616355553647
1
.9999999806171257
5.410037282080171
5.819641604910084
1
1.0000000052096754
5.355115558973951
5.758832035378895
1
.9999998692658856
5.344024369003084
5.7408787742207785
1
1.0000001687528235
5.307308379112541
5.6959748609927345
1
.9999998002423571
5.28392400866025
5.6949688107037515
1
1.0000004131679845
5.288055608553089
5.684846752573589
1
1.0000011209210606
5.252519704243414
5.6378021150084034
1
.9999999993621095
5.475646862012414
5.806702795964526
1
1.0000009329733108
5.413747137084489
5.770609987539334
1
.9999999018502979
5.414146366084436
5.775151689977815
1
1.0000000478217455
5.43584540872457
5.802020050093791
1
1.0000004247761942
5.406335633574375
5.773579603545116
1
1.0000007262642812
5.353913358703445
5.727477705766876
1
1.0000002336955613
5.395509845580172
5.764056628875709
1
.9999999044383948
5.407930422278781
5.791492747576287
1
1.0000004787240733
5.217672840526638
5.588434943003225
1
.9999999296477208
5.2550376074164955
5.62482197377473
1
1.0000026028920375
5.321604440437647
5.699866952432516
1
1.0000004645418052
5.284625150448026
5.670322824238044
1
1.0000001161219345
5.360275716461664
5.716806107591119
1
1.0000000166257195
5.459958508482306
5.851041745198568
1
.9999998974946073
5.538420903006921
5.937548255318196
1
.999999967263454
5.537372444170644
5.937182831039145
1
.9999980256746442
5.645927817164663
6.040932190382364
1
1.0000000925816115
5.653204992684768
6.064572511568645
1
.9999999863380264
5.825256781495562
6.218085953777184
1
.9999998824912611
5.956536488046816
6.32955989695969
1
.9999996871025025
6.006134365054885
6.369494788158284
1
.9999999866743405
5.963212444463038
6.296506254653648
1
.9999999425274572
6.002715335635081
6.325619243927047
1
.9999999102837323
5.775023302277435
6.101489686366113
1
.9999998393230825
5.8971973092927
6.241153072265503
1
1.000000221004982
5.995528021407819
6.297704442068452
1
.9999998776028278
5.8331173160255405
6.15768401702343
1
1.000000382630535
5.786132174221476
6.113103750687473
1
.9999991734842381
5.790302649504388
6.161372899383464
1
.9999999093999705
5.7857394037093135
6.166179454508754
1
.9999999756906556
5.8162669119036465
6.178506308768216
1
1.0000000706399037
5.823738614176023
6.184859115428788
1
1.0000052019034908
5.758910594706997
6.110757727251689
1
1.0000000214815254
5.814037369152817
6.161704980253481
1
1.0000000793117554
5.773510710028282
6.116277006206407
1
1.0000001650436223
5.904876329170667
6.227419477348605
1
1.0000000402482851
5.987146026271854
6.312351463026151
1
1.000000001600016
6.125275554553263
6.440403317611245
1
1.0000000013015662
5.908504252910645
6.242829141226697
1
1.0000000035847072
5.822585565318264
6.194233816810764
1
.9999997662765204
5.857381702061102
6.239503435753654
1
.9999999723458229
5.746109951449223
6.106138578273602
1
1.000000050148672
5.6376402559809975
5.966099156548427
1
1.000000098851859
5.584372651861774
5.916793173764746
1
1.0000012205398046
5.561895169927972
5.896920336553592
1
.9999997935909062
5.515890143877819
5.852106831061747
1
.9999997806983171
5.735131619627839
6.0672317760727195
1
.999999516099769
5.805789601315465
6.123454897588279
1
1.0000000016598625
5.874327048795794
6.198794118370176
1
.9999994816962797
5.966675520329854
6.298582275418648
1
.9999999917268794
5.995505925018632
6.328496577922871
1
1.000000105048709
6.086784992425723
6.425300613756346
1
1.0000001221330173
6.051206426532697
6.3657882608596985
1
.9999999191709654
6.085363064820262
6.389714384096575
1
1.0000000740676631
5.861039879590019
6.148582758282287
1
.9999983370926673
5.845022714601115
6.136192756566195
1
1.0000009875459848
5.728470542247977
6.017860996896251
1
.9999990452091075
5.854814097122975
6.1770238401945265
1
1.0000000210980176
5.913614887702676
6.183037466706502
1
.9999994306142296
5.85863302341639
6.135343663711145
1
1.0000002321924706
5.89179652393106
6.174050243258254
1
1.0000001233241145
5.869725821650769
6.153403545388089
1
.9999996127768259
5.883658702973467
6.162561711752912
1
.9999997216027301
5.92344764631878
6.214854769739918
1
.9999999944149014
5.724024513243229
6.049946296417792
1
1.0000000452762943
5.60594644669655
5.928138402422496
1
1.00000029401628
5.787713506315473
6.086558678859367
1
.9999973389543989
5.732523498776225
5.991481185925737
1
.9999946424410966
5.5424158267989725
5.820746620058733
1
1.0000002683621125
5.667523611985174
5.938054155375544
1
.9999998564455537
5.527403753392001
5.78640141785739
1
.9999997993618643
5.415849831701195
5.69519694355207
1
.9999998576132754
5.472044355786901
5.7169026846338244
1
.999996793783916
5.51020693022075
5.775996756484633
1
1.0000000228651609
5.702038462849283
5.974962152864732
1
.9999999346699006
5.6406829072883005
5.897018611059425
1
1.0000005343117644
5.543179860113915
5.809607795889625
1
1.000000268103389
5.6480349399569
5.925723615136074
1
1.000000296116271
5.613129927932512
5.880122113855392
1
1.00000000658474
5.6117465504166155
5.865277624179623
1
1.0000001745792846
5.5047587635652215
5.760815398831983
1
1.0000009491216166
5.352186057493899
5.605525000640311
1
.9999997865390194
5.5545942734516665
5.7863383024748485
1
1.0000001763731259
5.603937290397362
5.840913926783108
1
.9999999777735377
5.565960655778905
5.825875009541168
1
.9999998363719685
5.623353807331713
5.877483382903455
1
.9999990595295688
5.626419405602984
5.873666130003381
1
1.0000001221279642
5.489322696976621
5.744054563573273
1
.9999991028137245
5.501907554643883
5.762451580203978
1
1.0000017594462893
5.529999215915991
5.780049762203673
1
1.0000000285831239
5.4410051815029075
5.726663889269708
1
1.0000000410199192
5.426892145390862
5.736670524506438
1
.9999997805208753
5.285297761553947
5.592748008361717
1
1.0000042363330206
5.3159420969269195
5.615587319181191
1
.9999985669832756
5.312702699178851
5.628693576626228
1
.9999992706448088
5.48196881863924
5.771548811887941
1
1.000001984568872
5.470930687178302
5.735924001097335
1
1.0000000002955012
5.494947919274713
5.745351612709142
1
1.0000000233156123
5.669829372982992
5.9114821576566605
1
.9999999937079316
5.584105311776302
5.830108303579912
1
.9999994053743634
5.531650743991163
5.781618979145234
1
.9999955729666022
5.552232822154219
5.793144524818472
1
1.0000000452137412
5.568820564860359
5.797318687442741
1
1.0000008099265594
5.50687204245448
5.734713538603073
1
1.0000009312240938
5.598659502964493
5.812320752303299
1
.9999999770626642
5.442033601557612
5.660473007978607
1
.9999986431695547
5.564978426300816
5.76797304855715
1
1.0000001547797683
5.603938434467322
5.798387601204899
1
.9999997778803712
5.597063884945594
5.803061507115348
1
.9999990430172829
5.7735201964160785
5.9900405980262725
1
.9999994551486133
5.666994664849794
5.875803149452268
1
.9999999791437494
5.71387523706925
5.9281169533190905
1
.9999996435585381
5.871714493666422
6.087842442684785
1
.9999995611600347
5.912844230033956
6.119516009330718
1
1.0000000020354602
6.074222843596475
6.263100808601889
1
1.0000005307417892
6.023406129555091
6.203992429301636
1
1.000000284298072
5.996926903443183
6.186698750256969
1
.9999999089477445
6.007916383183248
6.1947802073396705
1
1.0000022082030755
5.899177131212818
6.07964872093736
1
.9999994131025793
6.019789330196854
6.203743920511536
1
1.0000005814941795
6.036960454400313
6.222413534110847
1
.9999999948823123
6.003099024357646
6.203259012895417
1
1.0000000319506999
6.012883429995835
6.213824488462464
1
1.0000000537384204
6.1277345232278995
6.321544681978728
1
.9999999868142184
6.041663545902886
6.276030134274765
1
.9999999368177561
6.149331728301535
6.392721567617094
1
1.00000011093358
6.338816804520789
6.58670347739173
1
1.0000000019613617
6.409324985486087
6.649832962233457
1
1.0000000003056042
6.492339637370305
6.719636416137937
1
.9999999547813305
6.578931520329234
6.816141626248113
1
.9999999968629337
6.429754827952502
6.651132179908828
1
1.0000000135229725
6.568317820925169
6.802890169326725
1
.9999999991012394
6.4814645910846185
6.706987572303404
1
.999999870004038
6.514362912376758
6.750400874624727
1
.9999998318366532
6.266046108720209
6.506243007318698
1
.9999999646435381
6.206796544266386
6.4419730820407075
1
.9999999999023701
6.226880711032366
6.45192732003064
1
.9999999981497238
6.299091200593401
6.5267240639870705
1
.9999999509439506
6.377959071721844
6.617320745567126
1
1.000000123304778
6.420685655606594
6.661883000895984
1
.999999992907744
6.374201283528917
6.621341202018038
1
.9999999986803185
6.346776390188938
6.546055777213363
1
.9999999506714387
6.514128199098135
6.737497197066991
1
.9999999711092771
6.703990315915676
6.910807616288536
1
1.0000000576707109
6.6907170349561
6.8946450577895675
1
1.0000000069474477
6.680896177173411
6.891125101282491
1
1.000000025902956
6.65678266953855
6.860149679532813
1
.9999999295652567
6.78421634108431
7.0002661233553765
1
1.0000000157764672
6.794542737611968
7.003009885712957
1
.9999999999946334
6.591870231800378
6.812952597261296
1
.9999993483863732
6.69789176048802
6.913556893910253
1
1.0000000044992734
6.693327493240783
6.909720810611694
1
.9999999957832679
6.774093587995711
6.981632514988848
1
1.000000000404759
6.742026550205755
6.9671664622225205
1
.9999999753449049
6.7871383834417225
7.002021174126162
1
1.0000000062799947
6.742161880958097
6.94858630053494
1
.9999999878825668
6.655828346146665
6.870475585731526
1
1.0000000004940532
6.656883039051374
6.856498589815111
1
.9999998578283518
6.616547294419311
6.8187075567646
1
1.0000000026525366
6.565089767058562
6.772424265722377
1
.9999999573607864
6.699217713816203
6.906475220095921
1
1.0000000000802471
6.700092004914205
6.917976617652216
1
.9999999720213335
6.691947224090162
6.9127007890785
1
.9999999999999929
6.7276285401388565
6.944621706616777
1
1.0000000020872222
6.663231615308231
6.892506604419336
1
.9999999058876012
6.648058601563575
6.899027998168826
1
.9999999999977213
6.606106868583109
6.863470516745903
1
.9999999999911041
6.60766207277842
6.870874200427455
1
1.0000000002331264
6.728045181675442
6.99888744927482
1
1.000000008193658
6.732143372339234
6.9991230110815374
1
.9999999999994984
6.733755803104041
6.987614929609601
1
1.000000063395203
6.755981748723785
7.0005216660550085
1
1.000000010326104
6.6473646084716975
6.904615064015388
1
.9999993498005476
6.719736755953577
6.991770536465061
1
.9999995119557605
6.664033012985095
6.9530849206893155
1
1.0000002711221365
6.697362166703378
6.997223037661797
1
1.0000001631199356
6.684472589162111
6.971814719558178
1
.999998537513891
6.66453525112558
6.924454028931247
1
1.000000566750423
6.752902999851679
6.996266584397827
1
1.0000000114905552
6.770246541381728
7.00143330579708
1
1.0000000006049012
6.658699438834713
6.882929882812788
1
.9999999999901996
6.623107029540909
6.851629292080638
1
1.0000000004179461
6.626620243073352
6.868857904552338
1
1.0000000000000002
6.594431506038215
6.843254405811531
1
1.0000000144097363
6.55291200766997
6.788354318363711
1
.9999999959734781
6.561053269847788
6.789661185710628
1
.9999999677101914
6.62984075523548
6.85529895916812
1
1.0000000000000082
6.369933776773236
6.6068782554461425
1
1.000000000240045
6.262729487909774
6.49969547418675
1
1.0000000000055331
6.400545878585009
6.632687412615012
1
1.000000013880621
6.456731582631058
6.689464664259356
1
1.0000001036700417
6.250370048634381
6.498737465445139
1
1.0000001647530687
6.117586126664059
6.361536496659384
1
1.0000000842393755
6.170559246520435
6.413112417002001
1
1.0000000004336642
6.27918196853221
6.540382741743729
1
1.0000000023174842
6.220031180211143
6.474344895257988
1
.9999999999736239
6.270676768421541
6.508478525036118
1
1.0000000036689858
6.156109528407116
6.39977792074815
1
.9999999798331831
6.247814026298739
6.493689725353253
1
1.000000536681484
6.156936965118552
6.4083046347842485
1
1.000000118579711
6.229033185360182
6.455917403561726
1
1.0000001645557541
6.125372660979041
6.36010970701424
1
1.000000286725739
6.193443156005136
6.429722943442613
1
.9999999783114628
6.199856760528658
6.475054158993357
1
1.0000001129280414
6.179191991084271
6.4058053037590685
1
.9999999999989808
6.367541638291831
6.58019473397704
1
.9999999883899026
6.431479764304298
6.654723166512071
1
1.0000005526376157
6.3595717081430685
6.582112925500793
1
.9999999999606861
6.225617576949069
6.476294116530651
1
1.000000016535201
6.110720209758393
6.366128570782761
1
1.0000000000850007
5.9740081570730075
6.225700906317127
1
1.0000000229560448
6.05171270137576
6.310867231089415
1
1.000000232850068
5.973520990141259
6.227841518471126
1
.9999990807015271
5.991546977481964
6.233779761342512
1
.9999998218751125
6.014317502762809
6.255468533336273
1
1.0000000685049195
5.9442600455848655
6.1990677016069835
1
.9999999931436078
5.834712624634377
6.094111816022313
1
1.000000036813006
5.706272825830971
5.9679134913738165
1
.9999999703678427
5.775161675214573
6.017386418261842
1
1.0000003682177614
5.5363038355378285
5.786704616133268
1
.9999999999718346
5.37755186560531
5.611198248847037
1
1.0000000896036165
5.345514895112609
5.5782309761845035
1
1.0000001851104288
5.457544722409686
5.693673377052424
1
1.0000002631516047
5.515548127154533
5.775607569129912
1
1.000000008292478
5.470431110807058
5.720821677620462
1
.9999999696436561
5.469592914819024
5.72446364733061
1
.9999999994197696
5.6359483318855865
5.884776053786257
1
.9999999984147161
5.493861385482821
5.7522181491460165
1
.9999999856128339
5.506273988990829
5.766302283905655
1
1.000000107037678
5.606087301123839
5.858691803239445
1
1.0000000267146771
5.6442833310705005
5.897162741756595
1
1.000000075851858
5.464762286440282
5.736736790726742
1
.9999996168808613
5.317195559777685
5.590821605724215
1
.9999997866246397
5.292756400380485
5.563403192552508
1
.9999982314859993
5.335552075927676
5.59609358134018
1
1.0000000924197783
5.307119109750256
5.5846544278472745
1
1.0000000002981089
5.287109541112129
5.556770963674848
1
1.0000010350875237
5.186947781079565
5.45681343117265
1
.9999999905019024
5.2210371623542935
5.488265668983147
1
1.0000000314368798
5.233106301989805
5.516929453327719
1
.9999991942483047
5.309686123541256
5.591416377409138
1
.9999998222439795
5.355411504309476
5.617385631777158
1
.9999999940595178
5.397752948373106
5.651854710216579
1
.9999947219750274
5.4104258519987445
5.651112747128336
1
.9999999998393754
5.453705284973035
5.697121797325996
1
1.0000015662114445
5.3577918303506955
5.605683248855666
1
1.0000012776663887
5.34078065206172
5.621184056178132
1
1.000000000003691
5.37395129122966
5.62636940936465
1
.999999993280769
5.298611460070247
5.569950822477671
1
.9999998222476009
5.311235293358736
5.582042440041117
1
1.000000063068618
5.331579441783458
5.603209785960093
1
.9999999940744416
5.405889278664236
5.6698579992327405
1
.9999998112702586
5.366906226014646
5.643802970365278
1
.9999999985415046
5.327022513376736
5.621245532195235
1
1.0000002523235425
5.358198420652616
5.637161392145982
1
1.000000000458547
5.3337820346481655
5.631398512876995
1
1.000000232948872
5.321431553858532
5.636631264543171
1
.9999989397541007
5.419034900995015
5.734998061211758
1
1.0000011721196023
5.21645145241926
5.538705067391498
1
1.0000002335183071
5.389267783448836
5.70128531431764
1
1.0000000111831824
5.540265436402652
5.829281076543109
1
1.00000045348015
5.588440912125124
5.870936734670841
1
.9999999818620579
5.661768371339629
5.968881689718381
1
.9999999288599631
5.451637753399999
5.77791284005353
1
1.0000000000501916
5.512321224979586
5.831444654398787
1
1.0000000006873464
5.560821554199333
5.892364838996589
1
.9999999926248663
5.6505988495701525
5.985420458260616
1
.9999999231362786
5.761608960158374
6.107753835745521
1
1.0000000004917207
5.747684720160671
6.093612020614105
1
1.000000006602337
5.607585468687062
5.906953662311068
1
.9999993652622471
5.570324806264179
5.902675755886082
1
.999999670225518
5.657428605944299
5.980258569142434
1
.999999988844578
5.636965580315482
5.9651031976963695
1
1.0000001715840754
5.778296172194479
6.09606222549084
1
1.0000000248252392
5.688063231174821
5.999451871632363
1
1.000000570546572
5.587548160631819
5.869385208090672
1
.9999998225103257
5.623650857073271
5.887241729222308
1
1.0000000907297724
5.442689987860249
5.756886814148024
1
.9999999130168256
5.33390993015967
5.641945826738802
1
1.0000001250726784
5.340957431504429
5.626764399794203
1
1.0000003543451659
5.404701875171732
5.680303977199869
1
1.0000000827338744
5.207238567692019
5.515949456189252
1
.9999980305942994
5.184301195436935
5.506125106055933
1
1.0000005851286953
5.279082856839066
5.585390053913338
1
.9999986384507685
5.228112543474944
5.54036673786277
1
1.0000000662220048
5.38081687855786
5.658766569447608
1
1.0000009924698463
5.239249542500274
5.5259987866812486
1
.9999996632680022
5.162942650429678
5.445337626178747
1
1.0000000236832385
5.1263408703721804
5.409715331300698
1
1.0000002600437334
5.262810080552179
5.523212020383718
1
1.0000000853717308
5.287147093128655
5.553044255025361
1
.999999437758724
5.174980027212019
5.468824320955402
1
1.0000004907207687
5.053182197453838
5.346408835825802
1
.9999999908813416
5.005509120354638
5.3223348030374575
1
.9999999628903583
5.0655141238377634
5.394882916179289
1
.9999999981807621
5.152035532838444
5.484630077800505
1
1.0000000987343038
5.101497421180799
5.4398066403605245
1
1.000000130410262
5.100052162477605
5.430200485414612
1
.9999992515012888
5.069675173240581
5.396547255575415
1
.9999996797559366
5.12271593684246
5.45532219371574
1
.9999988846452977
5.230891532389152
5.532802399778639
1
1.0000010938788046
5.197061918684702
5.54208473018021
1
.9999998593648739
5.259239900516236
5.606573817365946
1
1.0000001198643362
5.236145961753387
5.567692883287257
1
1.000000200430091
5.316555898990617
5.662558038090479
1
.9999999659834407
5.245986062026016
5.576220203177287
1
.9999999903314867
5.044167334735306
5.390680142597552
1
.9999995579379872
5.0245222587793865
5.344336581501507
1
1.0000001409392085
5.002228933534487
5.287977028590921
1
.9999998717599556
4.997617867214627
5.288481685124374
1
1.000001510989831
5.067712159430255
5.347920550178898
1
.9999979076628431
5.0839942468498185
5.361449333236113
1
1.0000001784060235
4.943347713519857
5.215320065986689
1
.9999999078511534
5.088662667569082
5.38599367130347
1
.9999984940625373
5.141991101959107
5.438515736535286
1
.9999999998069635
5.344714302621887
5.599555502188224
1
.9999997489430916
5.362057594614881
5.632371186087195
1
1.0000002244469333
5.378126984741199
5.659561619137293
1
.9999993833635162
5.502756562992572
5.792849201386813
1
.999998651972723
5.402282160776613
5.670031403610222
1
.9999999378931187
5.391868903245451
5.654642984542269
1
.9999979853979843
5.394205856474805
5.6499525238863795
1
1.0000008441555266
5.32029998369815
5.580043149982296
1
.9999991271934859
5.244174913850093
5.515205629547286
1
.9999999316231938
5.333454197522294
5.59134287064158
1
1.0000001270271586
5.297266874516043
5.542894268760787
1
.9999997882659893
5.319916265079106
5.573009426556734
1
1.0000016920277424
5.231981155985281
5.467508256535332
1
.999999231171433
5.268416247170137
5.499334602920772
1
.9999999934494883
5.25475412032133
5.492830821960714
1
1.000000979720208
5.328162226533874
5.586518699892742
1
.9999993606123295
5.461639169476214
5.716295800622492
1
.9999998706925021
5.54579459007861
5.775397417537362
1
1.0000001315364613
5.495383632013782
5.7267923589142775
1
.999999802818754
5.6006109073743024
5.839846191181206
1
1.000000003440326
5.521031779697714
5.778366453155969
1
1.0000000006445118
5.48423547077497
5.758615968756377
1
1.0000000001044118
5.571913723398185
5.828918952653429
1
.9999999832651936
5.530735002245469
5.792596025320707
1
.9999999999940429
5.5607650160796895
5.8240983488953795
1
1.0000000578043238
5.517786070662137
5.796684070540032
1
.9999999701913226
5.60118833939755
5.8899728094343
1
1.0000001495362627
5.616160910008129
5.878437934833739
1
1.0000002966973456
5.599777297985524
5.8697228701965845
1
1.000000001025913
5.617309136875657
5.883868557070295
1
1.0000000000393414
5.616840404925405
5.883423774812658
1
.9999998056130941
5.7207087856410475
5.993696735768431
1
.9999998850530475
5.664613431932892
5.95467139405385
1
1.0000000253162071
5.685897291560839
5.9488514007253
1
1.0000000000639497
5.7004713818753805
5.961589994950444
1
.9999999999965108
5.835048501518485
6.11652263809843
1
1.0000000506489106
5.750475782197947
6.013041409464828
1
.9999990754814806
5.570618843323951
5.827956358774621
1
.9999999593298157
5.392830186189973
5.6705569035494925
1
1.0000003518516587
5.3821623864951595
5.634833821085613
1
.9999999341807166
5.436599910053615
5.726666389710698
1
.999998910230924
5.51067197487915
5.783152474167306
1
1.000000325107273
5.4089306553097956
5.704292075224575
1
.9999999916859915
5.432594956850931
5.716340716688057
1
1.000000029191884
5.3371704032317275
5.634788556463537
1
1.0000001309207343
5.330376926852042
5.619183828735538
1
.9999993517493977
5.4823876195937356
5.790476681836506
1
1.0000000339151824
5.711944212178194
6.030253647901017
1
1.000000000000226
5.638135397284926
5.970183290699074
1
.9999999999998069
5.6413552152871755
5.978841551625474
1
.9999999982911764
5.643275344379249
5.962356951270724
1
1.0000001215118417
5.450560387057449
5.73963333138576
1
.9999999999945576
5.405902021602687
5.7061586327839695
1
1.0000000000296545
5.185949756660125
5.46377813733418
1
1.0000000271888663
5.175511907153705
5.434978657049734
1
.9999999968596824
5.287269908158632
5.5442171048470765
1
.9999997144955655
5.400516912550455
5.663254255099731
1
1.0000006333448503
5.324650100539557
5.577777855329166
1
1.0000004344476527
5.32449548172406
5.595892722729865
1
.9999999008569889
5.308361679147192
5.612633926500556
1
.9999998578374134
5.375192848190611
5.6725028616198205
1
1.0000000055314262
5.56634281766064
5.848772402419762
1
.9999999979171905
5.5067682683104735
5.793563550263197
1
1.000000103388349
5.45233075906865
5.779465891176822
1
.9999999935936486
5.489447908057671
5.825494225251211
1
.9999989581974617
5.589062658742925
5.918850981138746
1
.9999995605088164
5.643854667406059
5.974231156311112
1
.9999999923411217
5.644712017737777
5.96889135596354
1
.9999999031969158
5.589349232378439
5.905810176885429
1
.9999999999656891
5.703716916664567
5.995356523055998
1
1.000000419607687
5.459658912393441
5.750854295358364
1
1.0000000446485124
5.424869644486409
5.715929654711945
1
1.000000524976768
5.32874572650984
5.626799208307324
1
.9999999323552335
5.2627901545306
5.555725909944722
1
.9999999996486211
5.296152230374491
5.606352281410261
1
.9999985009115528
5.55765857683169
5.893050422526335
1
1.0000000034587142
5.278073084988336
5.646906619530352
1
1.0000024831489618
5.1778012186217
5.5901878685141355
1
1.0000000543062997
5.001752382560749
5.411262292843971
1
1.0000000165102771
5.007824820595994
5.442335102355727
1
.9999999469104434
5.09634464755239
5.538226452146065
1
.9999999996621706
5.122631642742104
5.565450561640235
1
1.0000000258360142
5.3406805775478725
5.737054098320285
1
.9999999966442674
5.285552015602123
5.708031048833757
1
.9999997300307335
5.296303506444873
5.720501325529962
1
1.0000006435817992
5.407479377079865
5.821935830410842
1
.9999999766914108
5.446275668655527
5.873497130450491
1
1.0000000420867128
5.5124557678465145
5.916077286821117
1
1.0000001091319437
5.315591589582155
5.756232620041079
1
1.0000001790277686
5.300502777939668
5.71592969352733
1
1.0000003299479598
5.347271717245384
5.780056928507641
1
1.0000000088024752
5.465959006177662
5.900965404359822
1
1.0000000408840557
5.733968826334082
6.1636596551122445
1
1.0000000001491032
5.811488410504648
6.237869614946173
1
.999999981842835
5.821567790246481
6.248095270751142
1
1.0000000004655156
5.780257094210939
6.210558334679341
1
.9999999107077382
5.678851347879689
6.132762675059496
1
.9999999998389167
5.754878477412095
6.218678978157638
1
1.0000017894298219
5.822797407415363
6.277369930461755
1
.999999917771746
5.838620964914821
6.2633084070809755
1
1.0000002029604937
5.703729437390079
6.142672691052099
1
.999995844635447
5.59386406263202
6.0195436427102855
1
.999999946421998
5.781214656247791
6.204299559025449
1
1.000000103710532
5.658610527713099
6.041567833132337
1
.9999999960142794
5.749537407456035
6.10500688651492
1
.9999999790835353
5.6619546826966936
6.046244872945923
1
1.0000004364878115
5.762626024660418
6.144254181376881
1
.9999999896069001
5.844214162779496
6.215234373521398
1
.999999798450245
5.900244628768706
6.234668125779855
1
1.0000000002067841
5.986345540361012
6.3090120808497065
1
.9999999999969315
5.8879212316281
6.219026015278605
1
.999999964436936
5.931153647012882
6.291794597925151
1
.9999999854595146
5.814754909783337
6.190005662065596
1
1.0000000022796922
5.564608872196994
5.967940562626316
1
.9999999951192274
5.586979933835419
5.99610405862855
1
.9999999999049634
5.535053073317995
5.940374599106147
1
.999999992005782
5.603892975810622
5.997522834344308
1
1.00000000057206
5.644008281121792
6.090957682909701
1
.999999999988978
5.5814540466700855
6.04604289913288
1
1.0000000116146366
5.71214896160699
6.135100619600997
1
1.0000000801877291
5.664496156552548
6.108145330273986
1
.9999999998401179
5.682650023806884
6.130669320645546
1
.9999999838579618
5.539747676126042
5.9923884500333875
1
1.0000000000796265
5.405133960716582
5.898801195501369
1
.9999999999526293
5.466878271640511
5.957980403553027
1
1.00000016114466
5.520546464920404
5.955205991980997
1
.9999999897693888
5.374782235501442
5.85411999838636
1
1.0000000004670804
5.483514115217247
5.941078102388674
1
.9999999687758933
5.538456111808854
5.9679232684495975
1
.9999999984379505
5.682349942825004
6.083930115046179
1
.9999999809967338
5.880877075515233
6.289943396202486
1
.999999916132645
5.703125398096468
6.105763751939112
1
.9999999999979617
5.733863499442863
6.131523143844845
1
1.0000000003203195
5.795493730674113
6.2064265480359895
1
1.0000000043474317
5.8387639158071645
6.238961643455052
1
1.0000001763745412
5.950290681448928
6.312101300334685
1
.9999997952243097
5.796378215713327
6.1585719379535675
1
1.0000000000306593
5.876276738860289
6.253450568647857
1
.9999999998453558
5.925756598306291
6.278396831986971
1
.9999991338654151
6.006654247508536
6.317787241683638
1
1.000000002904761
5.945078141775995
6.265941256338635
1
.9999999774412895
6.045304377670671
6.39009260927634
