0
33.3326257852364
20.088104180578213
2.0286530903625923
0
30.13568122743357
5.289501052651632
.6431157642017014
0
32.10596983271862
6.117316115692397
.35732039512146496
0
31.93797985898725
4.246294163291338
.20883483649482637
0
30.789152491389228
1.9824509188169466
.211577984528323
538716189332517e-30
31.49736168036286
5.573505545868625
.6474914228770159
17731709357455657e-31
30.37828722755072
6.087772136343053
.6445083870270086
7767586135578004e-30
30.829553067477054
4.588696759490437
.7408256428299526
69281730696534536e-31
21.171732577419437
1.2391579859394775
.2327842695726639
69379864784492316e-31
21.642755120072987
1.2904922366007558
.27622263010242276
2890208598755538e-30
17.451627800276942
.7542956380158592
.16317421091074957
8301293377647925e-31
15.395970260581423
.7810655112782796
.12327434719996543
7535494974204652e-29
16.640424935180135
1.4387477130790243
.27189642321245205
1815666250992615e-28
16.210255672951895
1.6706785652585747
.47157879927271856
8633331241408663e-29
14.974231558938264
1.2410288660693232
.32965151691191
578695032423342e-28
10.507518613570221
.7631180393117322
.22107142256775172
5946441389667526e-29
10.172757506024126
.7208509437977754
.22281921310984415
6174906990368502e-29
11.628030271574517
.7511090976573055
.22697896904409212
613170199142067e-28
13.049851996107202
.8552814123482396
.21947813184704507
7562289128369174e-29
13.81136389886361
1.0109423490450395
.2745258173653835
11714832925586228e-29
17.54624766312529
1.6295995138623522
.42625479062451277
25163651067587046e-30
18.364662745959997
1.8235320287701837
.462543982228697
11772011570186959e-30
24.38596359844855
5.01948845237709
1.0537355077568937
11386234321913779e-30
25.475966399468092
5.3207424225670525
1.0381888283249705
5999488956048036e-29
23.489572800822504
4.830827604743352
1.205796187303472
3124464009392017e-29
27.904043620082145
9.596116319352157
2.1392649119636427
4796147037441529e-28
27.42986705516484
8.183955848282244
2.3486397767934224
4071837866902124e-28
24.6550343995904
7.081847574489941
1.8785625803063994
923324940863282e-27
29.21470101322699
10.847255779217386
2.8903584594509
6664217620607123e-28
29.63943403013686
9.730565764570134
2.291431809350258
37518873112885733e-29
29.002357411328926
8.422442168017874
1.8755293144069114
17485425447231133e-29
32.57621621521906
8.51517084194562
1.8052864715114396
9140534519289119e-29
25.57184441623233
3.5737003484361027
1.0031856026398502
16493741308723656e-29
31.795207666918245
13.188324598325435
3.5633698462032757
3254554555329189e-28
31.88905493373135
17.736502514166872
5.050142249567465
867525178202861e-27
32.85995779612132
19.358342499819866
5.481558929105171
11221399041322006e-28
30.552860066739136
20.235001119866574
7.550560706756988
15840494843770875e-29
31.840719984298044
19.733500377354016
6.241182515441756
8554881477028295e-28
34.264891781511714
23.190710647955623
6.849241801490552
12832876768468388e-28
33.29329477704692
21.23508776407623
6.779941716882304
2115109571861484e-27
34.993252653831576
23.031576561395735
9.76779682835475
2531653997459837e-27
32.41973421667686
18.64021675153206
6.971091709917504
11830157842377488e-28
31.591815444658653
19.6728024755757
7.246185902232452
10993809396815916e-28
32.72854394838336
19.51539678186778
7.329376682487164
11998199388462805e-28
32.33049824578264
20.484930552067144
8.508075970891035
13108056150054255e-28
30.542069937377224
18.165914211948245
8.024716965134902
3804812489867782e-30
30.257694780768784
15.33910440462618
5.2723712986858935
5722075080968273e-31
28.671456573530136
12.937084359589381
3.7764765036745334
4892129574683237e-32
23.54232182567904
5.1283269517059695
1.2226099466788027
23493201526090276e-34
26.60227247526656
7.254719895039852
1.334083320300959
70986807217372e-31
27.93082491440367
8.693369624899665
1.9802897714931489
6940873106455453e-32
23.197682740868625
8.74608611463995
2.39072226205127
7795191738954828e-34
25.492096827158573
12.38643580285659
2.785475625367434
24803323353123882e-34
25.417523374567256
16.77325352051514
4.2921979048063115
1968035012912838e-33
24.871476727448545
14.546601025050606
3.3860695109477534
2105369922300014e-32
25.111506978391635
14.82101764107642
3.4950263061788784
15698455036009871e-35
24.443722008724183
17.366938256074175
4.185381698777832
3833689626413169e-26
24.436803696276623
18.593345731027124
5.204199400235117
4630675694426786e-31
24.802584018640474
19.931715510163368
6.241142072139733
2824427498839696e-30
27.78718773283202
22.970686865274676
7.656246360992544
8875278061717414e-30
28.540601127195565
21.024421695914274
6.679838162262515
4324485460878186e-30
31.00832311497326
22.839666488183756
7.2977263653644195
1991042479439872e-30
31.296054203390128
21.911536035678754
6.796144196985625
1215560226528201e-30
33.87185024547831
24.50380532848802
6.996584416207202
43919225878281867e-32
35.64830356273881
26.725478993638664
8.455763339503038
37493667247828385e-34
34.93575576919908
26.06209508668832
5.908848770585937
31984901510519613e-35
35.053832645317044
29.225132925124967
7.992160731074407
3469400250979113e-35
36.764483588235386
34.11910096926023
16.11032282683706
13781148534571502e-37
39.46190523825636
35.23570510933454
9.793445378403183
17767076320709665e-37
37.09228121850703
33.89542093431198
12.889570233060635
16859535049225466e-38
36.36105509515954
34.72009967195386
19.795315996867473
19052875167285052e-38
38.20354904240659
37.01925500210586
23.122244683244812
18904707058403686e-33
38.770753708052546
37.32037398842067
18.99034278941053
6081746652218984e-28
37.37081022314932
36.182327028722334
18.803389771813926
19560382910335083e-39
36.69747201232436
35.34212089470114
18.19691382917943
5637064548060036e-38
34.75453461815422
33.94258397680912
22.199050051818915
24431326560822513e-37
36.79588841849394
34.89990939600365
12.09390533466432
14927268741807002e-36
36.92650439071786
33.03429856528165
8.324866227135445
5199736808749357e-38
38.47218462463797
29.971729390001084
3.172214039238006
9519202997000061e-38
39.262661370403706
34.42093165015899
4.929795011358163
3292206481991004e-38
36.70737007359723
33.20160028537079
5.272866967473323
10921176090900946e-38
37.72306023871094
36.25564638427619
13.552036038703868
21308391220075924e-38
40.27559197644465
38.907308653196196
19.139933405630675
28107965590675636e-37
36.692915811847996
33.97536579963123
10.095717498922909
35775141960478274e-39
38.889325969803515
30.932620042553037
3.3893354351893734
2269469082735204e-37
40.644107063169066
31.248443074668913
3.8803746168795192
1271081373097769e-37
38.65583258887846
28.907283326790832
3.2012203984584935
5373613619012567e-38
41.548492640579845
24.42384141389621
1.695957597655319
43430607514757775e-36
39.522081306493014
18.1038400184208
1.605141163430116
9859041402751466e-35
42.38520677889269
24.424867946795235
3.247942673731801
4330680657333278e-36
42.848734011237084
23.767486544349467
1.9401586045424912
16113340561570987e-38
45.653322467306964
23.4644067901045
1.7517486858339884
5478168249903758e-38
48.13566007676702
22.286003979528175
1.3881046601802316
24582753738108257e-38
49.391615465948185
37.68618948568284
5.550235691168893
2832267083081928e-37
49.665520108681584
40.83139299149626
5.766173536821984
8705195863107695e-36
47.00643825197878
38.28223668570785
6.260714693702328
49891398878858385e-37
46.245396329814504
36.113150957536895
5.096171935346947
12354339402686048e-36
41.660784604131756
32.82027809530631
3.513894824060896
7286292344842019e-33
44.06331036002267
36.09603924811536
8.660123316664173
4504196656494988e-32
42.50781218761094
32.169740206329564
6.049438992692043
7990548998167257e-33
41.58130987898201
28.367026314545246
2.7167639523831486
1280901085097676e-33
43.56147727429458
27.674619696979406
2.2265912849240217
7233068674241558e-34
43.341918745316555
27.09990351119309
1.8167209822984076
41477760028694954e-36
43.66889918583701
33.01275760174927
2.795738748122672
31465807622399316e-35
40.873828227777715
34.05488323195674
5.482686909487703
12079356778383972e-33
42.78654902122154
32.7816318090648
4.168811906607247
4547234961803758e-33
43.75426095081538
31.609215848382977
3.365229143477736
3625019853487698e-33
42.68072899244964
29.944308125421742
2.7753692871350375
670456388772433e-33
44.067767671274005
30.53626163904608
2.3369433511678004
29486776173981074e-33
44.13876802175518
28.131374695876403
3.202520134700354
22491910807747484e-33
42.48430152376108
19.17423694099241
1.8634502059288547
7697232703568727e-32
44.699705719736826
23.743888464482414
2.696337291905444
338295961718794e-31
44.764743828382336
19.988013990560813
2.1529685216381216
7392550721837462e-32
44.112645490167125
17.76036413678584
1.7138749224038672
6647531957028204e-30
41.347060635845025
20.528679724128164
3.5188724496397996
12303847054078052e-31
44.8959733392576
23.833819463388934
3.1270262716060757
3655839376367333e-30
43.722570246307484
22.635303053265694
3.604333311724459
1366276940784132e-29
42.76751136501638
20.614659692339508
4.031889221122937
6279948057806548e-28
40.65497216363701
20.567455739674873
4.622184779620673
6046891130087133e-29
38.383382519478204
19.8408909668676
3.9103864223786102
809743849001462e-27
37.39252032370663
18.34165678184552
4.917271998505335
9328923032109778e-28
37.36705882886897
18.26919221635972
5.172215258798561
8713602900439921e-28
41.81968885322604
24.998267633791578
8.224210306053491
1215587256966908e-28
39.926736835133426
22.541817425230537
5.309075675573728
2874110901688666e-29
38.29157807234134
20.4454436230622
3.8633730218974502
12176090203139263e-30
43.75183774454101
30.426545556678164
8.671032375603207
6481399737732815e-29
43.11308638551222
30.06065900786099
10.14619749473554
1178159915515914e-29
45.388051004695505
29.13183525171682
7.592866325025968
8433731570575073e-29
45.84179280705357
36.14440764451097
17.370383411821248
7724535722654587e-29
47.60024690052301
34.06741419507059
11.85055546835651
8984228620343382e-30
48.4036743163264
40.957286924022405
21.48285172350059
3338449393715426e-29
47.63333144637434
36.96365211489559
17.689844608030377
18063091673727394e-29
43.607416722944066
31.69779443944694
14.612525329091111
10104680728164167e-29
45.662073944806686
35.226423122197495
17.293600985232544
29595480995402444e-30
44.3906856085849
29.830586601700848
9.219799153328708
21277727554706688e-29
43.76140874249342
37.40417237031697
23.41322558224622
13263234291347535e-30
43.55975946022842
34.68660088820807
19.688235700629164
6563304059663321e-29
41.99608556275711
40.0598089947653
33.89389515987152
25565761177573692e-30
42.58928459178068
41.449046917595325
36.26494698108191
1081592230704582e-27
42.38897244553439
41.5971485394372
37.82030900743711
14793856880013617e-28
38.05475941089365
36.31346174270574
29.58241444450226
2471776983310691e-28
36.78699379942289
35.06522061335283
27.793178064686117
2416590768867364e-28
36.25795665309562
34.22482529871611
26.517966867253012
28822175714293206e-28
38.883360787696596
38.11403564464325
35.07238373341265
7585627651987449e-29
35.41796330213104
31.653524568006084
20.33067666020174
12808433766183611e-29
36.04198538272534
29.44633406591764
13.067801151021532
8390994036211248e-28
34.917598610580036
30.841990214233284
16.248125331481432
9491959546934558e-28
33.92895547609847
28.878621385969854
15.719409145525676
16704567318010942e-28
32.71102230332444
27.11067433688836
12.642683682468794
18334421210791485e-28
30.488231896594776
23.295838257966818
8.47289328567562
16433057303657536e-28
30.15273657689557
18.344207116637108
4.776976876203635
14902966000648366e-28
30.287717297209515
20.343170748646497
6.318055716999537
14530227602054094e-28
32.22309722983514
18.251515746565957
5.413170595386237
6091894655160134e-28
28.08666877499526
8.810030216578928
2.399615882571703
5286302481047976e-28
29.19226148260679
8.23914523185316
2.0688384763888017
972501846558099e-27
29.723984439555455
11.53647366243351
2.4193002458549357
8565133475774124e-28
33.1845722774549
13.997427053775766
3.0198531691131483
39111191771439667e-29
33.842909388345326
12.784878117310058
2.4719870416723655
4233490153385585e-28
36.318871137839295
18.585379528510817
2.9837011801012157
12598387023965825e-29
38.30426714013432
21.751320142571128
3.009420439755114
2978162689415179e-29
38.102127362464685
26.75153392777287
3.3389039189722522
53591042419582264e-30
33.71848390762364
21.965138134419043
2.664630927351134
2523098566253891e-29
34.69826055856151
23.864993201940024
3.1440469120716408
1549063883408134e-29
33.609452252894876
24.22312643437658
2.9861813620991136
4519734182259012e-29
34.43258117784934
29.414613402146173
4.992919717151943
7525994708080022e-30
30.70447882042177
25.23467435908986
3.481135170564932
723560679414227e-29
31.46296829554806
24.711781830122085
3.3697609667239794
13571497368532483e-31
30.798937700804984
24.556992598691917
3.2458601646805527
7567092095361462e-31
30.11316029993666
25.651167891775977
3.595330711000825
8882950481510571e-31
30.674057981346614
23.863458416462144
2.3072407625552818
20484577393406434e-31
32.808016256606905
24.53667550605903
2.624628110890622
9782968372388195e-31
35.41191538483157
26.925491025498594
2.6259629303591256
10852580509145489e-31
35.206097661192686
26.34701510614464
2.568367972558806
8505800346358492e-31
37.14520380247451
25.55127540141489
3.1357066950911228
25858802347973007e-31
36.467924782638015
20.81383427453811
2.677380054612766
8352884699793407e-30
37.178743428464976
22.69754401071872
3.484288495685833
11119468997002681e-29
38.94477543256662
25.306227598691933
4.608047162324072
22459133382886475e-29
40.51495773708572
27.403551119210462
5.1492134619393966
10835870087316328e-28
41.95361984158801
29.411989781093062
6.961320036350162
6917135393434275e-28
42.14580186181066
31.56029355316233
6.991090853773929
13861189792270268e-28
41.698686408013266
30.80256266731538
7.221478240454431
11737022644794903e-28
42.830601625786315
31.62006309553772
6.6793191631539415
41877011350915697e-29
39.98178777102246
24.208580188762983
4.002073310950935
9673289066269791e-28
36.93306276957832
22.68892651753798
4.707134309727352
4271982988392e-25
36.01538824895064
25.569166936239995
5.164781921722927
114816651782937e-27
34.329437419871105
23.187349232318752
3.793973445089052
8516398395801112e-29
33.63342190883807
20.08756198986162
3.437192600333954
18265499637360607e-30
34.58133922522468
22.97431716107006
3.037226248365856
3956548082357355e-29
32.790319370615414
24.246877389696376
3.51040271154383
8242748399021567e-30
29.883698240082
24.020470110418017
3.390941852508583
8728044987305803e-29
29.940398497497288
24.748447572559634
4.7971813778911745
20219497452842263e-29
28.777900538579757
22.221661072810473
4.507140930068566
18180869972359477e-29
31.602232421996355
23.6021142174759
5.114177900124414
23431338145768094e-30
33.291414723738534
24.04625060146334
4.135194776775931
12230497474364438e-30
33.76389056113452
27.124917173888583
5.655038415292071
12527953100824161e-30
31.809995201194734
28.2977908753976
9.24262388739344
18104049780649576e-31
32.37899060958726
28.91190137042317
9.610496535431958
33364085899089745e-31
32.29170486184314
28.23067736737523
8.328659970481036
842082624462129e-30
32.02961162437221
26.815051459358106
5.14596425564142
1273818438153182e-29
33.61483643797627
27.074160606352347
5.905799732626614
51334506868978444e-31
31.818798576303426
21.640191069918153
3.72142915046179
4892228471302869e-30
33.203189402957314
25.95204054741968
5.5770785797045095
7131311781968621e-29
33.6299882659773
24.158456649618383
7.561730265824844
13821557622139894e-28
34.69099019948829
26.451269496477202
12.354171239331714
11288157890299822e-28
33.5583765702644
27.023532597670417
14.386448579579058
19582038070542176e-29
34.78927851887366
28.96704149030393
13.366769671210202
36964089745834994e-31
34.702425566713536
23.65899187637417
4.464988928861963
39936442802607344e-30
37.771507052977164
27.43034308133014
10.554247191128942
9323117834134208e-29
40.06042587694502
33.11605239711747
17.235571265160022
25032110018315857e-29
35.374880842218566
28.07877893842159
15.695232180957152
1227281030545072e-27
34.67913851889602
30.908536635573856
21.746257506174555
22931629497737837e-29
35.18819063228752
23.380850962585363
6.753287754742816
401992193962447e-27
31.07676348021774
21.192139893780364
5.875734871028628
23829903810567826e-30
34.855131662214745
16.73251103025485
2.7562576134547174
5784717963356902e-30
37.6012596517756
16.627663740946748
2.4069121215060894
13599487033837841e-31
37.116284218554796
17.816302420857838
2.328018496221519
35251854794699254e-30
36.38355937853826
21.316592072639985
3.8600696942437382
7931636110189172e-30
37.38333629278272
21.005865775087088
3.334086221537759
889558512419172e-29
38.421800173081884
25.25668126557766
5.0963045190216905
3390240811377067e-29
38.95525316014867
27.386269529080682
8.947930561171278
8449324613420942e-29
37.8328363822137
23.462004340317172
5.846510977821925
15225380208726102e-30
37.028783430916036
18.346495215986106
2.9230747486149817
6082266233559915e-29
38.43373448438294
22.8610832424841
5.59580179815431
48261779496689926e-30
39.693204491102335
22.098872598226652
4.82619788813494
1206337939426794e-27
40.262810007487815
22.048951171044234
6.276194272372569
11510666478604269e-29
41.83194288258975
23.500988203489445
5.269326016421376
18014803185177007e-28
41.298236295309785
27.20212573566545
9.284176193552781
14147745416462873e-28
42.221734381896184
29.40794222662193
11.296709434500409
12749754669908876e-28
41.11890041633045
23.2464849104778
5.4763932073671295
41634880687540323e-29
43.119041793452524
24.628054917238366
4.7627551399869
6322592376495735e-29
42.81361151014107
21.89137248217379
3.1578700664968533
21903997462274907e-29
39.78296933461608
14.676371737484503
2.2423390952180178
9508436896742211e-29
43.030550158093725
27.505053434832384
8.924806951463653
21958284068475832e-30
42.06457807769233
22.512485970364466
3.7940744108574633
31664755672128485e-31
41.77796017512302
16.955356469806997
2.3077472908457444
1216760192029964e-29
41.520811931933466
12.906367778133706
1.9138778412249455
13224486934837063e-30
43.01360100727325
16.528872219744816
2.5931013820566307
8733278477431479e-30
40.35263501028398
12.314743500931428
1.9261991649483667
12550044714641346e-29
40.63492508936528
17.01475400117211
3.2303216331042783
4377117921073113e-28
37.3719036213969
11.907020097472381
2.7381558884290276
1907837608397053e-27
37.631890824637715
11.58612388997031
2.8802570999175807
1761059391597716e-27
38.02949672325119
11.96725642172713
2.638339343426833
21382113296178993e-28
38.115462894064706
12.486097729190803
3.183226627060407
14227198126424678e-28
37.121515591352875
12.001356904716346
2.9509769304174043
810066590872308e-27
36.10140495119142
12.49797654440373
3.0203214536944687
16847434255303996e-28
40.9920223255193
16.43068482120808
4.1335476304421315
15700133560017755e-28
35.94548205650103
9.43351226015146
2.350544383869232
20064148310749967e-28
40.816253051297565
14.86584059955483
3.714381119884274
11590137782894912e-28
37.49072200549843
10.315656842166915
2.364437403409792
18687374744667538e-28
40.78068807414761
18.41200236573451
4.5399176859711
5190956574144423e-28
37.66456617176502
14.992422099547122
3.3055982977250986
1485177796489481e-27
34.93395660406779
14.286891876699082
3.604578110554721
13754009950497469e-28
33.92646884145636
12.351595716244958
3.1274180003728134
18949477406853013e-28
30.75279392765126
9.94257256543758
2.570111411710394
12201663157958609e-28
30.848674827965734
10.368993363413193
2.6864748998245096
2327993916338207e-27
33.366645119245455
13.964456856939359
3.5901898189662327
25740622832727413e-28
33.16498669016342
17.595589619153813
4.593279144379491
25173222851315106e-28
35.21990868917341
22.942611169513214
8.008474172626165
1821982745878296e-27
34.86222745170205
22.265175709599983
7.180423778454421
34496220941821055e-28
33.972945040869924
22.669150379305936
7.471820941049108
19015225324797775e-28
34.56472585544337
23.675593417319178
7.671295351694426
2695687794578561e-27
33.70330874132192
23.041570268061793
9.734087309927105
2232098503399038e-27
32.74524684402773
22.109408005706477
8.897266151697599
44431454516165435e-29
31.603811758869032
21.657617817763292
10.34148039522636
8177451235453445e-28
31.626579476714916
21.665997967317946
9.733576240583
18526035614064668e-29
32.09500424841973
18.99272616987169
5.666477141694415
30372923928495754e-29
31.09739906806521
16.407720882807816
3.882638306108366
1372627638908482e-27
31.99234889871296
11.265977083863575
2.777360884598753
7795712268169828e-28
33.396512406870656
9.53453243548946
2.402858637142612
6873441267683237e-28
33.28191280869608
9.137181693338778
2.1855636671600975
13220434082042904e-28
34.64618382722746
11.592540068235524
2.754135127261866
13880432734684655e-28
33.05723056362613
10.130757397314879
2.748633182318211
5614425679179757e-28
32.417303333325734
9.267415446361344
2.196081801588014
5461947185400176e-28
31.738536014791094
9.430868689680622
2.439344814104255
21313972319151328e-29
34.07017933535444
12.72579952725499
3.031779513471133
16439837968976064e-28
36.04824030997638
16.73771318896069
4.644995586529985
8606912806147316e-28
35.67663135983587
13.25699607619464
3.2615598231196405
7227011248338498e-29
33.271257791002675
8.679971451025049
1.9606389276664877
472319898294366e-27
31.278740291902178
8.614824477086124
2.191086906789182
11417903130813094e-29
33.358707357098815
9.738703773961454
1.9827747810159282
10639093680574574e-29
31.194044813266814
7.977834034828933
1.6602056631086624
8523968411002084e-29
17.636720550761375
1.8540919721021027
.467328999158955
709715334879676e-28
16.434836607658127
1.6946173857334073
.4504576203118481
3616248278216006e-28
21.805571753790304
3.4001127885775126
.702030331196523
2454958396115227e-28
20.412139381711906
2.6545481146264986
.5359863267799004
2920228174407973e-28
22.380766254784277
3.6096041168588653
.6535700051329716
28250265415700224e-30
25.385736076685237
4.818269072867
.6681253523289737
16375002021392172e-29
20.408667123031357
3.824037958498981
.5559051667623096
5259384785475583e-29
20.065794297121545
2.8680360146492183
.4195467071880757
9452901665487648e-30
20.584681092215074
2.0730710807698274
.3367908180719088
34111040121320613e-31
19.223700418805205
1.443757051790558
.22189434478271722
540043899992067e-28
23.38841360679103
3.1294097421530047
.5356659094370028
8364447162532352e-29
20.143006505107614
2.8352814685503995
.5275279566691983
5067659074845822e-29
21.608219314802206
4.653441730661733
.5808924815066608
2939544078218793e-28
29.998847200498396
17.647194172000965
2.8778892241127974
2371863229798858e-29
31.370604699383048
19.36953123191209
2.1245412693968277
3167043325311325e-28
29.64051169101401
18.100920956126956
2.9412777890381627
14261339312647171e-28
30.335735753706516
19.934884904913137
3.7651228584617127
4532028996284901e-28
31.760991353213317
15.283735972950637
2.6277867436503737
14099331210142664e-28
33.87309757049597
19.809571013215656
3.6370215464973743
25004193773346644e-28
33.94525680064633
18.62805337821612
4.080801190930964
21827129094826965e-28
37.66095510960105
24.52196070522946
6.852574632266904
6363476393877709e-28
36.418591337186115
22.491775231229123
6.3256809440290676
3597187438002133e-29
39.75518485584015
25.853431908197305
5.786714657663345
8175633566532096e-30
42.889995234460656
30.171199516613182
6.324104952758
8825434434370057e-31
43.39540174823955
33.96293602485828
9.267855490345314
5356144997015483e-30
45.36340361360301
41.13497352615633
21.10959064106115
18060678882484304e-30
43.799369379387535
42.02714457251689
25.751618461329578
2168158316390175e-29
47.159947046036535
45.47092821897425
28.977967760196897
10620370475377166e-30
43.81621407704345
42.12882196162011
23.578668088291433
33169940648879217e-31
47.10069530184933
44.998660928814076
21.420390170033937
3274545166610457e-30
49.51620413839336
47.39901369519782
20.442429051930358
33959732244094805e-31
45.961087127057056
43.640396789470756
16.30902917257798
32765539442308228e-31
41.212363516126125
38.52816321048145
14.639872689770696
27677836583284948e-31
44.16366072942176
41.888100463448254
16.973711992947095
3176884107320179e-30
40.4689752252314
37.92512478836918
13.359652946141598
2625249689978206e-29
39.11157484625642
37.01048362847823
14.35978453250857
11562807598287703e-30
39.43065195553322
36.63486726671689
12.735431302226607
38259271324517165e-31
37.95125859130751
35.46947028866162
14.51599926471845
16717686917769565e-30
40.029428454430175
35.824355398270065
14.436238914766019
48526277048356906e-30
37.97578056881079
33.03731738937424
12.113563352704261
588933193922386e-28
37.35085396850123
28.80073936529629
9.176138316890295
62764230207529226e-31
36.43543260728934
24.94405376280904
6.374520133894476
14335912920379526e-31
36.80998909560775
29.935682850861085
8.16789439989053
9023496546463572e-30
36.55670417911816
32.76285840523966
13.240528483260178
2177996124942973e-29
33.161988956611516
30.43604056004113
16.142283314820023
6285071634723166e-31
38.53798411902203
34.741428352500456
11.029783881998627
4893291398100733e-31
39.70649196706486
35.71487020921368
10.389513487445592
23694163956649097e-32
36.634430924722984
31.85058394379203
7.993301411472305
5597340874155665e-30
36.51259930457332
34.41619270591922
15.193860142996346
1166001969382964e-31
37.7726567591545
33.658636279705604
9.776302927762515
1135360165137223e-32
36.05500404737578
33.0373867202321
11.942915830411446
52619895223626923e-33
37.0492556004855
33.27731997955887
13.233688309773935
34024590903879677e-34
36.191578210203915
29.612407591503576
7.321390289292548
3138855594130604e-33
33.078115402852674
25.151439081276965
5.290657361123886
1377242289216656e-34
29.413314949941327
15.56432438063206
1.677843051566856
2172796236534742e-35
28.74523847219736
19.628477491119224
2.0954614351014302
25686182052832874e-34
28.309453534504435
19.80054520079741
3.8304182444697514
19541926882595113e-34
31.664421159528473
24.059680158341983
5.317268769075373
707788187516374e-34
32.41254286418235
28.827772899239633
10.751428285360454
78056463229914e-33
29.80049669943731
27.07294952962633
8.35449659260672
220000166831215e-33
33.946980583365374
31.652356673794166
18.664626736707238
8042396014406233e-33
30.975913315559144
25.01285191275382
6.4532904708371515
478820821060169e-31
31.191999541670466
23.327508266367673
6.452855342607153
255010179376313e-30
28.248810572216364
18.746986091821192
4.73088937379467
17681599539770481e-31
26.90800375038628
16.939883985252248
4.178272220044735
4973507966489447e-30
27.821587973271583
19.764587234317375
6.621730156461168
11270324550849329e-30
26.26544158067634
18.387223422222682
5.391044341517543
2986345515462173e-31
24.602584150563423
11.732344826040185
2.326060707969032
7904694448848705e-32
24.558984464204464
7.404878015336505
1.386059096391716
2246375122741513e-31
25.610744144453108
6.370106459471554
1.325377811737188
34843135481198346e-31
28.83269593216936
13.171180867490056
3.194062459934417
59569024159578016e-31
27.11259447380837
12.444108911502953
3.1895244268853142
20840029255975895e-30
26.26834956226349
8.347783593910341
2.1038017398516407
1366066148858558e-29
29.167616291845032
9.21065376337495
2.121014717841436
16355732071990337e-31
27.524886327230874
9.849797837041097
1.9573858470660004
8294329210129095e-31
28.15692743924108
15.920941300372915
3.2810274471965593
13345529675160603e-29
27.272951961616
15.342942833356435
4.004450997747407
11094429844469574e-29
25.91809409804613
17.834576201884698
6.051652513200555
15310345542452398e-29
26.13624925070536
17.584514846276104
6.628829974032375
6554227340764956e-29
28.010911072342502
20.065113570722385
9.981422422113663
5492038980299784e-28
26.21527685467118
13.677664711741732
4.123514008902083
11429453640660008e-28
25.62464846449002
13.896614664294262
4.6614992728304285
7652417995328857e-29
27.540187981780118
16.05236940111572
5.188316664718626
17201338501664664e-30
26.931205007389273
14.981525586569566
4.200362833405889
1570843921339512e-29
30.81062574793073
19.95601050572807
7.788783712462806
8605634790799835e-29
27.583149676170866
19.350933218222195
10.221148814495582
19856020352021556e-28
27.563409375634855
19.51564139427395
11.190402449750302
38358417807354855e-28
26.622977979763345
20.12488413385718
13.125972299282271
28663657791473806e-28
25.996362743583695
16.387184059813315
8.252454543815617
3337212245530869e-27
28.92715213393334
18.306963738386454
9.400049362924785
23015037087762675e-28
31.479705522100154
23.97360166375499
15.997604555862102
11369921241299187e-28
32.34324052770369
24.69217234636231
16.199104520018835
36058260924619547e-28
28.922726630716117
22.680107624251118
15.938456350329352
4149416223540583e-27
30.66580563442227
25.60901283237985
19.54696870120969
16238982171926469e-28
30.182745838060438
21.735992961121646
13.405342595521066
8504680923631157e-29
29.739320307466166
19.083993295272368
7.99877031885022
2988353196101629e-29
26.566180003320806
12.41513887782112
3.0342543768276053
7356343068998213e-30
26.036849952017747
8.735496532822433
2.1613577820772103
6385033999178922e-29
26.46855881654844
8.956026764074155
2.2855425661465576
15771311111311268e-29
27.005474045018072
13.660069672149483
3.4103491102207055
5591499201972124e-29
25.73557557997071
13.652172791292527
3.383768307735777
9615464946182371e-30
26.562651254930202
16.74013910854229
4.21653457534303
12258312265663762e-31
25.961846164245795
10.1051132947365
1.8847055081358757
6534087639367439e-30
25.60335747807879
9.921239605660555
2.1696109103264405
13846302509586839e-31
26.395123702904538
11.887696896301563
2.3131038985482917
5870296840209377e-32
27.7752907573483
15.393657762012012
2.7218193710131366
6258764234544032e-33
29.671328969577797
17.7486696902266
2.7841378807138795
8375300181133058e-33
27.26898209249272
15.744375170594957
2.402499777358134
24994295781819204e-33
28.44915696696204
16.41268400720725
2.7856468030735964
4246215948885257e-32
26.26703891867238
16.379308984148416
3.3803861669677158
1582122479053054e-32
25.632105073023276
9.854554748846201
1.546813340120937
5915169701897615e-32
26.607124467364518
14.48131521236549
2.6702010775960536
4112820690835408e-33
24.196104632507854
5.875474167229182
1.0331880401938716
12817421076789087e-33
25.681241183130602
5.532189238113849
1.0763818851946394
15218665027782453e-32
25.26521407605566
6.97724446309681
1.4385265936737353
5840384081355931e-32
24.460164376408446
6.780318155188801
1.2894061227306315
28461288520881174e-33
25.50775690589724
9.409342569310978
1.5317334092900625
31472095601926286e-34
24.725852965756943
5.775267817211269
.9680309595879377
4060795779638405e-33
25.084945258587076
7.3019234202506125
1.1145111465369038
31583696055048235e-34
25.383155600527573
8.133181463553859
1.1412396529761655
988163611423706e-32
26.367704223553478
15.335612846504883
2.5581851617475384
3298698154946004e-33
27.42819397653602
18.37489791124708
3.4416219400432384
13356272623759889e-34
27.15533050342986
20.934149274038642
4.991769629428106
22022045856830915e-35
27.340058362701313
21.549928976905804
4.043309167716465
6094990894862417e-34
25.5195763835046
14.661336925960253
1.8348362756075203
5517310558854982e-34
25.906432780765737
19.01276036308359
2.910264076021456
4368247838816893e-35
26.497135036817483
24.566024712729245
7.3764961804345
1123472263175378e-33
26.90139838663471
25.275614627612434
11.14177340334667
9997945686149319e-34
27.8125062452927
26.05274311215811
12.700219348552544
2547977634929109e-34
27.72138758792083
23.851500111645183
7.1309451510038295
7792816958797074e-33
27.636278450370906
25.983592945480954
15.094773867675984
22015375379850292e-34
28.75195788877438
26.1267194224241
9.007830274013473
146167452949247e-30
27.575512169834987
24.58481826928186
9.067296417806428
22597345133532264e-33
27.699005550792233
25.524962816888173
9.575759254687828
16363763213175757e-32
28.684785614950563
25.74020153278594
8.908780303971971
3092966302607406e-30
30.34917702095528
26.589994955115863
9.60799474168602
32275995348490754e-31
30.26506713474328
26.898155363364367
12.502337841736955
12258709711796718e-30
30.696906589646204
26.042337802233916
10.372622331575286
927715179422866e-30
30.167631943531532
21.611048864768375
4.689543261629221
8111456571564799e-31
29.508152159492926
19.30858161865964
3.6553123763640953
2455249588324955e-30
29.850731641198045
15.908359442827118
3.0755992925015683
4691227205999735e-31
30.798327527889455
14.798660155776675
2.3797753765920393
29039829949878414e-31
28.45892860139753
12.876113710732847
2.437920699187914
2408534445869794e-30
25.910534651265383
8.63154613772673
1.7234906218008736
6144570615038459e-31
18.215619148579982
2.4272756792065855
.534207860313741
6164265319860358e-31
24.652754907021574
5.128288035568162
.9006960413541792
4527354770952469e-31
13.910686237016403
1.483382236112675
.35894055952150095
3102708213142475e-31
18.27577146046624
2.6091760749521935
.6004724108668819
33591172180683076e-33
19.66101048724725
2.382696283736782
.4505939980418821
5633821754079049e-32
18.423644028853545
1.966945113072762
.38289258067248927
11093489248499752e-32
19.09105776494965
2.327169370315419
.46353954873607467
28549612727754143e-32
22.719827801359855
4.539176954004689
.7773770421291091
2729444313249606e-30
25.462794701032724
8.953385498764586
1.5782361907214697
13511669535291649e-31
24.221161613342037
8.993296268627953
1.5270132245318946
2016118162012826e-30
26.24923398527468
15.089497268247884
2.806245946548612
14669090301674337e-30
25.85680550456484
15.025071631210265
2.7829392883361552
11049069660041233e-30
25.888247473893255
14.32982571040461
2.979422142603665
5905705711343888e-30
26.833855772862364
13.51794417647273
2.554681567871383
5384687137389287e-29
26.758727649344216
13.58844881396683
2.5913994369585422
37735565432609627e-29
28.8541565986008
19.701051696214297
4.712057512988799
6898993211653416e-29
26.005238611762156
11.66787183272797
2.2988343432885587
56728562698519755e-30
25.11062855341762
10.220441332101597
1.849138739915284
6278624315373239e-28
25.533361176748553
11.866012317705614
2.7289659424605115
25430180528597726e-29
25.747475321094235
10.592205606082274
2.079095793092317
3060412116239147e-28
25.03407621522573
12.057787829082862
2.5505436735197664
14037902378942945e-29
25.983995300263263
14.550135113932354
3.3583296591226723
4458397361582858e-29
27.377364579955547
15.195922771412803
3.251493670384162
5907823423745953e-28
27.701214622361036
17.434140211410686
4.517421434418379
1228204775467342e-27
26.58758575612613
15.761175558311043
3.954333371867695
26537422086941315e-28
26.38460105341248
16.561418644488924
4.4124345915121985
15355758165122262e-28
27.710342815220056
15.980678569178883
3.162074372478405
2083248767130741e-28
31.852726923576085
23.339244443562603
5.306668866870786
13511651111879852e-30
30.301838131999155
17.763833640837547
2.36119268433804
6763975485440836e-30
31.95001702617104
22.302976508115446
2.9883920298315068
9101831624274273e-30
29.352956192381097
22.45257531710892
4.695294868323703
26358074684289823e-30
28.619601851546
20.152961617553935
5.516817462852385
18226866760440115e-29
27.793365466162335
17.7649663821549
4.043802513785213
20241586108217112e-30
26.49043291074451
12.753905480847207
1.97808145756725
936037058352749e-29
29.165162047952787
17.827137004684463
3.012934749864479
15181815347049683e-30
26.86980883520338
13.206928664767014
2.0817848415357183
40947729745145124e-31
28.4501188475867
12.079217043443125
1.7561788649136743
3840774665049178e-31
28.53770828072571
14.402175300565561
1.9125167306207589
13914317063418543e-31
28.51171815749307
14.137065372576856
1.9248786742051749
52998175394658684e-31
29.043061921280888
14.660668277061061
2.493062694891756
8741230090599392e-31
27.797395540183782
10.811031793220893
1.4133699682551468
5649086762208152e-31
24.82448487528435
6.467746481152657
.909010958013115
2924861988523904e-30
24.744616410695503
7.566280764150386
1.0178737709255794
231175746278732e-29
22.805713490646685
4.035262550913968
.6598460090311308
1386243190396377e-29
22.886384589591902
5.636056328507342
.9911131045656462
36777683431212206e-31
23.65254551350132
5.689300989081493
.9649866124674136
13710486718542562e-30
22.460669770097937
5.681332067402448
.8777096044407368
8198259245764057e-30
23.328459699153342
5.966476579509589
.9395287534827209
8788396032005579e-31
20.977920477773925
2.8370206899886417
.4508164758877284
2553330836455357e-31
21.74640294469039
2.7616407394146383
.4042282023865925
22729664425801394e-31
23.29914932709782
3.717030915879161
.6173447016522018
8516016522082123e-32
20.30356863596191
2.074313153812432
.3001489330449407
24860197513558748e-34
18.988956347529527
1.3166988921550296
.19516910653268468
23857016312530775e-34
19.4894906348185
1.4977466211122425
.207559727947971
17201897376728372e-34
14.975375458898855
.9658697588697182
.15752566034742868
2453023536575007e-33
13.186688334637733
.9144915627365031
.17072534203131293
4190325771299156e-34
10.751535272325347
.691142951424064
.12185882132178687
28275018920960613e-35
11.575972810751264
.8051893639144945
.1425129126609154
23850707612161157e-35
12.176143976538789
.7698122567799098
.13301376309086224
1811758637666902e-34
15.98658158295709
1.1579076273917652
.16829783608791193
4964467621485799e-34
19.424914376662567
1.7243635141587041
.25504359809437926
4732015535458046e-34
19.988715442269612
1.5870950055258521
.20801889976601226
7437321355257042e-34
19.623840306618163
1.6952887222126276
.24277461151341947
6999107124719979e-34
23.139305680558028
2.5252026933629845
.3825745046523061
22734032355275603e-36
13.899580761552796
.6946459603067695
.11177203368856856
46867333153915455e-37
20.31909612718603
1.200360940533653
.15725507809313058
13693076731343168e-35
9.801822599259822
.5598933047814321
.10511122181351988
18955469939858592e-35
16.011589239475875
1.29138840773496
.24324281233281916
21195886219070946e-36
16.396888760033757
1.132888547241068
.19221489102203632
9859384828161512e-35
12.574500696972422
.9433537928133562
.1753272759802336
12429142478136062e-36
16.288873146032405
1.1079209396678273
.16849643905200126
20812562914103809e-35
20.05652862971982
2.03195869743418
.30502958179313633
5108385628009028e-35
25.79836459563614
2.924442104344253
.38138564111773415
10831080044403505e-34
24.556829518191368
3.610153307316121
.5814147574891394
459931425878707e-33
16.67004141893084
1.3597743714288595
.22443874656199025
4620986017781295e-34
15.772235608660893
1.1633290286516802
.18797270899059537
16920619911213135e-35
13.291025075944795
.7701355930356286
.11273193838121569
15472670291559508e-35
20.02384169969176
1.9444661994159809
.20931610930949562
5812362682165587e-36
19.651335414662658
1.7450387991217464
.12181225249769158
32448987008329147e-37
21.053388839920085
1.7039946449113392
.12064790078706739
9752095866088267e-35
18.21465943874461
1.22927960313479
.1099322563835682
18637906809021036e-34
23.79635542437761
2.981211978356257
.3181678066655959
2053777712044034e-34
20.356699221342637
1.7394471319434361
.1400906038141893
18878557625758122e-36
14.64295639040116
.6009434277370783
.053119588331597974
3016515421758491e-37
18.965939873227434
.8635818170705347
.0462809179003932
204042636797799e-35
19.462588486446005
1.3350806151370713
.06616322600945242
30894822024990023e-37
20.233777102742447
1.0288596618423451
.058111271125809966
26692925124577485e-38
20.43529918652264
.8822438682222525
.044060117316806535
529721585577676e-37
22.809200166290914
1.3813699791887344
.048395780776185615
34442639793387783e-38
23.711076046448646
2.7891114472954563
.07530559064880815
33034532611143054e-38
26.424417309055958
5.086831627321887
.10587871738696591
5009501843443905e-37
22.86110505565294
3.320117059106268
.06993716873838708
4451774144934521e-35
27.507981138784704
7.198858473871235
.22479352038418707
20884164487475244e-34
30.896351864306954
10.305986168226095
.4596153830999129
40697530149092736e-35
29.76471016132493
7.22785081917227
.2964075609404814
58674045364404105e-35
29.666910680196427
4.283328305913987
.2247444611527378
4455174878982458e-34
26.967363711758647
3.352084331430478
.19060705048172807
4130295113776014e-36
23.551926965408907
1.9554886968951168
.08554956096997285
10945527479557855e-36
24.04935440336804
2.1451662004503116
.08992232049414302
26281925009636313e-36
19.693275369937705
1.525214671797269
.06470988412201237
21778323110968222e-36
25.79471294332045
2.310406625031026
.11221580997731782
23309895324261357e-37
15.60022435302144
.6897753834966479
.028747858887528416
23139765074197513e-37
20.452923869179035
1.2825579539781586
.040321262500470904
11571430814951444e-36
16.45656232855203
.7123461174818869
.033471190751467844
19874834960432654e-37
11.721850944576254
.31492586468785355
.017797076034173322
9948969678185514e-36
13.841815112456546
.5213236907884037
.03123525517762345
31754446299709514e-37
17.441201486064898
.9688961226322139
.044768155627777244
3466641046238997e-38
17.266174096960444
.6301579095549346
.0206293330547139
12325575090777277e-37
22.880735460751232
2.088820796311262
.052564480770164346
12780359919538362e-36
15.869079291097801
.996725844045874
.033164550113724406
12858626389912952e-35
19.021522869947905
1.2180002831318903
.061012901177420927
6578310195577362e-36
20.98545212513355
.8406278597645934
.05224591687704996
11603418926091568e-35
18.280216624304746
.7700186397563086
.07437469478191736
6446003919119256e-34
21.55703092820624
1.13088550871415
.12986949748293497
12627881847250445e-36
11.805312553703974
.2996922057662986
.03591477702529411
3102333368517298e-36
20.69902788147121
.6837162520666733
.05992472904129226
2134497382556484e-36
22.916284868190264
.7400503945559375
.07078068099151694
4298980348900821e-33
41.49428088235542
14.188069899545802
.9295616595682642
9015608499377543e-35
37.90542301786597
5.756024846569879
.41375590715326277
18209729558576586e-34
39.18346718346819
8.975840842139046
.6427468440066778
27604696255653156e-34
41.85457205667925
10.475651912142999
.709531397453869
27688831869417253e-34
43.42899032759119
16.98511193686934
.7674963218337777
4128756523690302e-33
44.82188324165915
27.653724804617134
1.2415670069375577
8821428693527866e-33
43.52395900084011
27.41015062313401
1.1319206441515086
28712336296366594e-35
41.89928710554122
18.500475639056557
.714250179257792
6466934495728507e-35
37.14454901729937
2.9577802519672365
.2244448311844113
1625113218637238e-34
40.306669671043366
3.911102020223634
.331486385969001
6475825978966903e-35
38.138203266625496
3.174330820466771
.2510674728879352
10463879538258725e-36
29.76843835027511
1.240598983355499
.07640643577452477
14162878993389097e-36
34.23407504673301
4.77629657385336
.23206780561673235
52543627997346174e-36
19.308461030311566
.4322960675631885
.03706776010596417
17038782239776258e-37
17.1193879392571
.40213795432266314
.015393571937148543
15722842157657294e-37
16.819895489437002
.4044182604017046
.016281475048634333
4628291425345563e-37
14.57143707091531
.2480503000835775
.013169431151552268
3030033441846784e-38
9.47102390130837
.1173721928285388
.005676117819787709
2867110541545853e-35
10.771676799026872
.17599839629716443
.015190637697071175
4798921170218793e-35
15.097143852914682
.2582338800190566
.021211216032859574
7108365810580673e-37
12.973780398806436
.20234467686828855
.010002148945124337
29012874422762386e-38
9.097453808028014
.1784832363776342
.0061261132208645375
11580144034029179e-36
11.223568177319247
.34613177458957717
.014368558326969
54791894621495355e-35
13.004616003232199
.5340823680969556
.02885532758394036
23842466601327132e-33
17.413804203105144
1.2732576630141887
.07688674205563595
770115445062742e-32
13.62707079183461
.529752356200248
.04508317745351914
18477527540549803e-32
13.741018120885059
.5194696283178866
.06205446673498169
46308134453226194e-33
17.426275921894643
.7615517695533183
.06784747888399814
887358678679898e-31
20.257458660713397
1.2184249804919607
.09930178704374343
2483704176081202e-31
21.792465707712953
2.050937648296555
.13626247947432102
21872121687780867e-31
28.503938069768232
4.854083034960902
.3439063795145956
43851141104107504e-31
25.260854133547262
2.9081702226916564
.24656270052281076
10943877108847596e-31
26.696526257027454
3.740214488585589
.2677476329749778
17650825892270364e-31
33.772888831824844
8.10480909112568
.4885911034720272
7001389745875481e-31
39.907751602737974
15.810555823637934
.680921230795882
10302074393320765e-32
31.43163995483186
3.6993395616950626
.2733281705124566
5535598670995115e-32
38.59323902938038
11.541721246834284
.5024363008872887
2392600902508693e-32
37.11430752194932
6.543168360944415
.3512782900909196
4456265816940756e-33
33.914229049708986
4.379343438282955
.23143750459964346
13376964645470757e-33
32.323323453114895
3.7842323295689053
.25782938416062784
780786913952781e-32
36.01871118268236
6.394137889656734
.32273505742722175
32836229075990385e-34
37.50157100281032
8.195718036910678
.30415419383455716
5879701019460689e-34
41.198692349831994
9.344157774429231
.2737394340804517
2792691705417302e-35
41.861692731756975
21.983821969413476
.3217848672213757
2497823710686504e-35
42.702897849213514
25.324104938947656
.44730338331803055
9176969589608409e-37
43.28325543937944
21.698181801051085
.30376872519042103
7520361228258373e-37
41.367600999961525
17.6467331668823
.25352427937121785
23919207772371454e-37
42.01018856425469
14.748623368343086
.2822959890028326
2241775375529554e-36
40.42640801913676
24.048268630846973
.33414256124326897
10092436869093582e-35
41.502145818661475
6.162604393880744
.2692224234813178
22226498854486828e-37
41.77336143437593
5.08481832918261
.15455588098225517
18355306308303354e-38
41.57385507511071
8.404532056945769
.15349782245038274
12686443478327066e-37
42.81933200916343
14.063131471401055
.3280030409307449
14075619112933727e-39
42.17670255083228
12.37675297340231
.1330663186029869
20405024774527044e-38
40.60656995351446
3.3785101209725643
.1092506495051461
16155708638482797e-38
43.54635841307775
24.73420031868506
.4643282062954672
33673382710233485e-39
43.36898974291277
18.810231160168193
.2797204313408126
25478956598752884e-39
44.18035713433176
30.17456653486226
.44030987776581487
21270290277802325e-39
40.355052522853384
24.314250556767774
.3544807693279268
7197674326041182e-38
42.53659363366749
21.180610589602928
.3514250324235273
4260185805724229e-38
44.02299081394547
13.709200466145726
.34579366000985357
8096321335810655e-37
41.21731691203832
9.272358710332364
.34162209561421036
3378807756865512e-38
22.71059274800776
.1239910732289193
.00997570747802822
26039160535220166e-39
21.523829651800707
.11130739821244566
.009027083121887458
17042645285204936e-39
24.0576557506795
.1448213389848317
.013466802428082646
1594687210019468e-38
24.035944891939184
.13558214052096543
.010072051738836142
2202129512187263e-37
27.568187199906955
.21521413635908515
.01690501338205001
6547029392192065e-39
20.59609949569397
.10010758098088282
.005998432283498086
1728195771535864e-38
24.700707878547377
.21265700705613666
.010949626820048516
12423398732239462e-39
24.544497191238897
.2362891112183008
.009666274756889288
6810937723301514e-39
20.500547568639806
.09098551290022198
.005587847978422386
34865414016181084e-40
22.823238373693105
.10275375023032308
.007260677349861385
5526076028609851e-37
22.74538544362795
.15665145786948306
.015388847050781721
10104820658535208e-38
23.517246540305266
.11944008517997914
.01101155796168962
28781096297947163e-40
24.423563790534804
.09769191516540347
.007976044377762271
3007721959907901e-38
24.842950680900774
.15346425396489466
.01591053908782568
22967360660071698e-38
28.229439048391473
.26743363366713907
.0290623298086346
10138675019102587e-37
17.500112073978997
.1684150972328727
.02233952637790841
2013113476234496e-38
11.633502959229418
.07347914789920225
.009316514837951453
2289953444411673e-38
6.016658046577663
.04971764383688363
.007179170305452308
2469883974294504e-40
10.034485273599824
.03222494374733928
.0031204481828445456
19413000427545294e-41
7.439068700067324
.025270754742019903
.0024672035299525444
31012349336545036e-41
12.539246775577503
.040323603437364845
.003910874484762556
2755123756261603e-39
10.77733877997703
.04612421845613452
.004981860719315881
15433656065846902e-39
9.676150364478794
.05247168216749034
.005480597030825436
21628810678734276e-39
10.370261090111185
.06459229107406173
.005914436431826673
7173644412129728e-38
11.152328245770844
.08412711518635525
.006045325262968151
2315182957298542e-38
6.874456328706234
.03836897944301942
.0032916895367749123
29750381206413704e-40
13.966840621050991
.07368174467857591
.0045991647629717355
11247727376810843e-39
16.990737692381472
.11834898109066118
.008423130272644744
15489652786454247e-38
17.362455859462887
.18435294754927675
.012588530472842214
14421793125940822e-37
9.943039098493744
.10006060132451682
.01179015022002745
5966540405783645e-38
11.224658374521754
.07394254032702834
.006842633874986305
8640697111762113e-37
20.923869798341983
.31781710827115794
.0224014699840333
2674629048364174e-36
22.82463025029516
.4770281768154714
.03342069361564705
14424503607979821e-35
25.74997581094771
1.1884365099379746
.07592322368585946
55923505465207776e-34
26.69699714081692
2.839005524302321
.15968190374542585
2321445499343334e-34
27.599823566131654
2.609755640053168
.12150590235133636
42451075725558576e-35
25.92020890930981
2.4888940817947733
.1414048080324647
12572746140840188e-35
25.104695766477846
1.6606499319206682
.1100362252649148
23105820488710156e-35
26.91363895039026
2.3781716613452795
.18099468176499825
5791380168748832e-33
31.142078153270557
5.937756496150333
.5048552463770346
3211300015794841e-33
27.35225567290641
3.258148751827571
.3108926716292122
240386950930617e-32
25.114752687799413
2.256777277545458
.2085293971498251
24316636113617445e-34
23.555816452937325
2.9848995452350584
.2338729324839132
28805045398930466e-35
21.88170578818211
2.0290236801891766
.12255030784517357
4495415911535814e-33
21.940296805999353
2.235538120495451
.15198614695527243
10932284451097955e-32
20.03136385730738
2.053707709042741
.19428430272727779
25698167140936985e-32
16.55393488503222
1.3541415560790055
.13728014851923812
4171896991186913e-31
20.78720043592272
3.62694445050285
.24945900689535283
4866563581071605e-33
26.62591476874772
3.43018342392765
.20428356261680392
9982888141720053e-33
24.827180654895553
2.707707693230501
.23883586439525797
15557054475613312e-32
25.873619588319134
6.639211710550627
.37684602512038806
15241284946058457e-33
21.56832996174649
5.0194709455278455
.1526729731608484
1455908582232048e-32
19.63181462787209
3.3422894834052586
.12320644152723415
43172515188301775e-34
20.047551723514296
2.714859801809323
.10216545220719882
6819037767865903e-34
17.703066967308143
2.5119311356452814
.0592496590515843
2617593114407325e-34
19.437773802948616
1.954830965553217
.056051792605890986
5260260626023693e-36
17.191418634016763
.9772149801967073
.02226237745003604
8709737738107708e-35
17.58449933910872
.7105754896243565
.029842771330897577
18716705238251904e-35
19.73585350308152
3.8699800986305077
.06419119391454296
15803663639581105e-34
21.580029704644883
2.1012830439916823
.09501100401124556
8884506785990423e-35
22.256135271371964
4.857315943202645
.094787053966045
54798640404725126e-37
22.993209136449796
5.222810890135851
.06652604082033044
2496224614818249e-35
21.67524105304393
4.813885583326541
.06708832542106256
15638173796974338e-37
18.43315435383538
1.3033464627403246
.024303256852204875
21893749490822813e-39
16.423664171394506
.7637214086833348
.009576653834965794
16129463806180051e-37
16.691278878917977
.5960988479296042
.016108149400352507
11752132890118797e-36
18.00769875419946
.41574217324026286
.020764321089713066
25653636896278153e-35
19.095420748423194
.48740339285811857
.03805765878289101
24610181636511675e-35
17.464608558288162
1.2471096262676722
.036604774685481505
27657236706416593e-36
16.36751891438923
1.1861697960365873
.020899904268992575
281586511685997e-34
17.864739437013814
.62792524865611
.024797658702471498
4361844291162413e-37
17.703989350730005
.387603711711495
.010206785860213133
3458259088898379e-38
10.435258012553708
.34763015911174727
.003434017425533866
2576646020720727e-36
15.782623541893594
.3614766298865795
.011001435056802449
2882442212235335e-37
18.029237936953756
.28213571217898453
.009168336272133032
345708776247018e-34
22.004223849448874
1.1082857530318826
.03386750548889196
868282120743726e-32
20.146894610888175
.521907746144288
.06309157263316138
6414322749653151e-34
22.080236045825718
.5281198368735741
.04212020611922815
3672326624339298e-36
21.147598580838896
.2321522548199836
.026186216819451102
51052141332798565e-37
24.294005791234714
.47325200273574264
.054440502669629555
855382225263502e-36
21.402352031543472
.2691256832834125
.024601326889134495
848643417072184e-37
22.19966159120124
.2665802199033647
.020442855024992414
13729808545105606e-39
20.80686878955914
.25222869409791543
.013241473359220957
7899588424309142e-39
22.253412481338614
.4114006513229378
.019008337022056187
6478290209355922e-39
22.191470508016124
.6395117706981559
.02459646242754361
4671022256708568e-39
22.146839035210434
.4804886581822925
.02306238558693218
7425854236707239e-39
23.205501425606364
1.397333855046023
.04060438621138023
5488063634448285e-39
22.699948033593504
1.076802515178852
.02992040285043689
9369098285595264e-39
22.462408916468227
2.148085152392414
.03859328800180828
8542134257398751e-39
23.120109081942243
1.9842222712421007
.03262061511161405
8840178773039958e-39
24.259643791624836
3.7469318430434244
.05142943639114796
35363160888745363e-39
24.816484259874464
3.3695363355084202
.07293135488688741
10304833508287513e-38
22.161713387745266
2.7154450550734546
.058601375708282895
7291526167118507e-39
22.738042175541757
1.7010091725553063
.038603079874305245
16560947563773497e-39
22.09141108578237
5.063744253309454
.0961366455754155
13599343923995683e-39
22.944569533048345
3.0166457082349
.07732650281755035
7798296230612262e-38
24.320395842629054
3.0089145399566664
.11643557109635995
5839402002794754e-36
21.38853639736075
2.0826266651544945
.0995087373905368
11952535142214716e-35
23.55314925726796
4.523370360437206
.23339509208303477
3998844835626023e-34
23.632426942031202
10.852433808206744
.7854707642011945
5468505442440482e-34
19.58168323316109
3.903417434115228
.20433953527529664
38769050347954444e-35
20.327021343402414
3.4859093267580987
.24274520649453304
22440024971393605e-34
21.30166466992979
10.985236746345196
1.09597106183647
13499348262693977e-33
22.437573860605767
10.089752827655978
1.3701345220087284
7545694078392876e-32
22.48972398977857
6.72641907678
1.2207142272278781
52115785830841395e-36
18.027443574688522
1.257032522570821
.10870184681565191
3296612245349264e-35
17.616319598005425
1.2595249277632354
.1161814463008831
7205493602287537e-36
20.113025706920766
1.3512568076188516
.12513613531558634
22560618340471727e-36
18.180544926924462
.8945992351903324
.0904226313807644
23884220903263407e-35
17.757946701898597
1.037494528064757
.13009341492234922
8330665563205163e-36
19.555699243409073
.9010340279444767
.08330373612237903
15259626341866567e-36
18.9504960848268
1.2964613411309442
.13292438289514077
22962396617765068e-36
17.47547370652248
1.0753290754335505
.10202790371069644
8063784566216648e-35
18.416776631131775
1.9806795012242824
.17759201413460143
13224601424123409e-33
18.82735523760924
3.039836800168092
.47612577782353654
9090662552282465e-33
19.85648477492965
3.749378756538772
.5807649733492358
5801019672261194e-32
19.66352064777588
3.8238094131196267
.6212903387103484
17952429034552748e-32
18.62659065350527
3.1496834832783893
.5977970850671883
20421848524087751e-32
19.680181569435554
5.139155016521695
1.1115572572344692
12023146331778677e-31
20.133980994500874
7.13543221306034
1.7983890252173493
17728431891144115e-32
20.438101315079322
7.699593657532253
1.9940934938397672
37423955834892985e-31
22.816644107796456
10.033080521570966
2.8031131654424164
14633442717522778e-32
22.243269506565614
8.489246453747953
2.016501926482181
3087175724496547e-31
21.469793600896413
8.665676142470334
2.136139873401422
9838369223216318e-31
21.59903885901676
11.606881832393698
3.332298717275966
7108609198981502e-31
21.634857606236977
12.865356284037569
3.65751934841905
12521087967389296e-30
21.480092656534357
16.2740469104494
5.3312343309484875
28026438096149616e-31
21.884461513254966
12.418067069849652
3.093557020360236
4934422800542123e-30
21.048069012485172
11.12161796637984
2.691829894068606
713112021530057e-28
20.59910996382655
11.50849656237997
3.479957728282137
6081875043415723e-30
20.99949439649746
10.566874207709473
3.191815269175735
24886596813531952e-30
18.64034940458168
5.458643395290148
1.500020196172532
4283602730270942e-29
21.298791195202497
6.622660535787481
1.9503384578838479
6948556339750793e-30
22.099851031208214
6.260418307480085
1.7343563243155473
571069647195473e-30
21.62118803776763
5.416561542857289
1.3334830640454598
9265600179439708e-32
21.31610090127988
4.1190224905705435
.9155834083037397
2571969593107612e-30
22.05236556775942
7.321359220313821
2.0519932868027912
4648128179772881e-31
25.647363589737516
9.18192610238853
2.2386009008863907
1743354283146547e-32
25.37972845224306
11.077663051201428
2.345852640641878
45093067695420924e-33
22.705637085087115
2.892724291743878
.5856480847795437
569736348857548e-33
23.722360479827405
5.732094751739335
1.0157437099263131
47411230699333996e-33
25.373560207343974
15.96129096034643
4.467709003181032
2685063305864842e-31
25.43703874829578
14.720802549061078
4.461245946725806
9893610984006562e-30
27.533873371582544
27.18793246768994
25.796192770717006
991468353798744e-29
25.720023486376874
25.3917526519998
23.980256440664057
8089690462504995e-30
28.543647373506296
27.366750911611888
23.626241170003723
3675716081074514e-30
26.587970096875924
26.112663299668338
24.254276850788685
10869722305040111e-30
27.827487346241515
27.61217830315546
26.660384658818963
3631602350540885e-30
26.651947343691862
26.450291880027976
25.570124135654865
12032678105611526e-32
26.331134322869787
25.53223412910136
21.248525877587145
46360369715806105e-34
26.055213851667368
20.055755646911305
6.529702302580153
23709596885016964e-32
26.784760823411673
26.540211482636405
25.123272992466532
4614042394596883e-34
26.34064832529635
15.35552487727978
3.230792359274151
4488041988838978e-32
28.74680653135022
28.643538939785433
27.927733928014064
13957637624832441e-32
28.838645649458506
28.744324603339027
28.061850236661613
48048390104271745e-33
27.87032567580994
26.902418407251698
22.641612274014957
11340007312589233e-33
27.848535558574223
13.298017575314985
2.6793674296755694
1211031680274492e-34
29.475279761846238
15.450548783266449
2.388416601262172
5981118424892428e-35
29.27461409001111
27.390452262796664
18.48616929686153
185676389894425e-33
28.86746371080283
27.74673660784514
22.013344409041736
1338329407484495e-33
29.267985496167842
27.794129112353232
21.74792656886599
23028356094907217e-33
30.0967027469427
29.762796764683618
27.629122883551705
4431941333408626e-33
26.385009553162337
25.02086118071774
18.31160671373325
2953574252785447e-32
27.74936158150168
27.35958696460395
24.622337561792026
6023199532628815e-32
25.94929182950738
24.63647884353547
19.201431259672948
8618313185789955e-33
26.538806021146826
24.933542868840295
17.768496300344722
23596851684119763e-34
28.565660250323294
27.86861658688755
21.021326564766476
4567635000841851e-34
26.307053612050968
25.409538086388384
16.5180779380339
2555723617788857e-33
29.098215317560705
28.144738937208412
20.781267561063597
17912959119621354e-35
28.13771909095296
26.46134946975639
15.303644043387493
5163386719754791e-35
27.78531628333315
25.460052525556637
10.363324437041129
16530930892597648e-37
26.051959176587413
23.586007025629293
4.19268305728648
16321561517499986e-35
27.947163396063022
25.270282312432844
7.894460641402024
6925802141686585e-35
27.34208148676317
24.886445337193663
5.706195794850979
25359914715991016e-36
27.138166923719808
26.19873420397496
9.411092317934356
15502727233071022e-35
26.413138930030833
24.507632553886165
9.060553995518077
23406498617812033e-36
27.79310264968631
22.92642638624683
2.6112723623499776
16683162004370714e-36
26.26798455670797
19.98277034719483
1.729910577672621
3208961988154665e-36
26.38261354851734
20.036199755195838
2.004047798974787
291878838871347e-36
30.246956014965438
23.083348688273635
2.0158470084578477
5462837111451889e-37
29.50453138797381
6.469884515917598
.4333143953224823
4028407081989339e-36
29.817549136573273
12.675725018586418
.9573051702331193
9863074778720754e-37
29.767094352580802
7.142788912132526
.5996922088716016
22743083969461087e-37
31.072157474923728
5.320879006523585
.47089516497772815
25017524746435338e-36
32.66598455662723
9.27864621032451
.8691208574761967
9134200643887008e-36
32.61062411792
6.069501369608196
.5741562310858814
9263227070425699e-35
31.393440270952954
5.431949237213365
.5214593890023589
13507246958626005e-33
33.207358260951345
9.051842526737978
1.3618237490725709
6752456566586385e-33
35.13662396610903
10.187378418855907
1.1984880591307971
361031492278076e-31
33.7301478525486
7.201401151080974
1.0408127195645944
8421698725488476e-33
36.21733228787432
7.092657479803304
.9461083400123863
6041770327797957e-33
35.23584153842003
5.269606263942238
.630958675481315
11454589387985265e-32
34.26414823244906
6.9487049449581
1.1042819832078232
42678316866349604e-35
37.69461323250224
5.401052676078248
.7387013638744204
292674329381992e-32
36.419784965638065
4.998927433551474
.6796406375137269
1991430704851114e-32
36.12652384167611
8.201992714197228
1.1654094075933494
1634390867029636e-32
35.76738447982217
12.013574034068679
1.6935490333086858
31871210785482564e-33
32.81342285682292
7.472980976135099
1.118471963156042
10269556669093525e-32
32.34067697159771
5.625586185463365
.9345750432155374
29665933225447284e-34
29.692274688999593
4.255181004712277
.513094557100551
19618009570485075e-33
32.743974988073774
5.5512252440747485
.8808615648709746
29026154157893673e-32
28.57853749947104
5.835324857114942
1.106348207059861
38782080625717296e-33
34.995252711913615
9.154437932006735
1.2431374999608558
13940241232138052e-33
33.87149766619928
7.947660991045388
.8787695673009124
2065604532484844e-33
34.696284098491574
7.5566201234873605
.6877691016965733
18998840070111665e-34
36.72891760065121
10.357841213272957
1.058149373276654
8481757016022163e-33
33.716372327297286
7.868563931128882
.8390258634142146
20879208039685184e-32
35.216895725875126
11.076623424439179
1.1167073261841372
16778165363667098e-31
35.46089038573365
13.222701953513067
1.787078577825317
23517287850164528e-31
34.51154314109772
21.031140151704122
3.630172913823275
7687621165826042e-32
34.663617206894095
13.450708356593301
1.3231703265232704
622876014031193e-31
33.97507701737842
12.512500460728878
1.1424854310868748
811749994814969e-32
34.16036236362015
15.04615340516822
1.207126548422972
9694400816242982e-35
35.112386671120966
11.950001379036157
.7897789466495729
