1
12.238928308914973
10.197902611527866
2.766757629357874
1
4.3118919313860395
2.4302731486414246
1.3573759954543783
1
14.017602099744767
7.154015924222288
1.1809340069171494
1
14.769056394893386
5.3278209042704265
1.0403420774057504
.9833328683787729
7.644992526320982
2.256927248436106
1.0323045509001085
.5535862781089834
.7539021760522369
.6703624849942256
.5536464292061815
.4792945340642268
.6143457787880464
.5738357880655968
.47930767425845966
.6509302757049888
.7428529973306842
.7097186874302229
.6508901183607224
.2706572096339765
.3824866561081549
.28457567363768854
.27064783823438515
.3221622932221353
.468900265382068
.3415968932389426
.3221710241739297
.220570172294762
.31271808656353944
.22231382904946273
.22057069496028356
.17504761403152824
.2582288152909042
.18416976922822786
.1750495309059189
.24966408806568027
.40773943695627124
.29350359451105956
.2496749988006818
.6233432547101412
.94589021823294
.6760200395047613
.623401788271719
.5375610881574219
.8164411450466625
.5444985744011999
.5375741558771041
.4329483388333626
.8701365118457378
.5574001804839767
.4781982668086316
.48283398598117705
.7874802616230309
.5580407031594913
.5295519468092837
.4758168040342769
.6325562744715266
.4760154204438414
.47582501073296035
.3085968785927645
.4026859527937432
.30857111353479894
.3085802663475908
.42041714881422165
.6106699728170447
.4208203027298559
.4204259688569939
.5456929954594767
.658497533754021
.5463218336750028
.5456439858804172
.6963775348520017
.7563894948607387
.697571012161991
.6963050524095818
1
1.7151332263097083
1.9134325925934024
1.7470187656577056
1
2.4712303664308126
2.9074823585324583
2.136051292232687
1
2.5546915838493804
3.8747728739548006
2.4783368968889614
1
3.0760120878809234
3.6573761600775723
3.292479966480418
1
5.04866793167109
6.23238958663319
3.3126626670528307
1
3.878833522548302
5.236671217243058
2.9433942087387353
1
4.346520131438668
5.594763034354086
3.0835056829235237
1
4.55987644763242
5.969709588246176
2.995003134665086
1
10.649211026888512
8.528372958648461
3.1380586417570706
1
8.697194826245239
8.425474936392385
3.2885333098169522
1
2.5634744090618975
1.8319370616015653
1.4969526478735793
1
4.206547257650422
3.9337359342656115
2.18043285160858
1
3.278591730794841
3.2002125570287827
2.161577987624024
1
4.6594208590933075
4.73237192020262
3.0739231435596577
1
6.517762628652641
6.19454039088864
3.1475658362119328
1
6.747872479339222
6.377433332580553
2.8021422733318917
1
7.463967972954843
7.090208365236442
3.714841721054097
1
3.414423545139385
3.279722525309153
2.136867994581603
1
2.9164976031050736
2.818559211174346
1.9940900784564386
1
2.0900593733796806
1.9804018636466199
1.6737873180730514
1
1.6214731950478234
1.5449658066285117
1.360096274591257
1
1.8910143933740933
1.848153864368581
1.6700625429817073
1
2.5206929171917807
2.4858557949418416
2.017833873494407
1
2.8390537124054824
2.914991582323779
2.1455762545657704
1
2.3168298389589985
2.3300688746045335
1.9438618854273166
1
1.9634209758287107
1.906814039014203
1.5914252736471979
1
1.3654889470978366
1.257273950962558
1.1531611495753935
1
1.5444533335641313
1.4274259045989957
1.2166052672642182
1
1.7688745904884677
1.6220912559064864
1.3507606647216412
1
1.1752038838696817
1.1079268101989188
1.0062633369956664
1
1.237699754103634
1.1593249503614516
1.001038359010786
1
1.3554290929391655
1.2800562445448753
1.006647722519501
1
1.3082209252113977
1.2435854789390164
1.004990035729382
1
1.467514532221249
1.387761342086919
1.009108053239392
1
1.4343248694881816
1.3906726493113593
1.197702155327721
1
1.5968293050965392
1.562631594791865
1.3055292145293869
1
1.9520301921999055
1.8797531607168185
1.1820417172009225
1
1.6440207424088888
1.612402620446251
1.2312867692747058
1
1.4818881987328334
1.4252079115891294
1.0771916423845174
1
1.498433635807028
1.4544669947561168
1.182287468753785
1
1.5227904228804392
1.4483501729626325
1.2142890962113444
1
1.6191874812217877
1.5474635581652805
1.3040252304678817
1
1.8329333972072674
1.7474815283064062
1.4353310445452985
1
1.7847922178804627
1.759166144237318
1.6575429581838206
1
1.7598944935459089
1.715164080312857
1.4336366020002584
1
4.5613582607702385
4.476613971237701
3.196625831314284
1
3.551080751645536
3.45772819193975
2.3586872086096307
1
3.977068846947251
3.841070936403311
2.714837889421214
1
4.108343211928348
3.994511242308465
3.0659135900266064
1
2.133179151474319
2.081485571746315
1.8703843258032642
1
2.4788553605684993
2.4182712152957153
2.058554043045733
1
2.642511849298224
2.5573402812480768
2.1042426941706474
1
3.0761377897080244
2.9714832487125356
2.6571222057519917
1
2.787344150264892
2.7289914248151015
3.0532187288056862
1
2.9529306334250256
2.8054683959295272
2.0429073805580735
1
1.680349382457036
1.5933122965735582
1.1675804855095686
1
1.6070969978422922
1.5071069811810278
1.010825191455558
1
1.56455278972766
1.4847026291486531
1.173593089780896
1
2.5464319887871194
2.4053558137351407
1.701108117029929
1
2.957918469014115
2.8717371533659475
2.329413514021617
1
4.230786179828162
4.140725255420946
3.597143305143836
1
4.305188696528658
4.094845149811298
3.2127311944285024
1
3.8465341208783657
3.630520920039428
1.8623756713003956
1
2.852811327384447
2.73921148487323
1.7684016518219958
1
3.977682216762014
3.7467497483858514
1.8030910766484183
1
4.3058039419403125
3.97541508664761
1.8224837213385454
1
6.311177087003448
5.518297685415063
2.0508112374532197
1
4.805022059249019
4.431942206117822
2.1014691191541206
1
6.196253534556578
5.613502991232441
2.0472664227969037
1
4.953793532465638
4.496641690371265
1.7164666788557323
1
7.87340083992405
6.819685579597026
1.9415133983041233
1
7.168290230484513
6.726425849161766
2.2315319643946316
1
10.750393986524841
10.189421055498467
3.2828953590550456
1
12.108980241233724
11.41091662455002
3.52603290323205
1
14.537456239966783
13.649121391363128
4.191074465352726
.7420506691639133
13.627481893577587
12.59628528526002
3.0652565402015655
1
13.772862095867202
13.04891022821075
7.104357821434646
.9992196691708157
10.738832272932424
10.164446083445783
5.834340909182525
.6809335947711438
6.461397495504631
5.950130622522296
2.180603664020945
.6797917180802591
7.39808436764463
6.77397216015269
1.9609712851020298
.667481006964292
8.026883698556663
7.221618043447552
1.868881742837414
.8397356780923962
10.457383496312877
9.727768527814733
3.0738541592221935
1
10.381483814356349
9.864326160693516
5.565347459139677
.8232989875060669
10.48462496029614
9.825629457518776
4.202794048723901
.7225638478120298
9.85073360444256
9.147524941987019
3.29013090474993
.7600677244312221
8.243335281585773
7.657747444582021
2.489881197079003
.7454195915212661
8.718918896573244
7.996282817048578
2.3499486867092583
.860134903406739
5.356555014857837
4.91978804673784
2.3232632338758057
.8371286702652676
4.271078365507652
3.81573715322273
1.897220032577461
.8742417781015026
5.154850865531502
4.773418425186191
2.3116079676894246
.801202584730572
3.934470097296963
3.6546964719220574
2.139624695524423
.7447482708290141
5.314160857741159
4.750720779625762
2.0111145179487404
1
4.577210121721381
4.361875470863427
2.887349141058909
.8629293906494554
6.3613327154522015
5.845263906787179
2.7849111455343944
1
7.3961516412550505
6.916429517242258
3.533206273332721
1
5.685599295050421
5.3374955685511525
3.614715464608181
.7971789140826818
6.8163500943060065
6.362025512521807
3.465545631596513
.9547179004698212
7.3282281729387595
7.140220753077283
3.82522163873942
.9674771142039786
10.081327042813246
9.283116428569057
4.584285859181082
1
12.58506179395555
10.819189831552388
5.245736667893834
1
11.51823919758261
10.068102673143596
5.175441576648358
1
13.283243440714935
10.214895333462113
4.311143037087072
.8571749407150442
13.62532614765318
9.479618741848157
3.1345219505958637
1
13.558921328775408
11.30953210599428
5.331334420239292
1
12.58553432698231
11.471030358501563
6.4525114526254175
1
11.652610803259485
10.53635180103876
5.8324116797020995
1
6.8716589973451505
6.535497029956591
5.723110173053075
1
7.025071893161534
6.548670680766826
4.916544960357449
1
5.631733852234632
5.410107680217893
4.561839190575045
1
4.665320095959257
4.453266693316051
3.7917039882480186
1
4.811381179301357
4.5639924418140065
3.4491823241329977
1
5.344001175442192
4.943207882577459
3.5700657999934977
1
6.166163568228179
5.276828272713526
3.0938327749421237
1
5.3523146957006915
4.9893266615261025
2.957585998990867
1
4.877645311945155
4.432043534303332
2.5805439540012487
1
3.9484721481483223
3.8634897549748874
3.3228184221159043
1
3.8501945700268116
3.7918455149753085
3.372051158604259
1
4.067711991034183
4.020402838815012
3.738961518220276
1
3.826142136659994
3.75469543031613
3.1136208449298737
1
3.7597363302037774
3.681673642199158
3.129223936208637
1
3.7635392571942887
3.656400883971717
2.907551003002614
1
3.5419070184128443
3.507690536481949
3.297485792722125
1
3.7551248600105667
3.5791227320697145
2.4092860249259243
1
3.977146275105828
3.686215483610107
1.7509207782947827
1
4.45605823507917
4.226785526938998
2.349417446685347
1
3.975190239262749
3.743594617693938
1.888106444520169
1
4.084542020239316
3.7697808463382074
1.7861622174233804
1
4.091060973826043
3.5461035935806207
1.6897747280364201
1
4.998420590838937
3.95910583070078
1.7742721626051394
1
4.170101718270654
3.581264554023044
1.5813629551271502
1
4.211785279725879
3.3807052081965736
1.614552043100826
1
5.392349826598609
3.1500343932981307
1.7988059506029068
1
5.574576191068351
3.0451143499885065
1.635665279624275
1
5.823946340986288
3.747096849731325
1.725901749904095
1
5.349650963374251
3.70762082927529
1.8151730329235567
1
5.2478509539906595
3.456432061712791
1.6411843566681288
1
5.653213780116391
4.149045217882619
1.7698586401614056
1
5.238388377630744
4.086715228095177
1.7258735706193542
1
5.516103991903911
4.630720488995078
1.8119534300231468
1
5.895832129454843
4.706012175318104
1.7072459503800672
1
5.3988137437011074
4.539366640664224
1.8006715651845064
1
6.340266605904664
5.477348771451508
1.9908443766039787
1
6.190486779737561
5.756931828962564
1.7784015810987654
1
5.018794232888332
4.520939785874387
1.4534295119968867
1
4.816676276334042
4.283916665653613
1.4075500320421288
1
4.464559107067919
3.9715447239434747
1.4998114386149954
1
4.502484732398228
4.103116577486619
1.5110685151521361
1
5.7216508824774435
4.947421984632891
1.4365435874976988
1
4.607574817734675
3.975055944193869
1.3731274272605372
1
5.266036238577972
4.526288729040736
1.5378990536546977
1
5.193659400665755
4.526298695217778
1.4140075729124886
1
4.4179099513353774
3.6905243675544703
1.230218141213276
1
4.446694302910414
3.42330436209442
1.2094025436723028
1
4.173454855999682
3.3582575196140794
1.4175119077024654
1
4.101963137106117
3.453419645568801
1.2392658003731793
1
3.822867102736186
3.3369465466234187
1.200055196980378
1
3.8999339993399
3.4630814846521587
1.310209440126987
1
4.927031934547169
4.499272402773709
1.5658028868151674
1
5.420228257028505
4.8194755625181385
1.7160408155244944
1
7.177566254448544
6.320879642705676
2.2373403370273905
1
7.458507158024483
6.001195875290559
2.1354707793885015
1
6.011891534139334
4.918558432078213
1.8625676795246768
1
5.581931988243698
4.889406368150897
1.9654157539851764
1
6.224714256969985
5.356288142988269
2.0506073623690404
1
5.3287617212319205
4.349548561411531
2.0002510123022295
1
6.125146051046901
5.333992488932259
2.1217074661970274
1
6.848427299997225
6.0809017666356135
2.280282732484593
1
6.6476528249671025
6.036629214699664
2.1381596588550242
1
5.852265711039295
5.422871994185868
2.0230784065457197
1
6.178225487578873
5.557102216347406
2.0156214918436097
1
6.18073711934485
5.573945486248783
2.1991448629150034
1
6.89833749075251
6.159214873901407
2.627077555275179
1
6.379443022097564
5.826071324096101
2.5224986676485996
1
5.117928712439262
4.899484249136539
2.6563384038172524
1
5.602619248582227
5.3359671288665655
3.027619783733108
1
5.256719250743677
4.953083327925895
2.2869957152055562
1
5.23533644969423
4.885615110678381
2.1522313751482667
1
5.118573909766843
4.797651480103069
2.122586163515771
1
5.4005612432602375
4.949543070788433
2.324905641303672
1
5.136026269392433
4.789853387838662
2.2466119699242495
1
4.682531298325335
4.27355026668438
2.2200052807840875
1
5.647319765687228
5.174212392279496
2.4206340782245466
1
6.141972612174088
5.647817258929715
2.586871387160268
1
5.828276537888627
5.538027307611956
2.5015233524790643
1
6.458427301726525
5.637703299563409
2.58007487388534
1
5.94782678554367
5.408153322829826
2.7354270322547958
1
5.330109418321409
5.0810779194781475
2.2286511886547413
1
5.093562813493072
4.75308736043179
2.9706888653771153
1
5.182953629527329
4.997793926260658
3.984339277514078
1
5.270023547448608
4.54107364032452
2.6652209559832625
1
5.5128648132486076
4.5539526749596
2.4806815435354204
1
6.041949097930782
4.620127935395901
2.0777102883840506
1
7.04064787237689
5.394974792064166
2.2181963206105646
1
7.00592941778834
5.2719504665686605
2.0826347704375414
1
7.381772952281224
6.165977416153927
2.918615838680814
1
7.240425783278479
5.605674012494897
2.4432165916288815
1
6.720830896200031
5.625071655227639
2.716485389211843
1
6.18608309856343
5.307833828591831
3.0188448963994734
1
7.147181116477179
5.676099223090929
2.940892565802778
1
6.899655825764896
4.679471224846564
2.122638913444933
1
5.242177947354329
3.7105269252017306
2.084113438515575
1
5.392495981988675
3.770995691037617
2.0397859248305257
1
5.411750055995819
3.9641917075634314
2.3557538686629327
1
6.490131779383856
4.947246018375541
2.572930634708776
1
6.552694411181805
5.378021367543245
3.1246955366894777
1
6.01330606095264
5.15826595807094
3.1761456493231695
1
5.995744547882953
4.5509872251737225
2.5047365492102323
1
6.548094233446394
4.83025874235869
2.391952961415925
1
8.232246874010167
5.747401154427831
2.386972812745001
1
9.632302239474155
6.136668683878996
2.3011969362977833
1
6.195230943661987
5.284107004867534
3.134055511544541
1
6.56921443062255
5.177096765399097
2.5518833106243215
1
6.199995810229427
4.232272160642784
1.8681717824060846
1
6.801150559190162
4.2908706235464935
1.8247648642337875
1
5.950330534770609
3.997280523646129
1.9040290401964421
1
6.387928878060648
3.90317479210391
1.7611892734605072
1
5.6959405726095556
4.187325485896496
2.2641822684564437
1
5.756192469808035
4.020365715972856
2.1324462860911506
1
6.335724800125888
4.441317556687428
2.338443170271235
1
7.494115199046339
5.235047163663875
2.3705111678183517
1
5.741784189210073
4.138775541215105
2.2914025128302167
1
5.426957522981284
3.935193548897996
2.1792464606332103
1
5.840384836040063
4.348348259294533
2.3859438673551305
1
5.710355872048337
4.616008786639908
2.8334429623532884
1
6.648770528167794
4.411012399988278
2.169282405014735
1
6.61859534710149
5.417440607500984
3.141968467560525
1
7.72375617098888
4.920459363981042
2.205739808812231
1
6.536303930231437
5.230825326669693
3.0082281964913626
1
6.874452547258349
5.085935379466392
2.636470623289167
1
6.440721251446905
4.645084037680246
2.4900391916694558
1
6.2985826866877455
4.325697739163804
2.2655220899852653
1
7.034627605183905
4.399264209311607
2.205626999567772
1
6.177232962958546
3.980744844063784
2.0615899432437157
1
5.981280939136054
4.308479721551439
2.2926130406901675
1
6.590849244602858
5.179081757436202
2.8294804088956695
1
5.742174412643762
5.07389622689471
3.4002223409775842
1
6.5066161308936
5.87523058419068
3.9925816310426954
1
6.303736581815048
5.520988157362565
3.521528166881468
1
7.075867933576744
6.351980631371282
4.098387857621583
1
6.214398384064323
5.558312843008865
3.8746954972269165
1
6.11332477247241
5.314128262352935
3.4936238752756976
1
5.657295217466606
4.931825199581816
3.339004536970204
1
5.648523209574763
4.992809440677578
3.434270715837245
1
5.82276624369303
4.873596313233731
2.954212762455193
1
5.323357372817168
4.296755321279962
2.469790204210422
1
5.541339329432879
3.833599401839767
2.107730384802447
1
6.133538557524072
4.051385134314174
2.112481266373581
1
7.138777175181001
4.741095758287823
2.2863740928249925
1
6.715718631179442
4.739686885496486
2.497244456463123
1
5.8940927346311875
3.761740098976389
2.1446125785244723
1
7.400024789454671
4.988405779268471
2.507880774620844
1
6.5823012879137055
4.484131883535488
2.5067885733276634
1
5.679896290747728
4.070553761213957
2.3771710659026115
1
6.292670390700939
5.2337868088946475
3.3645292729771574
1
6.83603004688435
5.170258775969311
2.8796451138596013
1
6.354445291090991
4.049133964899204
2.0311081113378457
1
6.180450927900086
3.972273382341375
2.1135612439890203
1
7.674582432724544
5.235829932740102
2.3655981625867373
1
8.195351217395576
4.807215019113244
2.0147757231204526
.36655481145340224
.6583621038605608
.3782483452751091
.36668067246819774
.387536495986885
.5863917182171924
.38989578012901244
.3876151333890599
.4197497276015788
.6971857581994043
.49703634371319
.42005225864761364
.3119334138236781
.5176406031991313
.336676508411967
.3120624040778158
.4666845559397571
.698204359215461
.5169035523300253
.4668858859835923
.5167624770295676
.8244940442958913
.6395797864932751
.5171054064901973
.41645961906199847
.6777540917252061
.5113008479258961
.4167063536870852
.37419343575158037
.5992659782413584
.43105894486532514
.3743369847565192
.4386834215482834
.6724494193300442
.46222285432042454
.43879463459335605
.34634231670049836
.5714004327776965
.35246746373254584
.34641634240445657
.586132464479529
.9144312231634832
.6700546430098058
.5863346527870431
.512997065900355
.8269162415666248
.5853350764779449
.5131698595621184
.5326064918969793
.8775876430989732
.7357076912149249
.5329219852395692
1
4.522135363552202
3.760905366419577
1.901104755977025
1
5.0679149736029245
4.104527855219699
1.5952721264595502
1
4.4842456877569425
3.7442758017230156
1.8728915055662736
1
4.392147099180837
3.753147915344977
2.0095652208469654
1
4.908699588252315
3.883050614450808
1.92811100860717
1
5.012411133170908
4.120147695026895
2.116157838170635
1
4.363747400650853
3.59288934638745
2.0341887861864216
1
4.7182565149541045
4.199224504436088
2.526517580301149
1
4.210803516317776
3.599298491905418
2.152964583161431
1
3.9558028365358164
3.407002893049354
2.0039683313264574
1
3.9739596898753438
3.504638141118368
1.9511533504914378
1
4.001929125464194
3.7197888068751155
2.1515499386971975
1
3.9620120633596474
3.830853781361272
1.97618782532674
1
3.975338503859788
3.881964191860026
2.6468261079333235
1
3.689314834753596
3.594171627375886
2.283886822281488
1
3.864017710414549
3.7587665836649893
2.1632764937685947
1
3.912701327667979
3.7881626005444784
2.00406771747946
1
3.860443501014685
3.7458570840849696
1.9959255498246578
1
3.9112168717713893
3.759481071559653
1.8100753141488473
1
4.151347252251919
4.008010776814363
2.101789894393871
1
4.258863362601694
4.126780476483565
2.61000601614539
1
4.194039595611918
4.021204970552442
1.8225250659741894
1
4.110509184796912
3.973560629069051
2.127559594345693
1
3.8919515665646487
3.7419028752771797
1.7160356726552795
1
4.0632510102440165
3.9042975938324576
2.519330172039689
1
3.7688484812175487
3.6110509970415228
1.9466392054352892
1
3.6749528035032215
3.4926386092346093
1.897057344959983
1
3.8666271163756814
3.4884357666415755
1.9317791446246948
1
4.348081421086538
3.6683844516183726
2.0075153212948016
1
4.315028053375126
3.915190202622594
1.7435824316655717
1
4.345530646446333
4.136048498678348
2.0785987997615343
1
5.079886127566408
4.8498540259528
3.438533142592238
1
4.6364278605646145
4.4128961546664245
1.8936210347470797
1
4.451042618379023
4.240519094167999
1.8544348488555589
1
5.234761110749585
4.838544067144213
1.8714424208667138
1
5.168450841494104
4.965041368636538
2.088169277200147
1
4.642880135566968
4.339101359406521
1.670257978093553
1
4.396818275904933
4.196013580840283
1.9933867072372775
1
4.395389013058331
4.195153756597383
2.0396002563009157
1
4.420087129912768
4.058319692523378
2.0620724551179825
1
4.562399812944711
4.016590957978016
2.1008613843634163
1
5.2794767103666205
3.6626994119874126
1.4476738749550642
1
5.543500416696606
4.323707131538309
1.575907450602935
1
4.766917011229557
3.8896679194481134
1.9277047657156658
1
4.500844147944924
3.922298502427981
2.0980941283208794
1
4.349166523071242
4.053898951347705
2.3980416749746363
1
4.509466525136286
4.250814262402882
2.518542731368398
1
4.404089076601623
4.227033111776803
3.0881297471901634
1
4.990448132075088
4.423150113069952
2.3759285114619275
1
4.63488584336333
4.044154647257164
2.341850582820589
1
4.6148609996719445
3.772310159881174
2.0925489237043524
1
4.682765823828057
3.8456115942301783
2.1709218771231438
1
4.330683102477353
3.806056155829003
2.410034625905735
1
4.528329378359471
3.936783055502968
2.35467175607658
1
4.095528271050815
2.885308467808683
1.558137044456038
1
4.583469436554835
2.715425414877422
1.4128386020505874
1
4.153067576186934
2.318620050308866
1.3268863732060505
1
3.9301309389688215
2.8575081036399927
1.7159168406344085
1
4.216526615554796
2.989108419142757
1.745782910894037
1
4.59063643407489
2.7272090645714098
1.5335854671598936
1
4.881461972533803
2.8612979072532148
1.5667060839345697
1
4.542515563466987
2.737525755659765
1.4987911175650233
1
4.690191213923177
3.365167356350162
1.8205125770562307
1
4.83959535588002
3.5684805007690237
2.0936886209290577
1
4.10924928690196
3.396658601720908
2.166218587163559
1
3.9404435985947748
3.271306795199109
2.1768108880016714
1
3.8692405657303497
3.2553906177633296
2.27475799994271
1
3.902002662797979
2.81692040294115
1.8628511167792796
1
3.601359216481374
2.711152946089367
1.863641617728431
1
3.7016703137821985
2.7754602408500397
1.857844792253133
1
3.8620012556761534
2.8661739645782776
1.8447607614353492
1
3.956512241380184
3.1065455126204147
2.066661913256026
1
3.9760028142275194
3.058822795444944
2.055898949194333
1
4.005166252825392
3.07818793600195
2.180530528287958
1
4.014206897120178
3.02533176909945
2.0673462509063896
1
4.178650875699329
1.9342490313076592
1.6681150954691988
1
4.160705313272089
2.037272836091534
1.559329488919408
1
4.468588839653192
3.2367878001607284
1.9629284130817337
1
4.4687531795468125
3.2467028651935306
1.9496222813122164
1
4.793963654934062
3.6967973223615154
2.4218275747650857
1
4.961893281816773
4.214304551035467
2.505786298265058
1
4.952896315671256
3.5432977774148053
2.4153091937058853
1
4.902272644265896
2.9870879673975903
2.323044213232136
1
4.441405623396378
3.0136427332792826
1.796543575780165
1
4.560093851911048
2.168635408884206
1.5884704105294432
1
4.715131354089719
2.613214751239279
1.628248429165253
1
4.790866226072151
3.2644495736601997
1.927996895664138
1
3.788608768969677
2.624222699333518
1.6307962762518324
1
3.7059384255432555
2.7817011118376356
1.6591315393359873
1
3.8403708069327336
2.3377261222605283
1.3521922558386943
1
3.409382424206815
2.164059116853024
1.356204857763618
1
3.4696283929842346
2.3207561735245372
1.40927937529023
1
3.4843540495230783
2.471982250427894
1.439904592693903
1
4.109662782769314
2.988259823557091
1.5323775258928372
1
4.124626067336705
2.484214312127211
1.5210369956030936
1
3.953602265789278
2.1648090556254047
1.5622190802934628
1
4.187431827908475
3.176441430411467
1.7022889487207529
1
3.7372359628588034
2.383483236575055
1.3374661777410268
1
4.076085905257472
2.862353815054129
1.5632325649759502
1
3.9087560014344245
2.074415706834213
1.2233096420789726
1
3.700334012185438
1.949174614291421
1.2090755664300146
1
3.7717262140121135
2.1632620154749547
1.306700486176067
1
3.8379062291847554
2.2430136639292577
1.3012401234203645
1
3.99789795237673
2.5761987893844895
1.3988848667962819
1
4.458421820955346
2.302953067555561
1.2336336567770325
1
4.359544165896883
2.510185473587715
1.2864940752291327
1
4.260706340996598
2.492074087240744
1.2635625201882617
1
3.964756654305015
2.925101215243399
1.5208292543146094
1
4.1801663896597905
3.410457017798885
1.7429144038755606
1
4.025222601470201
3.4521410296221715
1.8354886149360983
1
4.598137812200259
3.943659137680895
1.835468280275048
1
5.3205457296102505
3.675452033626798
1.4650231420920223
1
5.116041500555512
4.009120182601021
1.6122539677919354
1
4.985201987324387
4.626708597295449
2.264940660202104
1
5.346082700860698
5.012898567869647
2.765323059046954
1
4.45907254442969
4.20551927378402
2.605199892745952
1
4.045988087958622
3.611878493188793
1.9403785951035146
1
3.5484368455515107
3.365201306911933
2.3523195310033853
1
3.576204881785136
3.3121593664144147
1.972415971804575
1
3.4736181118747886
3.1938695904002765
1.9996748496021088
1
4.315886723530418
3.9943685397161848
2.2846301510486953
1
4.024364660535676
3.6747903403787934
2.1095463933156533
1
4.202459209968622
3.7949398946042603
2.233177014389309
1
3.760759659325811
3.429632517806737
2.2399321978169127
1
4.629328166874696
4.1037729172734325
2.4703279401410794
1
5.474815397086666
4.296412505574833
1.9045751664466013
1
5.879126803489661
4.2085306959409605
1.698761505172173
1
6.567181523665159
4.163954958083003
1.6785623800966853
1
6.911596271505768
4.046398940712389
1.5206976714096363
1
7.339607210894212
4.132268596710655
1.6133970810091858
1
6.024703526820837
3.1590763972629348
1.2327891051579258
.39748395242141477
.9093407073562695
.5010198827056348
.3977719014462925
.5651441167478324
1.6866208468793462
1.0128168491172622
.5663443788839311
.3435800411717903
.9409401451995163
.35925136432355814
.343716053676343
.5596400057134339
1.307097166123039
.6783121802206643
.560132710439743
.5400484831481138
1.2814454300736775
.6965938838067335
.5403908137784112
.5271145320369206
1.3915733557183398
.6883994842074759
.5274283055908728
.5124800290276136
1.1852128263806283
.6710924905936319
.51274598898754
.6715341474281452
1.7277376460310019
1.2229224065283506
.6861438579958203
1
9.046930705766295
4.292087426946542
1.6093640922720076
.9820257532556816
10.14408806012927
4.688301832965096
1.6315801332688262
1
8.479328116726009
5.616415556595863
2.0775439479425457
1
10.721535739144258
6.903687358610741
2.2544368554840992
1
8.058148832934563
5.119964095043573
2.0371988776144234
1
8.070703686841696
4.893005128755641
1.9046140733183037
1
8.87169530072083
5.365328957435416
1.9666589881108392
1
8.56170538763551
6.752249275005654
2.910089681588716
1
8.109480204683498
4.759042713205674
1.8868641519136642
1
9.580410605447563
5.370678018237361
1.883216304598108
1
7.589368356645288
4.839225754932248
2.1428836531318836
1
8.845305059158672
5.011118336580256
1.9428329904486317
1
7.692523326633403
4.979055646191874
2.1107760541511653
1
7.264903375459797
5.407785703146321
2.5437051806116844
1
10.260109005387523
7.23785405142601
2.935766014533255
1
11.555519914993083
9.153127108545284
4.074859826458157
.9996649444971278
12.417037869277745
9.366287843314739
3.747474310432897
1
12.073887245971033
9.323184330679274
3.861381764536351
.8326073521449022
13.418609038146986
10.302812698698451
2.278292128386288
.926484408929122
14.97472242948029
12.74040668039178
4.886689320885745
.8153683109541447
15.169458919708086
10.706274569142465
2.1550218991777075
.7873875611783163
15.294464727286227
12.66603438628828
2.1467821194657666
1
12.68766260830803
10.69755810868321
3.6969186769860602
1
12.012269256547324
9.873367571361596
4.022420627020372
1
12.76932256391602
9.552331286147544
3.4087756144069035
.8199696965990189
12.790644183128743
6.60654827400271
1.626424262580359
1
12.732484097792666
8.473529534472224
2.370248519154553
.8969607289016721
14.00987972555848
7.927512914834753
1.9395051218664878
1
14.076741144075648
7.453927843627537
1.887302119568666
1
11.837019518100421
7.396513953855993
2.007077608830978
1
13.411396908983562
8.15837008202926
2.072586260777042
1
12.56480883935245
7.9549709210723805
2.4328209180512483
.8994304219113045
13.489911903259447
6.68084895026496
1.5460521048099
.8562634058876155
11.097779796601575
3.655324627075471
1.1395256974858028
.7528576601298271
10.439124222152056
3.6899777776960017
1.0327999137729167
.7193990791553218
9.031994789317858
2.0702287091703857
.8639398438855025
.9209664446875984
10.103958996475988
3.1558039909832294
1.220288364290085
1
10.481633105791225
3.337976699649255
1.336410998968544
.8848594470589218
12.169987809928978
3.734495244967811
1.2046625277652563
.9672595646067551
13.185860021906608
4.433209667158554
1.369307492474123
.733718098886256
10.132401895565401
1.7289949096161028
.8506895205002264
.7696499021377695
10.797090221834802
1.892061870264876
.8603581988322068
.9386353228582434
12.352865291603889
2.737253267899931
1.1548721845335257
.5936316309256526
3.8345652195510254
1.0670201994937745
.6401312989712885
.7384093886921106
6.68288715931983
1.2661345034782814
.7674018812506604
.6776395634846366
4.569232714501388
1.0930624849713364
.7021088033147007
.5961297779691742
1.9697101355341085
.8459582472781219
.6083033291974448
.6883331254535783
2.5793619293181838
.9812864654251389
.7051527589904443
.5950458079148053
1.0302312414143904
.7048777841307919
.601535119401931
.6304764138639128
.9460306358569143
.6948358557103057
.6390158228098933
.6469861441872915
1.0679360112890348
.7528885282189941
.6549110788191318
.6730170364633739
1.2260338107591102
.799095861793277
.684734978562417
.7525532349490263
1.3339193489360328
.8765270613988633
.7825280684938982
.6531302108569365
1.295606240788392
.846971640583809
.6699486858176459
.6184336244872293
1.077927118646435
.7587320261039666
.6385485143874624
1
3.732369778435695
1.4603699730790691
1.077606543738182
.5737757459887205
.7634440244525326
.5740526491626241
.5737769454616233
.6749429813409766
1.1449411000410146
.807787942848242
.6818708218596252
.3902684958290373
.4916242572188001
.3903945923559055
.39028050042785933
.6719345352544871
.924291237972963
.6912287259232368
.68499001612031
.6787226143310401
.8406675862164392
.6915778460617418
.6873863560169763
.670185713753843
1.0058688395586608
.7789045356764138
.6828421248548386
.5208179598328343
.7943129027508378
.6096352953526532
.5296484440274035
.6221552999297931
1.254950980702433
.8832651550747371
.6624809432800773
.8779046252617257
2.49828349661502
1.4299574831518824
.9712817367473502
1
2.2459542088421567
1.4452208224760346
1.2268373662569632
.4951013509680617
.5945756951518887
.4952971813202332
.49512016257114694
.44343170487221106
.5316884019402812
.44356755099452605
.4434335949511211
.3444204532224285
.40839115157200845
.3444541829647371
.34442182605559885
.5123558074819787
.6225593900438126
.5131100549096927
.5123768242034972
.4224004502544809
.5125149543951013
.4229948107105965
.4223987399043487
.4370982397146758
.5829442106828686
.4388739071022465
.437104159572995
.3306459928498421
.4324352107116962
.3311167137716798
.3306471934213516
.5442155768805498
.758250532623382
.5598927375183566
.544260131713941
.2891485762728983
.40748241723560047
.29257798252676637
.2891627007588461
.1518503886313995
.229386507094218
.15207522503825174
.15185456883336937
.22775678331949512
.32227295547624585
.2284901542025737
.22776027959540765
.22023789325873008
.31196010884450515
.22343271007531562
.22024599033624961
.2171210321352779
.3115091346815086
.21787513683035084
.2171246842836893
.17432942712118363
.2753326647443586
.1749719286774939
.1743342985279327
.2024198154220548
.29345294067309624
.20544510485996828
.20242487337487677
.1767006527244789
.2611343008828728
.1999255169598627
.1767097052563946
.19141031435064848
.29259150328915623
.24749886217317607
.19142454139834347
.12926796723990905
.21727866528676934
.16299101227655596
.1292784053344157
.22847912970597292
.39939529193801865
.3181208359838577
.22854871585238964
.3009265239345699
.5149455658165648
.42250044392924757
.30108070619012134
.2441969157087036
.42026340508871296
.3342563100612569
.2442563496095587
.19972616445381475
.4035601147433297
.2704235950864427
.19976892198340468
.23039596346637334
.4676302706930915
.290312752318016
.23043493127434125
.20601498366831306
.39466991231728754
.226293081419616
.20602845471167902
.16428144100249079
.379784405136669
.19961908746282153
.1643000785439131
.13371873665387266
.298584314616156
.15194985834564284
.13372702786242202
.20789645400908768
.420598361818023
.2498377298119663
.2079158760051988
.07463812472013723
.1850727285389704
.07630049686537611
.07464038610671427
.09922190533321541
.17545304817980942
.10707580804671091
.09922172377672281
.07477616694738382
.12658656128975956
.07486586941173302
.074775307009227
.05407651606159042
.09823901485927951
.054067093079859435
.05407638397975819
.07160444930362811
.11326294747971542
.07159488526364417
.07160398181819186
.10262537852556781
.16647284748020613
.10400327061206208
.10262409694571019
.11178900255791413
.17627085392985117
.11214044991632052
.11178874177099633
.12319955511691262
.1863080577715435
.1350289973828839
.12319562443812927
.06917551446154298
.11566086411507581
.07217678898347188
.06917466490451823
.11082870064359153
.1771368425859375
.11261048924042046
.11082641283923342
.208747575178614
.2831426672897951
.20841192249573767
.2087429272988763
.24050818828615975
.33022923097580176
.24026162974443271
.24049898637043668
.3279058463503327
.4593582979237713
.3279499319229193
.327898862551454
.15243984160657884
.22092048216039226
.15242576558752544
.15243600741190336
.20782981200396644
.28526881744730176
.207794695602836
.20782877906070948
.27003488787081775
.3333800791222413
.26980839665072626
.27002706654777003
1
14.693478135540163
10.775089290547863
1.8357186576014277
1
6.353936684816076
3.9975176143654196
1.1645733215434615
.9678087558644173
2.58158159051918
2.1722779951092375
1.283716311239014
1
4.412710398400676
3.491562585358751
1.519404888400458
1
12.508582307296685
10.217025386374186
1.670122788337835
1
14.41373978105597
12.746764821515045
2.274080844617561
1
14.54015745702853
12.908850537061562
2.1649383131152584
1
13.267902943105861
9.883091257810703
1.4292619620717062
.8867394390983013
1.9124684715315372
1.4512910945199664
.9274424865339412
1
1.369528400669173
1.3405562806969404
1.1056150780228278
.93762029639128
1.4117464767752634
1.1415650441660654
.9847568974182828
.35635311763278976
.4330928777407012
.35699990473830734
.35634012304131696
.9521918669493737
1.1586404198780365
1.1692279267057084
.9991018525162203
.14962054718355833
.20673066305933502
.14961474320969192
.1496089760819765
.08148469312542857
.11607292923421393
.08160950107345159
.08148375218033833
.07493592085935231
.10550172638439216
.07510022685147824
.07493660617822272
.07977117894324433
.11807156795301876
.07982626037350667
.07977145873856692
.055773541966292944
.07723489384004835
.05577754231803886
.0557729761963607
.06231399627342097
.0907461254792737
.06231425502776066
.062313393468166396
.07604429773364821
.1224495870303761
.07607105635489442
.0760444034044779
.07213318252361027
.10682708602756394
.07214666894808966
.07213321242788216
.04776439968529344
.06743825873997317
.04777632568031421
.047763777926445386
.06479231508651863
.08719134197465184
.06483275247661448
.06479220752037328
.07754398373588131
.1009910375372908
.07762527032201028
.0775441319720982
.10553306138133575
.13905099195227102
.10839832107481698
.10553259008827147
.08799255223107691
.11203266829232726
.0880228338287402
.0879923825961199
.0957153559049834
.12814412933579047
.09582105029389766
.0957169311409929
.15023264526778676
.20555037187557232
.15060323454229127
.15023825464323504
.20042050609067572
.29552702005090464
.20269137051309521
.20043019670367357
.23039853228857968
.3693974889926247
.2704572980113565
.23041232528401168
.46081021856974036
.8651322688106328
.7122208005522971
.4609151298695872
.31063764181643766
.5375525577950209
.4164141820522139
.3106558960624323
.3594504424724883
.7521118005931264
.5716500612631495
.3595612231184538
.4819264763477331
1.059184061674824
.9202892571021143
.4822078476850835
.837497646925017
12.536788411914426
8.93995285660791
1.0418356055029614
.46134303018781814
1.305536701929584
.7973499637988654
.4615136530009963
1
13.42744546889003
7.920144506983449
1.1317567915458424
.8134667628109987
7.611525757262304
3.576379805363937
.8690205489576708
.7566865856571099
9.850377553825053
2.9960502734907877
.77912478580216
.6677784845893087
9.315810551363422
2.8856566388035776
.6932506571413248
.7056224389146329
5.973642145285892
3.552842156385761
.7325016271579036
.6678136872355869
7.146338185315725
4.152443118880734
.702818423792134
.792144936622489
7.86380153084282
4.602810130501523
.8266047132084597
1
11.192184559585183
8.435390292289615
1.051295573825056
1
11.428880624161375
9.171256755249575
1.0889549291466323
1
10.370532624497926
8.046304213681067
1.0434055429042532
1
6.654337415693857
5.161433891946272
1.0316982088316002
1
6.459811337089012
4.490906237621138
1.0405614813520034
1
7.535571964378213
6.113258889424714
1.069646900573556
1
7.698489295846769
3.9618859639544755
1.0499563493412807
.9494828552017912
7.840208473811508
3.876994066703096
.9660135966211205
.9015986378809472
9.356756287033745
4.752692285784602
.9177548529654243
1
9.833714836201224
6.500256347253189
1.0722086823850572
.8186344714968204
10.73213024146875
6.070953780752613
.8309724028682545
.7654371328203938
9.659678391205839
2.457474852493385
.7748587272291981
1
7.495840778769981
6.1339275479617035
1.1258071675155055
1
8.836679315555239
6.255314699564927
1.050882714278095
1
7.835837577475877
6.448388219466189
1.1016696142025
1
8.810968682455568
6.746723371111443
1.084159032057191
1
9.24093187688
6.300612226199784
1.0844997856169076
1
8.150737520015802
4.3500598988742265
1.074767486242511
1
7.641386766400685
3.523233663703955
1.0868146197810122
.12786725414073202
.45416977398178754
.12814270198632055
.12787218731026156
.1318698595303539
.4320721310727647
.1321141700834588
.13187706729408438
.22477841615448302
.6890891797731159
.22519433920620163
.22479587428810052
.17444226912219704
.607137219055962
.1749494507889717
.17445157596467425
.16444890044173696
.588209413537107
.16499699493265604
.16445948947049474
.11166765989625647
.38214169779730384
.11181874247697723
.11166952213697919
.19064275255826646
.587869111282859
.1913434823381995
.19065163177361227
.1831476391821396
.5349238572035918
.1839308200354379
.18315489590390954
.1571205867278207
.4270037808601399
.15725772710761832
.1571255472426335
.18337230575400448
.5557627163076441
.18361294553822768
.18338110747154146
.21347945196542303
.6303599560685373
.2138523430272154
.21348969300856163
.1732650353259801
.5505988407424903
.17352362178869182
.1732705179142539
.2266809925336869
.703042588949859
.22693132520271242
.22668775608138073
.28980308023314455
.8827785749361852
.2901582872509295
.289813668139532
.3871345797084153
1.5454223038883559
.388361213284297
.38717015150775036
.29133796735595596
1.027295140309645
.29185099008113585
.29135602583064996
.26244999455346385
.827348054891042
.26256699191331095
.2624589612163579
.19255927424509078
.5523547929311717
.19260160749078872
.1925642722220471
.17300021399964224
.5503964785603784
.17302492297096977
.17300430803026168
.1402186228574792
.4927622490593167
.14023930902616058
.1402186267681194
.1855996393913278
.5941372011143051
.18563257007920012
.1856061283364138
.1676893556255715
.40095988393651544
.16770601402509563
.1676897322101648
.12605102945956312
.294650422704592
.12606811900229606
.12605125679910714
.13033150823183892
.37867829577385936
.1303788482577654
.13033187641306251
.09202207816857066
.28159407298168715
.09210962377590821
.09202277650556859
.07565095944107131
.2526558253381477
.07568440275619241
.0756508158121797
.12009874048024523
.33613176808498857
.12021141836946307
.12009952082638606
.133850670299029
.3686921946798176
.1340638774694746
.1338521731828295
.10791673034680475
.24736827459991248
.10821926594978129
.10791902096531296
.08813304907043182
.21623485455694105
.08822672803328449
.08813477751147951
.07644197467451398
.1446178920792987
.0764924188261289
.07644275486932108
.11487236857268376
.2589049914689905
.11541079040339276
.11487874444228603
.12797159268804992
.2546525721218122
.12880474260292618
.12797919546546746
.1451456454143664
.34716474286728005
.15141642285765514
.14517664219278367
.12472570704355247
.26998334836222293
.16428579213645625
.12477900068381051
.143140368981145
.27773151874960894
.15647397517999465
.14318880123035768
.15897336235206969
.28269246630134154
.16707273072157075
.15902121961829152
.15619335200070655
.30329910775451524
.1594523334913213
.15623317117400587
.23859663996872618
.5514039106124914
.24775906957853927
.2387211584575648
.3933629464512429
1.0321387200873462
.5324851277402078
.39393998737240016
.3216443090543013
.8476527013546451
.34334636018477643
.3219172456998525
.24789275534779975
.6359396885350799
.25709478652678835
.24808275497884474
.24019121359316106
.5515163249899692
.257499769221612
.24038738249875527
.1912253610866994
.4538439686082369
.1997335795631245
.1913201432195324
.1659350705011336
.4679846201746011
.19432237844112119
.16606077603852143
.11737359822537924
.3862782534797945
.15848947091246623
.11748603298546469
.07155510115924231
.21256822565223626
.07821747973740134
.0715986391118179
.11724171905375229
.3097573348839688
.18548790181686298
.11738634973744465
.1720661842319376
.4515468322199003
.23128517921460526
.172208141515656
.261090605296361
.7157076493668977
.32453675010823424
.2613111104948447
.22438127822731038
.7880821758912342
.5213347618684457
.22480408885220574
.12252126570954211
.5153063030132705
.3360957112719503
.12262661114023855
.12403741517757988
.5007741084917496
.2604042656499634
.12411563444941334
.13146557636310585
.5377140368398777
.25276621683283323
.13152651655326636
.1057132669235944
.45818943162336184
.22541987691072593
.10574008524157334
.13289768612301803
.533230621202348
.2448355556226066
.13292058585408353
.07125269411710711
.30413058116362074
.10668398087333052
.0712593704623584
.10653767163736623
.41349962255963324
.11426657011708787
.10654733872839225
.1541248329512593
.6760715107659159
.44906125804634783
.15417002568852523
.2598156467737228
1.149300223417181
.4633804037318942
.2598936850620207
.30544113588032884
1.321919188712013
.8362801517287719
.3055585041432697
.27063370161571304
1.1703659412129883
.754785080635095
.27074285070324144
.21850845780430075
.9184680354971864
.6104202690628656
.21856457390594364
.1448657635372604
.5388381678893295
.21834610837654947
.1448781406753823
.11228347879535774
.43226906804132054
.13265584872102348
.11228945651898996
.12271186094169387
.4085520194053543
.12577303194355374
.1227189801866594
.13538594728161701
.3773170950765058
.13637991903998065
.13539210693890769
.1446395498981381
.41468793436487394
.14569444616907257
.14465043001390138
.13652868200661608
.39199008309049127
.17919936743150203
.13653831718182452
.10260132579664427
.3300369785021504
.15209642925103878
.10260593164498934
.15094415594152044
.5170876710180795
.1541744727983479
.15095263657191094
.11139514661119412
.37281269421978114
.11250912343838274
.1113976744800581
.06099067045993351
.23541329684384507
.0634414154995836
.060990393210002485
.09577216267221936
.29401106196227855
.09671592551982112
.09577440076519729
.13134823459305756
.3619464331696178
.13198655302417184
.13135008851456606
.16465608484823047
.4377830991984782
.17599039578912645
.1646671568238761
.1797394094150915
.4507707911816039
.1803614202287436
.17975278768349987
.19741817406863285
.4791284174046903
.19819855258696129
.1974281299503408
.3842626798517604
.8522051009315116
.3845294268202258
.38427013208744554
.5059371613169702
.9483160463392963
.5064366940805223
.5059491407798002
.3665475821664373
.8284325766967976
.366957659013387
.36655022042914254
.3520509408025235
.8425899091288078
.35242929939537754
.35205785171540244
.3002709175985126
.8673022140303451
.3009806968371598
.3002731346034786
.3315032204529699
1.094239043245155
.3339645867627657
.33151148682452164
.4044694737949327
1.2719406588663333
.41068582886779925
.40448637234149054
.5240817777226994
2.076577243775234
.5289824395883278
.524108438128594
.8718632017991835
3.0109885156277474
1.1132168661940558
.87191961319049
.6488277178449685
1.5826419406845988
.6924493280267993
.6488228216265655
.6577961473222022
1.7777033673598532
1.0150981244614072
.6578256000951317
.43631995125835094
1.1564957248999908
.6489415251888664
.4363422812038618
.5509988068945387
1.2518399728794285
.8667615018418421
.5510443514340335
.6180853848508814
1.5021430707874819
.9847041565029624
.6181387907785312
.5679267168072756
1.4311533612198886
.8729997352803843
.5679694587023307
.43445151276969857
1.2165341010412916
.5944593649336738
.4344756634979933
.9453448661928965
2.8044041407476237
1.8656247194791944
.9455024332756792
.7992991671015994
1.7276841284180042
1.204542019830447
.7993306419818255
1
2.1666215498257504
1.4648747642937783
1.0001232307848917
.5667954047361091
1.0804629258340688
.7080275840730719
.5668204138739472
.8943582080823069
1.5077579545224185
1.2272820145779852
.8944202246040445
1
1.7359111204579711
1.5823857900601765
1.2021356151237519
.5342376352300399
.8622646188208575
.6983257865846635
.5342164064210951
.7567120943761755
1.3045791833778189
1.0009893812820698
.7567084258252467
1
1.2860216962000066
1.2129137299939425
.999619715122309
1
1.18083617100071
1.1286936915415764
1.006165328981102
1
1.0294400667371426
1.0215023886702552
1.0265675875623355
.38688198989639233
.5661215563514036
.3935963581724519
.3868729519017765
.403055071819968
.6844960687692254
.41034034073817915
.4030338153686172
.5482292228415665
1.0159738164022745
.5541641556074733
.5482092131597505
.3447170961095845
.755327976708914
.3452398716137223
.34471949950762343
.34514987969885597
.9711981519686868
.3477460029733039
.3451691339004922
.2945562558154086
.879627262822211
.2962111265566206
.2945674890668653
.4402622585739077
1.11034330222847
.4416471963888235
.44026738992124226
.3074287781687542
.9431639910664211
.3095501033426394
.30742114610390453
.3451680573950501
.9695206962304085
.3907294173700568
.34517829240086983
.5979526184836061
1.6910200050247128
.7167080426737181
.5980978989902631
.6462903015633127
1.8408991237134158
.8348120553208158
.6465792281124748
.5188367589349642
1.687693395204214
.7210097965749767
.5191268024722568
.5948989517409002
1.6257184798448123
.6750096483100139
.5949441119086274
1
1.6171066778040506
1.0373371369893458
.9991757448670064
1
1.6388980653583072
1.0860875268605572
.9992824293685666
1
1.6001143183036497
1.0910556110141492
.9996072089198873
1
1.7130054429878023
1.1415560332328998
.9987952616142102
1
1.7511057492528317
1.0741204355534388
.9982937925053497
1
2.1792468351233634
1.2047518738856742
.9994347360874929
1
2.372381064499418
1.343674452582781
1.001187075374778
1
2.228924477642874
1.3570631521945442
1.0012597015720197
1
3.218909006541022
2.163589415552669
1.1578495394999953
1
3.0511411072154315
1.818809389537669
1.0096961528903265
1
2.581942231331808
1.54323431281882
1.0029376168643087
1
2.107812376368999
1.428150317428733
1.0523720451037881
1
1.7821513065616226
1.2049193681466044
1.0194147391261303
1
1.9409992881585798
1.1095582630913294
1.0001374716885174
1
1.851831232960978
1.0898921832739616
1.0003149777946758
1
1.995310720524398
1.0813468787462417
1.0004373636563635
1
1.8364221579873259
1.0447684258180467
1.0000582207734536
1
2.6263173591969484
1.0940105982280888
1.0007987705923336
1
1.5271553433585334
1.0482881852565462
.9996408252000977
1
1.4989683300546528
1.0597043981953362
.9988972473807542
1
1.3392815368484707
1.0361310340388457
.9981811865588419
.6924925337937304
1.1391085890549366
.6932308670555544
.6923848236785839
1
1.2346878760559623
1.01060909970248
.9990584289657499
1
1.227190608911425
1.0381770603519596
.9968107106640007
1
1.3482954244205965
1.0706633207047445
.9977553675399419
1
1.971456572974215
1.953030475233317
1.9080685468910554
1
1.3780393957116783
1.3550940326358505
1.2938816515541436
1
3.212442333700572
3.1262592262703928
2.8368481131942196
1
3.3314514529159602
3.3007043850038844
3.2146073566607902
1
3.3468827350467354
3.3360439935188526
3.3041739758657402
1
2.9294010648156013
2.9166829546551636
2.882490415389125
1
1.4552174091285943
1.3876291619089751
1.2021264904290299
1
1.7259925084286707
1.3305147298793307
.996339486172663
1
1.5527748146383102
1.5327996700007636
1.4450453231551217
1
2.103185364045908
1.3227409702321642
.9977132553752766
1
1.803855855587405
1.7908626477799305
1.7384883399130677
1
3.5041095086305267
3.495303782652439
3.469196479720214
1
2.109391240139676
1.9964588032703612
1.704091871728516
1
1.90049628049986
1.3279362765967546
1.0012106936600806
1
1.8635372057855126
1.4080650281364606
1.0020552977332444
1
2.5774592207607157
2.352643730890064
2.049704251189568
1
2.2342917990838993
2.0369322038966096
1.8482316541040127
1
2.742491439102105
2.5820784768120606
2.684264237217861
1
2.422275172079064
2.3437585724510446
2.2469028979030967
1
3.527573226992167
3.3221628832310666
3.0601735762630313
1
4.87538239717083
4.796868872679736
4.378266369060981
1
2.0007201234596375
1.8644989983224747
2.1474050351090743
1
5.887207164271121
5.56287918994467
3.9112237479642658
1
2.762239156582594
2.5994145675834357
2.6906482032764205
1
5.831894514959688
5.567448457072131
3.543636875125845
1
5.661621511723279
5.40425637937137
4.26816757194073
1
2.2655488118879576
2.097198788435534
2.690030551214275
1
6.9464328684999845
6.386200345524268
2.776085316935545
1
6.225507952629698
5.979159456686654
2.2054366520863473
1
2.629008380984385
2.3562030371057814
2.2187844759171442
1
2.65571965831904
2.344055941358808
1.9698144560925297
1
2.277497632411935
2.123427839162373
1.6344352372793243
1
3.5614240063583327
3.3905392274108874
2.8173772899963687
1
8.032277382975007
6.622071449179009
1.7411047629673464
1
9.040731863975159
6.782539837824008
1.520296091746028
1
7.692742624128103
5.929750458993504
1.5678813144605213
1
7.613584597570358
6.091291659835711
1.575379139665336
1
5.204312333115839
3.120531567833312
1.1136899118422732
1
4.182699273510503
3.1414229612348095
1.3351038762848098
1
4.442704597787161
2.6093884338003837
1.1760250024213668
1
6.093652096982022
2.300704999073058
1.1304336718294348
1
5.1447225032763155
3.409575571229107
1.3039802938678582
1
4.295953338971477
2.6368417643280884
1.1848116634613006
1
5.6243928660330065
2.958976698895966
1.1803036407243046
1
2.4839158899789475
1.8069012044122674
1.3630207364432065
1
3.0963210587486962
2.202260630012131
1.4762993935763418
1
3.6094307401433987
2.3593531610865806
1.479612945702415
1
2.728586214231632
1.7375276002359248
1.3138602523916225
.8586394504405858
2.2725614370436573
1.4737925239924314
1.0642798946839507
.8875019128923893
3.4030819170364217
1.8396741929428455
1.2729094065218727
1
2.2031428720840953
1.389054151441649
1.164810195990056
1
3.2604833835684044
1.8094694396001652
1.2730197981723617
1
2.9681407421273716
1.9389037617087241
1.4047433258489657
1
3.2404875051872017
2.025687750417882
1.3315963275493332
1
2.637909793729662
1.6574216856254107
1.1881248631165733
.8829446314815399
1.9023092115921143
1.1439188380367808
.8834648588908891
.7597621709118979
1.6897797605034095
1.0219076134023182
.7604359434582535
.9042696411446295
2.7664649708222644
1.4729692287469192
1.08297018160699
1
2.305185511603815
1.25853183324432
1.0023874410603484
.9972313210780993
3.6371546255647242
2.242348778693793
1.4057088131446447
.736144944154128
2.4566065530170547
1.5105129518236984
.925465923458369
.5684509596359753
1.5569131809305332
.9619321174810905
.5931510665654038
.8092991548514401
2.0931887585497
1.4274620101760567
.811251264421229
.5480971271744887
1.3816153100238646
.8918312215411642
.5490138647379782
.49977920478296517
1.4529827350220939
1.0104043328970111
.501676891989973
.7030113821731306
1.6375524236716152
1.2163837916382865
.7071191618234113
1
2.6390564610047864
2.171188115289603
1.3163237339435068
.6842252631359539
1.7484045708786498
1.2304452110332273
.6861911869596823
.5493650059157444
1.6706228072506089
1.0983853336674971
.550766329530592
.6215630365477093
1.878490349461223
1.2886957986867777
.6232249834897297
.7175453999000302
2.1355748517090514
1.4099483908880346
.7191360249936731
