1
1.9175858744179668
1.8016152871927806
1.0748467855787551
1
1.9623770509878777
1.5876517398346317
1.0238029290953712
1
2.000238216000265
1.5501239085358038
1.0129264504425235
1
2.5793212538959818
1.3532722222650786
1.0054082331310323
1
2.959702422826114
1.1401064118606126
1.0043931752198665
1
2.406111765005872
2.0404916609113437
1.0234233337387035
1
2.012409505473361
1.8080045330099106
1.0268824779779833
1
2.6972388061498154
2.056880351157768
1.0388996725129187
1
2.773456887404778
1.3876681131720743
1.0188755549357866
1
2.495121969495899
1.3639273012978863
1.0248613179388906
1
1.8773864198430694
1.1034391874956087
1.0050934072674884
1
3.5424041551446868
1.4056229441191985
1.0049009370267838
1
3.0502129209305338
1.8487584582987215
1.0504028525881333
1
2.6929207391807806
1.4948353038891729
1.050906536725189
1
2.815117493705725
1.2861127162986512
1.0214675547611658
1
2.3450940896077435
1.1098843894972443
1.020544445361339
1
2.378706246003162
1.072709281128996
1.007282635812473
1
2.3962233205252437
1.0953181892326946
1.009996085628941
1
2.714327430367245
1.122104772516686
1.0089446400973785
1
2.563814598145518
1.1383724550907859
1.012260535918976
1
2.92594746644253
1.2716075945754617
1.0268991206495839
1
4.2343427933840845
1.4316645963283996
1.0355350282062392
1
4.222760072664241
2.915435305200877
1.1059672104447638
1
4.333682962631034
2.8428196028401245
1.0936079107704304
1
4.73019060054692
2.573475285781271
1.15572924177247
1
4.193911087590339
3.3497474932082576
1.2346743795233066
1
4.418306782418681
2.5075673351390986
1.2270506306028068
1
4.846747295527945
2.4467834085917954
1.1938205815656309
1
4.412818247237386
3.3027619443144807
1.3038334541267163
1
4.903698072445582
3.510410285303677
1.2323238125295473
1
4.925202703882386
3.3918766939419367
1.1949875115078759
1
4.351098529121826
3.1737077953400474
1.207059258637001
1
4.658715886395253
2.290363934387903
1.13449827682115
1
4.595006283982065
3.8083968309357594
1.3506760647969882
1
4.120992710236031
3.7361433668794946
1.3901568001349598
1
3.4583560792997914
3.235966984979785
1.4061636226946996
1
3.1943877882150717
3.0299484821908633
1.51981577752144
1
3.6678375413912065
3.3963347664767958
1.513608495742956
1
4.100791361777704
3.8813023753947036
1.6077783993611043
1
4.373384559595437
4.033483865598664
1.5121450944849233
1
4.369382936559981
3.810351408132535
1.4682147168037947
1
4.236556099064073
3.744107533577687
1.3938442025061561
1
2.8560016218580184
2.6882827565418075
1.3382240296505792
1
3.4879813114983715
3.1935581079899236
1.3110904403491175
1
3.2290423513437663
3.0069100512757716
1.4369352271032823
1
3.1722996883933288
2.9639517949182204
1.6634854979717344
1
3.0511508338099067
2.724536182335013
1.474111191749808
1
2.6859077410328247
2.278977902350188
1.2863172514593435
1
2.37933617958709
1.6537460389858771
1.1123326349654645
1
2.363629776627727
2.021793776504395
1.1556652495487443
1
2.400314926139813
1.9999885526465675
1.154935416422817
1
2.715638150405518
2.3713817892154756
1.3253003881632164
1
2.6271179831392355
2.3573194878724806
1.2562823264967669
1
2.75729827807931
2.5841220193423733
1.3990488020051277
1
2.9553420802207446
2.7541904424867565
1.3902228204696823
1
2.8382093973684928
2.665696259972519
1.3596776301639197
1
3.197736760899585
3.0156037953276686
1.458058840407728
1
3.571407413971404
3.3827821921869465
1.539080028479783
1
2.9269715157078418
2.769605375114238
1.4047556746914287
1
2.9008971400935133
2.787721808297243
1.5307704592643658
1
3.065321567309627
2.8921482687569644
1.3695863141480455
1
3.3548043033929553
3.1714224849730286
1.552438659259121
1
2.9955962042254654
2.832443469995944
1.4709829452067098
1
2.872862242118806
2.741477202677242
1.446624386148194
1
2.7493464374643932
2.605877114152573
1.4390565365211403
1
2.91148575630269
2.7639006154051664
1.3184825994004508
1
3.4821252239910088
3.3124271782003154
1.4722529804036262
1
2.8198681830051586
2.7283395397531622
1.7829314792247897
1
2.6498602191593084
2.569922544622188
1.5050936965455866
1
2.6328034955036848
2.5675041707350656
1.7449683461411176
1
2.4992064205528934
2.4525804343662987
1.9323679825196445
1
2.7103958481450845
2.6666758568955733
2.233636186887219
1
2.3878792265753743
2.352802227727114
1.9529204738397128
1
2.219986801911738
2.1871618981376244
1.763393459452327
1
2.3509201497117833
2.299982731191683
1.5863194411341308
1
2.28947006947388
2.25193215336052
1.7681625575461568
1
2.2957976013309476
2.2500295407852673
1.611034528206256
1
2.738948078492229
2.674004575355664
1.8980263628619447
1
2.4725953091732227
2.403794324904082
1.2004351809147902
1
2.4203866834566052
2.3634787273026645
1.378666566516433
1
2.4097272958351117
2.3530032527099647
1.2998943988175926
1
2.5806282669041485
2.537181603281085
1.9715099422216702
1
2.459505057019435
2.4223727193464506
1.9804946276379092
1
2.3054028340160446
2.262348835823097
1.6892770521997929
1
2.3521066484409214
2.2750134563800604
1.0982113373147446
1
3.1255011831625445
2.9659460881526742
1.1091526694806246
1
4.566022626565408
4.247625048380672
1.1127852558754627
1
3.9579319108312276
3.5418464395026126
1.0449995195846646
1
4.266945892093294
3.488510627762173
1.0309058987064805
1
4.557927929581207
4.007937072889768
1.063750428058971
1
4.607702256557382
4.0465859011209835
1.0432683542561623
1
5.077890375074506
4.514868556232444
1.0557672096330388
1
5.22300995457253
4.415840253935604
1.0356383268516567
1
3.4216090747246306
3.23523205380025
1.122063515574035
1
3.16452912477259
3.0460220366700512
1.1462974987349306
1
4.131254692892023
3.96645492804796
1.2504242136800523
1
4.157477420916997
3.9955407231167346
1.4216062145368566
1
3.9412323438901797
3.7919598108401646
1.4122265266975025
1
3.3732110787488265
3.2706318617358723
2.0829424243863475
1
2.3848073890292785
2.319703375693618
1.634594347340638
1
2.0390014061424737
1.9801459144090738
1.2484163969736284
1
2.1950411112390023
2.115162365345424
1.114305096394804
1
2.1947228522569073
2.117660209076509
1.0939075782428958
1
2.0940125037408412
2.0406027469215093
1.2512520968335181
1
1.9144476221777575
1.881855853194096
1.4982087054857482
1
1.9268383235566564
1.8855403147114163
1.3754740609442997
1
1.8545084379538843
1.8134441701833863
1.3075579368625847
1
3.257974566867086
3.129535146666284
1.1171744457150543
1
3.0360648264669394
2.893529098807097
1.0696994414702286
1
4.025254698695518
3.7994279040424814
1.1040651300219098
1
5.199431043662498
4.699209027387908
1.0609529983115682
1
8.217393835520145
7.47662547524594
1.0834759628975814
1
6.2148640600884795
5.571264859211449
1.048411550764851
1
5.376032391960319
4.566246096325646
1.0268614099822184
1
4.586608151455286
4.105545289992099
1.0577834359785223
1
3.2712013279315184
3.015198005152529
1.0524032817992068
1
2.973887712711072
2.7087735418026355
1.0528584026040695
1
3.622395080639402
3.16725643409616
1.0536204118850632
1
6.1747147459038425
5.348568892720804
1.0800655596034245
1
6.1296205827875765
5.186657121063473
1.060268916264375
1
5.354137531710925
4.4446606146006316
1.074113460511612
1
4.244907644456374
3.512344810614358
1.063218906778437
1
7.708795060104241
6.540154160562693
1.0852665377299089
1
7.322166229853021
6.339060294991034
1.0658445026328045
1
5.718269683892064
4.996914365881078
1.0598663104147037
1
5.479564941948684
5.009250177060501
1.127665465539175
1
4.2260043684198445
3.921838865169371
1.1904821841364808
1
2.6478704585191726
2.500902233602067
1.2209525170486957
1
2.194486486983137
2.129663964279006
1.5943210419851768
1
2.637819268860399
2.525705839025863
1.5169975188381626
1
3.3705561830179502
3.2662855007325984
2.3460814193096478
1
4.043970922434719
3.8542424866614913
2.3150149583875517
1
2.4920126279205483
2.3724420565307005
1.4093030482236824
1
2.317791276169459
2.2256329681050304
1.4491231679280279
1
2.717605208346432
2.515924847176865
1.0979637703052378
1
4.210751396095469
3.934691190776145
1.6728278701195738
1
2.0601808853696157
1.9388904710263912
1.1859810422697226
1
2.2196602836145845
2.152612331274811
1.8134261691013107
1
2.0007023244729294
1.9703649090534183
1.7871245865588816
1
2.1361913323834614
2.1155470106769423
1.9856640403514014
1
2.4592997419579485
2.4085834150504706
2.046867974319832
1
2.4207728889909177
2.374214002364968
2.006850782670527
1
3.2354288099450432
3.140580744365585
2.45954538814027
1
4.3622021399011395
4.298336205096976
3.880145518403393
1
3.2554323208671643
3.127562571649922
2.0788388046122446
1
3.7358512170365685
3.5001247511982525
1.439709547341107
1
3.66259911415107
3.5207631670680826
1.89571817899178
1
4.637600499374941
4.337373190521206
1.6104296834455192
1
6.554999927692352
5.9388913517520905
1.342366688691398
1
7.351505833941395
6.4144355251744996
1.2572392373221724
1
5.980872999952797
5.021106236630473
1.1308489490373632
1
4.815648189291574
4.087424129126507
1.1493979332727013
1
4.320123498057485
3.458805717052176
1.135151851618185
1
4.274268921699591
2.311506780428205
1.0783937819013143
1
3.984253646667623
2.396512457090007
1.0570463314401517
1
2.55879221321991
2.259966193463456
1.05767935567444
1
3.1489707424549205
2.7767937333001393
1.0798942470607753
1
3.376679314455728
2.902655320054376
1.0533156947291873
1
3.8610738839745173
3.531325019397262
1.0629309313712492
1
3.661762004963601
3.452369161944215
1.054147624050717
1
3.1998897492922644
3.0958168101068115
1.1129776707827874
1
3.1928593299963905
3.069285302797198
1.0721632081216272
1
3.500174741371786
3.3552916451055155
1.0826879575096517
1
3.227291828744847
3.107314539977511
1.0794846798407143
1
6.822520159430693
6.6037303036736805
1.2686321039847956
1
6.5774050654793035
6.277688173036823
1.0665362200037418
1
5.475418633484144
5.172089336091738
1.0516536933944767
1
4.884220425220664
4.619759469872266
1.0521929457868322
1
4.071612479488402
3.938482681364691
1.056753009919474
1
4.3148279433696475
4.077463486461423
1.0237907554776768
1
4.69596705958662
4.440345423290895
1.0244978927678985
1
4.258619613344056
4.051748490477514
1.029835453111455
1
4.417763932757515
4.20771152306009
1.0357127949935017
1
5.482929125983974
5.034634713137013
1.029531467567846
1
6.745107084406334
5.8443678532265455
1.0275590318289818
1
4.295354205162521
3.816706578958264
1.0437021510985254
1
5.85280973727244
5.243389839956645
1.063199558469567
1
5.547057001332603
5.034480829554062
1.0678735161698254
1
5.693451114741195
5.057263722322647
1.0786556654162904
1
6.541256750064513
5.951009547070892
1.1032083161003132
1
7.451980771246445
6.537936669386033
1.096259877887569
1
5.941817323740371
5.1896417954370975
1.0943790899187473
1
4.994894665180192
4.052151539161753
1.0565071042572236
1
5.322065938601536
4.191348866078701
1.0620747969141826
1
4.79880268409026
4.138374155201947
1.0874759817567972
1
6.389020124653062
5.52029695996061
1.1076184551243429
1
4.217821015209031
3.3510636746473956
1.0797096765907108
1
3.3904832551058117
3.033270469062736
1.0687314911125754
1
3.2681208798724373
3.0352655454529636
1.0747668458733464
1
2.6542238481409233
2.478595526426658
1.0481546521372278
1
2.296787089000279
2.176746660035837
1.05510988620166
1
2.4567795325360593
2.270875582275046
1.0514215401342841
1
2.0124222213980225
1.8757570870785583
1.052204635436217
1
2.0948217232994955
1.919316344006893
1.0483934947290001
1
2.208868344507998
2.0417793756633165
1.0532008596503337
1
1.7046144556778697
1.6461321526605883
1.071304652282616
1
1.5205917205963582
1.478478699435478
1.05553317603792
1
1.6634461356471044
1.6034147676944595
1.0770769644220877
1
1.8789689378375842
1.7905036878452834
1.05549168112221
1
1.8939756663126126
1.8005054627665384
1.0539047884544286
1
2.101384708874368
1.9197263061495347
1.0408334115910653
1
2.5281897909627014
2.354457768281488
1.0458066677933793
1
2.3647089761968227
2.1090992375767628
1.043690706851141
1
2.4572294014363285
2.1866736058221314
1.0585391412008278
1
2.682046665937388
2.351487666012779
1.0596745067107671
1
2.2846223774696472
2.1414833167717644
1.069536183621512
1
2.128303215960685
1.931508837057177
1.029605160207567
1
1.8010080079817519
1.6858286768322275
1.057661309391707
1
2.176894073991447
2.0632534992243703
1.1453025982396672
1
2.364654828604131
2.210842340700258
1.126375192909126
1
2.4550326136814986
2.3710653405126596
1.6051264761483703
1
1.7440863081887563
1.6563012934100765
1.0607285368373507
1
1.7086652453862852
1.6371061583241493
1.0730091839531926
1
2.285862294160117
1.9685522903139483
1.024493841015861
1
2.214242123314288
1.8626699962358713
1.0200110551884187
1
2.39705854810136
1.8469330967213515
1.014339582423716
1
2.5287048957665053
2.0784760902688886
1.0212755481626299
1
2.2712345470158772
1.8310682222808874
1.0198117786889107
1
2.4772606027068966
2.16527153259039
1.028482061474232
1
2.271870393664432
2.0351351413013017
1.042804824722781
1
2.38161861693819
2.0411230962275604
1.0351070123158232
1
3.571475111173482
2.227373507407202
1.021060935754631
1
3.4435438818134854
2.593876665422981
1.0369113270001697
1
3.3027388164436307
2.286137374629813
1.0316937052128403
1
3.250136791486701
2.1342376770807716
1.036172425605268
1
2.186871966732302
1.7908086907019147
1.029128196065219
1
1.9569432072561053
1.7839899449219025
1.053839001245076
1
2.040112540330242
1.8971151151726695
1.0705189965785777
1
1.9107573207985884
1.7172516814748129
1.0552443169903538
1
2.1275923639666385
1.9246361210000695
1.0455027037571203
1
1.737891286136256
1.5873180627067511
1.0292173691389457
1
2.3030473928509303
1.9056810471079106
1.0227143246254442
1
1.6955584027407173
1.5681230802038706
1.0453153972039926
1
1.4229909103564475
1.32775892431849
1.0282018931523198
1
1.4379498702675828
1.3166281310409116
1.0182980277939013
1
1.4705745796944047
1.2928270958555226
1.017204004705983
1
1.5548239337066765
1.3669972639565506
1.0266660409512416
1
1.6176488727263338
1.4123063914573102
1.0254068547062627
1
1.726281944878037
1.4999693055080583
1.0457078930909476
1
1.8275454901494037
1.5079047584367917
1.0397932058757224
1
2.5051931618103374
1.984564743221713
1.046866126678853
1
2.040419657632913
1.7606473648261551
1.0407614292367953
1
2.0854736583816464
1.7291451479824558
1.0460963370813257
1
2.006956736540116
1.666175685031753
1.0381391885899591
1
2.320024878474185
1.8760553670434814
1.0553450859399591
1
2.1696932719882573
1.7840015661112352
1.0453843261747107
1
2.27792664782579
1.7240302308096191
1.0238725831322126
1
2.344557473168968
2.0077951026642236
1.0571472319591901
1
2.227610162630054
1.7761516861757645
1.0486296097066548
1
2.2715142872327565
1.9545913725639839
1.051703624118453
1
2.632444566994087
2.2028525923675977
1.0657394805435718
1
2.4270873561089368
2.0899489480807647
1.0772700183791992
1
2.041170044475374
1.7800562980355523
1.0867987162966943
1
1.9279624029842575
1.6494652315570157
1.0694626959607068
1
1.9780605095170698
1.6801274120990428
1.0679855654520711
1
2.1525912520075945
1.8934300086051419
1.1091191083591136
1
1.8868753590844491
1.7402981790050076
1.2315593877294762
1
1.5995805122849271
1.5364967403731709
1.258148283140217
1
1.5997238980859605
1.5347118832014197
1.2375042928620403
1
1.7124234545220678
1.647049957126034
1.3113516648980887
1
1.446322100516677
1.4215500413627455
1.2128226893514564
1
1.676787070045061
1.6160653835567125
1.2970319848104193
1
1.5503050056599719
1.4939017262762175
1.2015478954307148
1
1.6052764915519664
1.510081892998677
1.1182290066674305
1
1.462118520122284
1.4182144189724097
1.1218824583265643
1
1.3786659128228245
1.3078247810989645
1.0392060277097983
1
1.25112790275144
1.1967259280220874
1.0290118193750566
1
1.2552931816787591
1.1632781511217538
1.025294739988293
1
1.2256999936778306
1.1360795128769028
1.0168024067532762
1
1.1765386249509926
1.1012455811824642
1.0126927738967615
1
1.179935748275273
1.0983754153208418
1.02140102296414
1
1.1824845257588648
1.093099067095985
1.0223211519173876
1
1.1572453053619143
1.072486415011873
1.0167961288395506
1
1.1263181909168216
1.0621358434653596
1.0179579731752642
1
1.154918859464117
1.0933536038313127
1.0196031368952116
1
1.1647682981074916
1.1189667503320564
1.0305179419026396
1
1.1666402388151385
1.107094513907161
1.027832850836977
1
1.207813054564608
1.1216311568610657
1.0184690837888013
1
1.1743939315060385
1.1003948849928524
1.020624511652334
1
1.1643879471157292
1.1067432101176855
1.0211754114628964
1
1.202185695766243
1.132846161358489
1.0343105532054209
1
1.2653897822809603
1.0517425202964734
1.0049112921791257
1
1.612268440663757
1.0622757135768843
1.0097085706840376
1
1.479525757679876
1.2023557109732967
1.013905089806646
1
1.5680515532983168
1.1532468502788895
1.0185815710235933
1
1.4785588961193505
1.1811928445016107
1.01506688692137
1
1.361565155267425
1.195967593147489
1.0162114780204214
1
1.3993196054088757
1.19781941178325
1.0122188556616554
1
1.2287604685188773
1.095048697635105
1.005907791027191
1
1.2762278699533192
1.0732213677396767
1.0050560230296008
1
1.29222550947531
1.0445051621987433
1.0031060373719543
1
1.2895048694023974
1.1222596063113048
1.0063301509016105
1
1.2446847925062177
1.0925483051179339
1.0058805562213087
1
1.4995113549892032
1.310854251776233
1.010763371183278
1
1.2128114297593884
1.1937437719386321
1.0433088453015826
1
1.4135530677718795
1.3807482012733416
1.0865998991430057
1
1.5251522918437754
1.4835960216200692
1.1170396197689643
1
1.4319753481621016
1.4074429060876146
1.1386731304207691
1
1.5499650254789892
1.4810081573468479
1.150339180026898
1
1.350920810123953
1.320515970562109
1.1101327123069116
1
1.585032822246958
1.5120804002742065
1.1503776919694466
1
1.423141145709004
1.382856406479357
1.1489055998104036
1
1.457397701572611
1.3859073210234072
1.1222918733903349
1
1.4891837564567993
1.424581812909054
1.1029363311579197
1
1.4884094444840372
1.428206793232775
1.093498885716498
1
1.3208773982988833
1.2911625582763568
1.0798126839114346
1
1.3363334811442857
1.3193587811832654
1.1278177730029224
1
1.3427591761789361
1.3340208174523822
1.2101167206683106
1
1.3171464180922834
1.3091491395806556
1.1951081580897787
1
1.2288453041134355
1.2219286679313415
1.115360068852943
1
1.3411611227344538
1.3282239288330282
1.106027244509545
1
1.3999876582077069
1.386545358988995
1.1284319275707335
1
1.5839222418540024
1.553230849046312
1.1471896019945607
1
1.6144526364500928
1.5884330388593486
1.153008295302815
1
2.0066479345250254
1.9713889689586086
1.4111781825403213
1
2.2827239279561433
2.2251757398771357
1.2980107354944614
1
1.8471482733902886
1.8154216101493583
1.3308463272544884
1
1.7423742732388743
1.7097700525540769
1.1858233703680057
1
1.4770606717977774
1.4609802536829986
1.2198042650911014
1
1.5975437343375856
1.56592788152648
1.1847042004823682
1
1.629567660608803
1.5860298676358529
1.1926086833749634
1
1.5363717663247987
1.4861643354497132
1.1123747051472115
1
1.6269629004565804
1.5497126465442603
1.0793771817921645
1
1.80800039458958
1.7323167166820082
1.1061399877175644
1
1.8433999585302725
1.7720811878028004
1.2281046678511558
1
1.2097187075830094
1.203444107297976
1.111906549835416
1
2.228744236171386
2.1451541644750134
1.138222869237663
1
2.2790599341986595
2.1897535535647914
1.197938398074594
1
2.3267184457186825
2.201686873116257
1.1357638670496653
1
2.2132579518706375
2.1393994182925775
1.32409607826336
1
3.376024387317454
3.1774526658618556
1.2142720998719347
1
2.1572102189159486
2.080126420851162
1.2073968338658223
1
2.522270286210917
2.4087712781825004
1.2295603492694827
1
3.0459775893287198
2.839312929651663
1.1460132582829665
1
2.3887142186128076
2.247312747567561
1.1323697966775637
1
2.6435454803156033
2.402397665136923
1.081258655096973
1
3.363188484051311
3.1158966016565026
1.1058398051738958
1
3.0530955271619993
2.8056283739394376
1.1541265921509525
1
3.751583741298588
3.4952558791168893
1.1995397723518937
1
4.684292274766068
4.434336837606252
1.4699911823422922
1
4.585626969979336
4.413970713795249
2.032301477605503
1
4.372256908079336
4.158716465835444
2.227296331892612
1
3.2965272722065153
3.1094078652112707
1.2370311618387975
1
3.334445480970793
3.0568306232612796
1.1746971565585766
1
3.3160074121230854
2.7670157502120545
1.1600751320353637
1
2.562873334545376
2.221656370150219
1.1088071823494077
1
3.08894549860563
2.6834061862915353
1.167784575765707
1
3.8190136452556795
3.2903671652547777
1.141850563880265
1
3.5082930417542904
2.5775932800023025
1.0710854991973509
1
3.920614245199916
1.8511838194248464
1.0538309361298954
1
4.707005387078403
2.1553191248987815
1.0466054797762554
1
5.1614516382681535
3.359551390500795
1.107094331905618
1
4.688090260571961
2.8809056545309497
1.1038521604770208
1
4.4218316094845544
1.9823949399897454
1.0562980122917072
1
3.93128739962564
2.054310715894469
1.0602298514883097
1
3.8540703861826575
1.9682471488537587
1.0670985444896197
1
4.9510640335759595
2.755080533259846
1.1457218818055657
1
4.686132112731675
2.6924967389353727
1.1162740153712856
1
4.0748162934613115
3.293750099459886
1.1738429457405894
1
3.733637187953956
2.8833348745959833
1.1497585450923204
1
3.732969542042831
2.9342447559855844
1.226070392916789
1
3.9089890352866616
2.027227919067838
1.0850271401253264
1
3.4284023417705205
2.1135737476556904
1.1003900244036469
1
4.070086155524522
2.2272528429256067
1.1212705952301965
1
3.3870753913904865
1.999073170592913
1.121382888412027
1
3.8494541381326353
2.2773747100089934
1.1486494025772513
1
4.856250529942012
2.6765714406582544
1.2269594382863638
1
4.362690647499238
2.4211715602422847
1.276785700835981
1
4.1552448238928354
2.3857134577078947
1.328073942657859
1
4.473655637731215
1.5649514363231178
1.1762897064489413
1
4.794979690055464
1.9005870755784373
1.2348703619528114
1
4.7501420488553014
2.8416249560494684
1.4212097938668928
1
5.148896364119358
3.0315403083174024
1.3998482811531026
1
4.988654540175879
2.8835677800130948
1.469120749711537
1
4.366840011341883
3.170875933451788
1.6928798700182852
1
3.7331202028071306
2.171422979319653
1.323748313807846
1
3.664520870175722
1.6898193722239188
1.213388860124132
1
3.10828312299411
1.531539117966583
1.1072410058945776
1
3.674148024836079
1.4216145528076225
1.0697817410463797
1
2.972372300100617
1.5800833172305235
1.0738757018498264
1
2.674611641749577
1.8234066948826206
1.1379504441029331
1
2.565151789290068
1.919650992105934
1.198068563791285
1
2.8675448257709917
2.1973644630699054
1.1959058360110464
1
2.7397900348129522
1.6447240151372269
1.1237792503029882
1
3.000785782392609
1.6068001215438072
1.1731099486457401
1
3.3450468703992446
1.5658155132734288
1.165649735036742
1
3.250013852330098
1.9161394025219165
1.2585610204798656
1
3.0355436747723026
1.65835561854961
1.1820848995428732
1
3.1197986373639677
1.4631330245171208
1.1424480762701352
1
2.9727348102290225
1.5169064560118255
1.1732965954305317
1
3.338980053120536
1.617741982678823
1.2102332242840474
1
3.4501915170833146
1.553588896776105
1.1493297259743567
1
3.230039891277926
1.6813046693950946
1.2227679333462187
1
3.404679870105415
1.5102839324054964
1.1340429842233775
1
4.097016135197382
1.458099041933513
1.0981563653019535
1
3.9940322062307843
1.4824782030012174
1.1264860802949885
1
3.865139788277441
1.497555983414573
1.114491578393192
1
3.5970394416615172
1.4486040543706677
1.12494396535589
1
3.5768105112798936
1.4405460453985828
1.1001491422968503
1
3.582685140273996
1.4074418674835731
1.1018815697127042
1
2.7854303808290495
1.4982102070351275
1.1070557070759195
1
2.703356554317508
1.854105452067921
1.1986390852852302
1
2.7812243408929422
2.0646395849261783
1.224733770676175
1
2.4442039482214413
2.1099190450484366
1.2587045124108622
1
2.383550269279139
2.1023568749150128
1.2664124376862607
1
2.4695916479367024
1.8026409368867133
1.143847342083311
1
2.220835171575389
1.9364310164441298
1.198672335388072
1
2.3538958505432697
2.2399204900335454
1.3605074118137
1
2.5427343799908977
2.4065566959057536
1.3307761895802255
1
2.130784260046963
2.0767621891855357
1.517306269958129
1
2.2979901904369293
2.158626977013029
1.3261692365161362
1
2.642406799923493
2.5344371260607064
1.5964613299697739
1
2.545968508471208
2.448485625821423
1.435633721102533
1
3.047004879472682
2.9266536518502395
1.7364462065956836
1
2.2170652502109496
2.183640968666273
1.8083756566400693
1
1.8285060377107438
1.8078960505713069
1.5620800109629003
1
1.8663995442923964
1.8433420869575148
1.5790816701453012
1
1.9146688721583867
1.8964163414987556
1.678192615058376
1
2.023924351268478
1.9975793827448332
1.7448385420717252
1
2.30740079610417
2.250034560872857
1.6100698618451161
1
2.2295587898204117
2.1570513520996744
1.3098362123162626
1
2.638298246509182
2.4863123271998444
1.2017566795994172
1
2.89334999840718
2.662924530214965
1.1011791549506054
1
2.719247573785348
2.496667989215598
1.1305582701809278
1
2.8666651264897784
2.5257672326735867
1.1067056527289378
1
3.262280863714867
1.7309892078833593
1.0110928550195217
1
3.1850715387998365
2.492946870564491
1.0264913030687932
1
3.0366998167814154
1.1375104597162586
1.0054842764688172
1
2.8848115802413106
1.5779456369790246
1.015115640387045
1
3.332108164433818
1.8520235593793122
1.0155598310788325
1
3.366008127201184
1.784754280619698
1.011847817954227
1
4.231021326653726
2.1320535867982437
1.0139387489997513
1
3.7803897114316385
2.80166977450468
1.0271041374259087
1
3.1878138487255514
2.6860594765835866
1.0530639156224628
1
2.80465792647193
2.4409944995405257
1.0701600777868037
1
2.327257574250513
2.198760552400262
1.116242197523747
1
2.0812442317677156
1.976454491726103
1.1463487456091122
1
2.211355070091556
2.0717342606643876
1.164137925401512
1
2.134376722012562
1.9992978831436925
1.1384348245999978
1
2.4998446630834854
2.335385908634039
1.1717831261538296
1
2.4077646400432267
2.325163019847295
1.4031295390399408
1
2.29780084267871
2.091678443647851
1.1317200701232193
1
2.5892414718814094
2.2622264858148995
1.1215569118702915
1
2.045045419700415
1.886645223006464
1.1181496719903288
1
1.9282142930553916
1.7687949578470379
1.1025079632099135
1
1.8389290025636509
1.7246455647270544
1.1088016725930685
1
1.7720633655477769
1.682111437528554
1.1211258754082263
1
1.7854104395103119
1.6315304761992382
1.0891833890979563
1
1.8701870495388329
1.7565984891806166
1.1324819640603068
1
2.066785337494474
1.880646142814483
1.145774881217105
1
2.506776703877941
2.3001041738384234
1.2345783662888883
1
2.1364995723301563
1.9122809357663064
1.1894294913397607
1
2.001808260019583
1.9240027578741088
1.3202135910892765
1
2.212654133901604
1.9937567254342834
1.0867222257798441
1
2.35307693389453
2.2163959188517524
1.1263146626393163
1
2.2806706900343205
2.195429408157904
1.1307807919118418
1
2.437366008929154
2.2467289140878597
1.0884926371039614
1
2.908745359970965
2.568187103318036
1.054697210214307
1
3.090895574528481
2.595811353595763
1.035196376594748
1
3.498187871512643
3.029451909970592
1.03554162991776
1
3.691088739202172
2.898543006683906
1.0360096801633156
1
4.031690380776992
2.6936612800511237
1.0241094946953224
1
3.962841194030458
2.986116731384939
1.0668671109527286
1
3.5986040061957216
2.7295933682241618
1.029914430558602
1
3.204384665982996
2.350698727298584
1.033887153014574
1
2.912376949671753
2.100401817249835
1.0281684312107258
1
2.706483680764926
1.5945964645446593
1.0193046346390415
1
2.776079717791588
2.064399036869775
1.0395324977464753
1
2.494950745220002
1.3393611272477686
1.0121589974806173
1
2.2758555636037645
1.406114717722568
1.0306056139700486
1
2.427366506805053
1.129139522462813
1.0330103347280295
1
2.0340965910295523
1.2188604584432536
1.0123596841671563
1
1.64479431042029
1.1397338029604327
1.0204246764609217
1
1.618385962699651
1.0596987446492738
1.006064802301001
1
1.5926939242425566
1.055649278767548
1.0041322294945516
1
1.5851894676705547
1.0588861594457457
1.006102169246223
1
1.5561786046362756
1.029893682707502
1.001891417104975
1
1.418065159820699
1.017857233372261
1.0010546639489235
1
1.4671999101879858
1.0184874357382847
1.0010472164179154
1
1.5278932165918044
1.0103928481593945
1.000654678111351
1
1.3916788668159512
1.0091713644647013
1.0006850358545996
1
1.3330422100469306
1.0053449253135551
1.0003775577413545
1
1.3268979711371387
1.0066096973255683
1.0004544197866736
1
1.3192258898617402
1.0063997899837622
1.000421381056873
1
1.4401668986613547
1.011342117819508
1.0006205630405351
1
1.3662359839352616
1.0145988091033018
1.001025837058907
1
1.4340775800230392
1.013890250576385
1.000654514101396
1
1.4669730505782304
1.0132159963021452
1.0006873980167352
1
1.4371172844707483
1.0234505922391808
1.0017630008138971
1
1.356110701241297
1.0029894476241379
1.0001228511129105
1
1.384130852171689
1.009350115827133
1.0002440204516356
1
1.33455691359984
1.0034713115833906
1.001740949745421
1
1.3362335650407586
1.0085419002386
1.0005742981530152
1
1.4743252759715444
1.00905829050553
1.0005193624007382
1
1.505183494900314
1.0093762332487803
1.0003404253884027
1
1.5417217835729076
1.0101986572750294
1.000419404829774
1
1.71595940088499
1.0243638943465807
1.0014116598328908
1
2.059628518731627
1.0428263007996599
1.102099112723182
1
1.9978364745873611
1.0519303662701793
1.0080065891210939
1
1.8155322668744098
1.0174281895064543
1.0006819074623203
1
1.6922826927187538
1.0133345061062446
1.0006080508784563
1
1.713191689615725
1.0083074132593788
1.018089844248949
1
1.6354547563208532
1.033870757023288
1.0007875251340805
1
1.8665708729844195
1.0428948904322775
1.0034135933535897
1
1.7487107441886571
1.0447068649179025
1.0021847352778723
1
1.780181342838447
1.0302957037311318
1.0044998578721618
1
1.7352666235823895
1.1214034166636693
1.0033435779371487
1
1.4556044336366019
1.054832416442377
1.000996277591208
1
1.3901352890408198
1.0076062298023072
1.0001720603509079
1
1.5726551251963616
1.0214991001081395
1.0002162867586681
1
1.5246443721683165
1.050849547447797
1.000322517028647
1
1.4957535051136392
1.020939358023029
1.0001420536148906
1
1.5568769555730515
1.016596404795683
1.0001788511018723
1
1.7762355681525785
1.0530387919984732
1.0002019129123703
1
1.8822775837756023
1.3448678486864336
1.000451321291693
1
1.706898985490292
1.4970027908032257
1.0049064350790053
1
1.9168784819398568
1.5245659969945435
1.0025683968116927
1
2.0442982675939416
1.8010006616296306
1.0021467262335986
1
2.318352002759832
1.9455011639063708
1.0077229837262567
1
1.94013695455374
1.6300942544648607
1.001663119620769
1
2.0403616732001035
1.5792344308792097
1.0011919500585484
1
2.2734206571244844
1.5485639844321646
1.0023430483263711
1
2.340282301514546
1.249051724666311
1.0013115544547886
1
2.308836670479438
1.443411784176094
1.0005866711369082
1
1.9225781923220695
1.2456385142644617
1.0003261506840786
1
2.165898561684778
1.4280788209839907
1.0005161397402316
1
1.965024887415837
1.0580535368243196
1.000190540143499
1
2.025515705323718
1.21166965932839
1.0002776776865112
1
2.4584278835030737
1.0346990684380026
1.000222140307564
1
2.5609281177523893
1.0128009899190609
1.0001105403089423
1
2.4398034925369116
1.0153199862040347
1.0001562082289328
1
2.571328759300002
1.0704018899895467
1.0003367303901165
1
2.4615530583171887
1.027384749987517
1.0001692521776528
1
2.389020220122326
1.4831976618408675
1.000322708774294
1
2.308965394164561
1.152456293602747
1.0110929637625148
1
2.748502815071922
1.0970299039259028
1.0002655382362302
1
2.9383783843703117
1.0295202552865923
.9992268648015761
1
3.3504336282613676
1.0295348746808806
1.023414737067015
1
3.30776572609901
1.025928432121758
1.0004761301557554
1
3.2567653684175886
1.0055143632595942
1.0001023430186486
1
2.952174500753084
1.0306184535066543
1.0038262432181355
1
2.63482231890605
1.0152539789419386
1.0002510494587946
1
2.4776522595095174
1.8058371056644535
1.0203645624711426
1
2.521329765901395
1.5762498821964759
1.0055353080205742
1
2.4939444881207224
1.9210846507645924
1.0107028453662348
1
2.6084273388149097
2.003904457891421
1.011104076161049
1
3.8572343007621663
3.076319746730703
1.014302814732012
1
3.3480959033406656
2.986442578492722
1.0159040193765445
1
3.027264088926134
2.7354380854989544
1.0159623927857981
1
4.058470087044733
2.957156612554478
1.0074141146531557
1
4.6142169612929775
1.0771944128523063
1.0014870024118785
1
4.241831111057885
1.2578693453568892
1.0035794081032108
1
3.7807754216652465
1.2685626558219947
1.0017745752515952
1
4.182231403829333
1.0459927097575583
1.000165256382106
1
5.117373409890025
3.107689380804064
1.001547040674681
1
3.8087067084887183
1.0092524738618776
1.0000516030582818
1
3.93025178018953
1.0184518861298808
1.0000080779870335
1
3.0205503227676127
1.0182115128393385
.9999921090813954
1
3.4451390792113377
1.0072004064206774
.9999980524993887
1
3.5196747035837683
1.002594852963221
1.0000022822604286
1
3.4094977920476204
1.0031497491534267
.9999243133260058
1
3.0915109438057398
1.0059909886524652
1.0000246676840314
1
4.351176507467316
1.0058967857257992
1.000010817717346
1
4.303198697749274
1.007345476536661
1.00001175547986
1
4.343555691077049
1.0162427223421966
1.0000448411778295
1
5.189842905901766
1.0261233551447775
1.0001313069363869
1
4.771826289255981
1.1627973600381931
1.0004678214260418
1
4.196379745791148
1.0181575223716062
1.0002199431845893
1
4.122881759901456
1.012966400166072
1.000203411000737
1
4.071801216318853
1.0208708890750522
1.0001957706641749
1
4.312217818093675
1.0571203376057199
1.0002990172628279
1
3.8541216941712015
1.589997582255819
1.000523198026094
1
3.2205612598784774
2.3877058308147316
1.0019652404363908
1
2.9234666878990074
1.9431265412274545
1.001104878389306
1
2.2666331914064726
1.7439464929262527
1.001641998291544
1
2.1247429890143814
1.8587101049498715
1.0040116787305169
1
1.6250455246426418
1.5079188394405534
1.0094892789128191
1
1.6550066716225953
1.388725359295079
1.00172796406949
1
1.3371493621511177
1.250865804370136
1.0040383408308495
1
1.2971912061441606
1.2003277616393688
1.0022200728046808
1
1.230538027620253
1.1432290068393844
1.001285576467818
1
1.2097030335580896
1.129908570053273
1.001387864832688
1
1.2026239022537528
1.1427918086159432
1.0015472225785889
1
1.243578485713737
1.1864722148206255
1.0015751400637996
1
1.1983529506823591
1.1548602980138587
1.0014202352169879
1
1.181511560189081
1.1661398245630832
1.0024872178307904
1
1.169938997427031
1.1573049915509506
1.003195342300891
1
1.1718773938060743
1.1549853990765366
1.002845504809932
1
1.2993976481482141
1.2693054494583587
1.0035914376032238
1
1.3843636495151694
1.3323355966308243
1.0042278560298321
1
1.2795954765782305
1.2620913618680407
1.0068048313975408
1
1.2190593327096906
1.155919234585349
1.0031106333821604
1
1.2361260765769044
1.163057162030076
1.0017845957960163
1
1.2609916945428148
1.1948013195352807
1.002164956539903
1
1.220860034039965
1.1801139650748222
1.0047163130108177
1
1.3138912361511723
1.2420139815795472
1.0019444627684406
1
1.3188063714829674
1.174537958150679
1.0011072249034105
1
1.2508520924344764
1.229809600068085
1.0061025018685943
1
1.313295664218505
1.2754373123986347
1.0047080108693993
1
1.215140018161929
1.2043249474851419
1.0063886296253435
1
1.1563579944151945
1.145870681599708
1.0064267690349635
1
1.1431326120134142
1.1283656613971724
1.0048941871996984
1
1.1650331328447538
1.1300151531051366
1.004001664770191
1
1.2728868272147718
1.1929683874028132
1.0065635921573097
1
1.298583288137207
1.0032362155079253
1.000085568194339
1
1.2757578933219813
1.0034767034833274
1.0001084364701684
1
1.244119144231186
1.0033049143066497
1.0001476314713216
1
1.21742892093589
1.0038325338847267
1.0000949429287285
1
1.3079316287825062
1.0057311694661162
1.000117522802342
1
1.4615790135963984
1.00341605646974
1.0000495725683398
1
1.5378206752095078
1.0086629319062204
1.0001427049346914
1
1.5144848261752943
1.0108196015846274
1.000164177080175
1
1.6459971442616381
1.0024626920093074
1.0001157439348844
1
1.7851753801952306
1.0038781449342018
1.0001765766069066
1
1.8921463262347966
1.0061961330651878
1.0001980296961586
1
1.793109217679592
1.0048247197016646
1.0001358182864475
1
2.020789372519368
1.0036819430482384
1.0001150177225981
1
2.0132449080900754
1.0050827493573309
1.0001696463781158
1
1.645728293135423
1.0112146601974226
1.0003019117435445
1
1.7419722599240337
1.0060526747042895
1.0002148937175683
1
1.7154240666700538
1.001671950296356
1.0001331906740132
1
1.7885228521088874
1.0009601611084336
1.0001760740806254
1
1.7266869886324763
1.0009903939913243
1.000097404608952
1
1.8482953519552867
1.0005521268186954
1.0000028255409426
1
1.6571098626126148
1.0007975663182045
1.0001153491633707
1
2.4259358035167056
1.0005552184055166
1.000004937328944
1
2.9675987388472826
1.000797749554311
1.0000093052662693
1
2.6909844627372426
1.0015332852369596
1.0000149003536545
1
2.725186519135979
1.002720339907429
1.0000188592002426
1
2.385191306623773
1.001111976971377
1.0000179651431962
1
3.1108955084894556
1.0027542799531364
1.0000151724078792
1
3.095276630540113
1.0045867689299826
1.000034705538999
1
2.8757011210913452
1.0084813269420503
1.0000835052827923
1
2.817956646486427
1.003120616542064
1.0000741338621213
1
2.490967400131483
1.0017975694624222
1.0000318365242398
1
2.950930521103079
1.017614617797285
1.000162952664623
1
3.321952672326174
1.0332434356068902
1.000248471894231
1
3.7982067356149973
1.14643878640777
1.0009392631051515
1
3.8633534629509483
1.7794769502600962
1.0027889419288383
1
4.270502111813762
1.3287192844606792
1.0015555493653057
1
3.1085980940061466
1.1979481002024444
1.001583656159064
1
3.1071298347221683
1.0895912060536783
1.0010007418505333
1
3.2275561115943088
1.152778599995275
1.0022272016055978
1
3.901290744040273
1.8664919259392394
1.0133027736891862
1
3.6040337143229246
1.222906005278678
1.0047125550941012
1
3.48535688912818
1.1338493015055129
1.002793069068674
1
3.3137956972981537
1.19753854200118
1.0031092666023615
1
3.9446060779925087
1.1259674645187425
1.0014577524603838
1
3.9146695295226666
1.3791919590871107
1.0023389068324555
1
2.999182227513617
1.5693986631531214
1.0032701461229738
1
2.8539373292271297
1.202590886853604
1.0020061942743608
1
3.5292026348483643
2.195550559349328
1.004687854079014
1
2.896577764293808
1.5690761594863245
1.0024487428815756
1
2.6061070993289515
1.378954699480041
1.0026488533182958
1
2.2289820349926375
1.864101750500346
1.0060073627644013
1
2.3145646259891426
1.9270407956601157
1.0016847821627979
1
2.815743985788663
1.949088881094987
1.0011348122666603
1
3.1396750603050534
1.995624791714902
1.000909877933211
1
3.1662996785791653
2.0452488112811347
1.0004737738691083
1
3.2672594557937806
1.8751200870405764
1.000349147314894
1
3.0343745172429895
1.6033597616023652
1.0002226205331868
1
3.4242263938197635
1.1040163238926513
1.0001780542897123
1
4.050298363581127
2.9800538995821393
1.0006699015436689
1
4.286129954204761
2.1620649861568606
1.0007858017243358
1
4.1640348118504384
3.1081525732988586
1.0009430510791064
1
4.653790857715855
3.4613305340749347
1.0009247291844106
1
5.731226751646709
4.119866620302652
1.0006586372414152
1
5.158417121250601
1.8923742715726155
1.0001939939663094
1
5.169175941053052
1.3575148990589072
1.0001582352801934
1
4.356142367722092
1.059415473962667
1.0001280823305279
1
4.133252117293392
1.0214470030550344
1.0001172579396702
1
4.266528366631601
1.0247069604786299
1.0002194279544219
1
3.81607016224837
1.5049518467696148
1.0002040654518387
1
3.6537954464739664
1.701456039226799
1.0001291314435252
1
3.1140320863046598
1.0506438394594806
1.0001461530475817
1
2.932196222520487
1.0235584931363513
1.0000301950735728
1
2.7338925137461625
1.0550438566733376
1.0000307141934868
1
2.84625585764759
1.0228368943197454
1.0000247076991577
1
2.9554041965652327
1.012731288523833
1.0000308972131382
1
2.9217871258043644
1.1265262484789424
1.0002131673098467
1
2.9184402817851853
1.0159192317143655
1.0004167909643624
1
3.65639102564849
1.023527433506655
1.0002656350315193
1
3.0192941846556907
1.0051136860016312
1.0001149117000858
1
2.77855728046547
1.0117906627634494
1.0002591058149408
1
2.8203885482346363
1.0099451066669136
1.0001880423062697
1
3.5594218442124186
1.0122542292271723
1.000157650151483
1
3.144461278228255
1.0116404937108279
1.000060447001948
1
2.640624113099365
1.0259552655025186
1.0000950415427283
1
2.825169191655403
1.0500776141849673
1.0001705518962685
1
2.745615087467393
1.0294626551543375
1.0001962396491968
1
2.9385567596686304
1.5251154174878432
1.0003285320857362
1
3.8312526904455884
1.2272451999579046
1.0002147052194184
1
3.6128088468204878
2.339383716775622
1.000321663950302
1
2.9997912022648774
1.9668215418620911
1.0002973955816026
1
2.905725427823827
2.100446660885176
1.000350831460078
1
3.5115604075919826
2.2135088472020406
1.0004236123426722
1
3.069166926249286
1.9538795846346089
1.000407292327654
1
3.4476886074881796
1.619015824740148
1.0002468105930942
1
2.5028806496298084
2.0031408620497815
1.0009900267367724
1
2.5774173293264995
1.8542335454788095
1.0005183142173852
1
3.002847272420576
2.0205582927665184
1.0011343171350489
1
2.712877821486801
1.594155365098208
1.0008488426758302
1
2.6264799880305403
1.9884749433842968
1.0032937397620914
1
3.0862405201413075
2.7278960052056425
1.0265142460668808
1
3.283706949650736
2.360357276123047
1.002608620477776
1
4.107588124063877
2.700618116697806
1.003886668365144
1
4.550101732055344
4.0254584772054764
1.0437031105166639
1
4.964724510811593
4.224082668827168
1.0362604038567667
1
6.2396758433036155
4.2601513890851725
1.0287807728313663
1
4.682461350425403
1.1057548153513161
1.000440026687606
1
5.013929361125288
1.1325608992475167
1.0006165307100887
1
5.600902364474971
1.1384154920283254
1.0008656188870335
1
5.54540183429855
1.0409457438883911
1.000587893558979
1
3.507180421627808
1.0506394616926351
1.0008176209491708
1
3.573937077240415
1.037761946878622
1.0004200076930374
1
4.016473045454334
1.0754984410525985
1.000884540283549
1
3.131970244149553
1.0564467085138327
1.0005050017630097
1
2.5662776665476876
1.400661043798505
1.001280840807488
1
2.1241291679673138
1.453777885099496
1.0069012526614558
1
2.4740855957936465
1.7116437809923646
1.0096635355918855
1
2.6383117037921378
1.820549592136133
1.0119792549597673
1
2.2579144653132635
1.408098246770985
1.0081674217054115
1
2.6860983917916026
1.5406370522181378
1.0214607195230783
1
3.0230956194464866
1.8967858364543309
1.0353057060431912
1
2.0829019308554786
1.5257475018330349
1.036008497775923
1
1.7058157028445022
1.4978296865374194
1.0422183025148355
1
1.5977976560856315
1.3900574325413269
1.032935287515142
1
1.6386900994835119
1.4597106761000445
1.0413346974470783
1
1.5479665454317864
1.4398239923328062
1.0582683005760163
1
1.564439368970187
1.46324181044135
1.060035411925891
1
1.3451593412379437
1.3199961813675058
1.1113502423369674
1
1.5112035806098156
1.4501487327282505
1.0812080984764145
1
1.6686286317361323
1.5700880441077634
1.0740490292546665
1
1.5922519312533114
1.511130245113923
1.0872409506029481
1
1.5793306844981805
1.4575589499552977
1.0532302712009276
1
1.5634339673217192
1.2749225888690088
1.0192493052709548
1
1.4719735941968637
1.2112546426698259
1.018613622484996
1
1.4961055997979353
1.1896310869855713
1.0195773948419578
1
1.3044203149155902
1.1176623198610123
1.016529267117374
1
1.2531110172304363
1.0992666848635921
1.010869460602307
1
1.2852917756885849
1.1456814053860485
1.0229079599344075
1
1.2800717685587204
1.181625383259005
1.0198499220447468
1
1.3623095213076262
1.2811034061240694
1.027010510040583
1
1.4326075454472809
1.0517950524477135
1.0052915681378776
1
1.3663336911183679
1.1443546783616156
1.010465515457576
1
1.2464287417806386
1.222160614238926
1.0457110727105152
1
1.3175051299262142
1.2744547293271193
1.0466076024339979
1
1.2287353031633619
1.227879666702335
1.2253041259890938
1
1.2741305263225555
1.2727807348229199
1.2682464566498683
1
1.2010668686481034
1.1983238595737113
1.1849613305501328
1
1.1478031780944342
1.146734092334291
1.1430628398212603
1
1.1689361371320226
1.1686452160678307
1.1677671370086067
1
1.1636546144917244
1.1633370268614804
1.1623979939000437
1
1.0987157427014895
1.0978603157709357
1.0942940643082208
1
1.1884153853793078
1.1760949205523992
1.0641348825488892
1
1.1378710792774382
1.137509614603625
1.1361671819447403
1
1.0859977679128163
1.0768330840608509
1.0160535936534785
1
1.0612290104365223
1.0611462876992264
1.0608916408997935
1
1.0691927988477303
1.06908241253707
1.0687313813234278
1
1.094548066800152
1.0934278561622859
1.0876994649627558
1
1.1550643841278998
1.1334319784226434
1.0189282175962362
1
1.2787372653998406
1.247611347676911
1.0339088739390818
1
1.3778284473071498
1.3613651634950361
1.252017271030409
1
1.5958061586707677
1.5657518085748692
1.4370902564423798
1
1.498761811995649
1.4791480193844555
1.3845719995001473
1
1.4592608354149297
1.4529909137085868
1.430215495816212
1
1.5064044901920692
1.4839819946741517
1.3297200489790522
1
1.4438792382280703
1.4364210589947284
1.4046450063040563
1
1.4043341682974797
1.3827031221360893
1.2834441853526821
1
1.4401044313671265
1.4171385952076025
1.2430027575522609
1
1.400986680878549
1.3930785916374975
1.3231276870280193
1
1.539711207361943
1.5220913215850609
1.3160496928026018
1
1.2798932980270632
1.2749593081424815
1.2319329453186911
1
1.127982107856775
1.1242203546911387
1.0834521325407065
1
1.2178297256708384
1.2098141487023144
1.1040624335279492
1
1.4757831392353293
1.446652976313113
1.0902626260983808
1
1.2152005699087236
1.2087132783427477
1.120720322596395
1
1.146083446269528
1.1422593403102994
1.0800105093576
1
1.1700875970679345
1.1665836974118196
1.1150529339283624
1
1.192343088643744
1.1849709905856822
1.086635441650026
1
1.130890492673904
1.1242843505545042
1.0440071038506171
1
1.2038881438741538
1.189631864992178
1.0484671551973577
1
1.152216643715364
1.1400375086187484
1.0288808708947237
1
1.2653459379757919
1.2449789197212233
1.0453954861541916
1
1.9288837347710823
1.4822026087988136
1.020567851230267
1
1.7621811191903511
1.5400544828296343
1.0414764355748105
1
2.3959573751449184
1.6628051986786954
1.028892031233816
1
3.0029150035036065
1.3757551786778728
1.0179532119279695
1
2.017095832988878
1.6616997935615643
1.0351100947131622
1
1.905088662770512
1.4854551180832603
1.02281736751882
1
1.9595638920607656
1.4795343041424487
1.019107767955004
1
1.5072942173201875
1.3732728096415046
1.032902598470619
1
1.3252620790252305
1.25754646844653
1.0281628727029157
1
1.2415086166446987
1.1612443191541633
1.016676649970561
1
1.3576451972747594
1.2497239247517546
1.0185690642455423
1
1.4303933530507582
1.2588170831047907
1.0125672549499554
1
1.3573601881726594
1.2302600882236874
1.0167462819473418
1
1.4342562806843957
1.261846035439041
1.0160227887120838
1
1.2841502700167384
1.1552303548183684
1.0124488128258728
1
1.4171131537671473
1.2957982685572793
1.0239048185651856
1
1.2489076293014103
1.2055487246487968
1.024751598264946
1
1.2028552631881078
1.1607100296883661
1.0154333051297135
1
1.1748102842415968
1.1341941528114752
1.009917593143094
1
1.2395467719823166
1.1801663868233965
1.0058828684115324
1
1.3397904319143603
1.2255767852683999
1.0138464471318938
1
1.2120170730986488
1.152137513901209
1.0134217526222944
1
1.3824464798354603
1.3007263935206066
1.0315627523770494
1
1.423342459790846
1.3366940668034737
1.0233643102225272
1
1.3722210970166646
1.308623615558177
1.0160678056321517
1
1.4266659805497182
1.373669536436908
1.0263949245023558
1
1.95389626532434
1.7779772557972022
1.026802557866565
1
1.6068558213694237
1.5381111448438194
1.0350331067592877
1
1.4006330783859562
1.3630536964588373
1.051124846355882
1
1.3382032005076436
1.3216331853009566
1.1353371087346413
1
1.7600234576631073
1.6799398502553682
1.0619393326611233
1
1.7480499574729387
1.6641824511893843
1.048084904004948
1
1.7071534417959227
1.6346823052043866
1.043111164585203
1
1.5964455544111986
1.521435043073029
1.0225748421880765
