1
1.9175858744179668
1.8017930331103127
1.0748599714911589
1
1.9623770509878777
1.5877430473795668
1.0238948728349295
1
2.000238216000265
1.5500371574518896
1.0129065884763715
1
2.5793212538959818
1.3535602759641616
1.0053740301137482
1
2.959702422826114
1.14016309540571
1.0044180333260961
1
2.406111765005872
2.0403272934002934
1.0234391839641537
1
2.012409505473361
1.7988982780596483
1.0267991469159947
1
2.6972388061498154
2.0560443190508364
1.0535937859344375
1
2.773456887404778
1.413553276396222
1.018315604300174
1
2.495121969495899
1.3626006445002683
1.0270891432136833
1
1.8773864198430694
1.1181833787052293
1.0051066718279558
1
3.5424041551446868
1.3929050682667097
1.0064219612179972
1
3.0502129209305338
1.827564263327878
1.1028269395956396
1
2.6929207391807806
1.4946550873063758
1.0509220113759787
1
2.815117493705725
1.3095618000725786
1.1114692284218746
1
2.3450940896077435
1.1042736385742564
1.0390552575567227
1
2.378706246003162
1.0726923565876745
1.0073015767862925
1
2.3962233205252437
1.095840577407409
1.0099540892919503
1
2.714327430367245
1.1251397864886739
1.0089739397208168
1
2.563814598145518
1.1386114769113589
1.012305461624278
1
2.92594746644253
1.271668837436523
1.0268908952335851
1
4.2343427933840845
1.4267261857029185
1.0357578312526619
1
4.222760072664241
2.882220338830404
1.1060012174624887
1
4.333682962631034
2.8426954975148404
1.0936065590465236
1
4.73019060054692
2.5888053165782705
1.1559205006064073
1
4.193911087590339
3.350445677284507
1.234610360705497
1
4.418306782418681
2.5080401819364475
1.2270419719069974
1
4.846747295527945
2.4464497965385497
1.193776336460895
1
4.412818247237386
3.303271878949829
1.3037941410178921
1
4.903698072445582
3.5109923734797386
1.2323509899548484
1
4.925202703882386
3.3918220557442527
1.1949739421595298
1
4.351098529121826
3.1735553854865186
1.2068399630685844
1
4.658715886395253
2.2908939557994223
1.1344449701365829
1
4.595006283982065
3.7848419993355136
1.3461605823838163
1
4.120992710236031
3.715241323913225
1.4230474804129558
1
3.4583560792997914
3.2356301966248253
1.4067428149310803
1
3.1943877882150717
3.0283762379115897
1.5231758322995799
1
3.6678375413912065
3.396506633092863
1.513572544155057
1
4.100791361777704
3.8826841286433305
1.5896030157310148
1
4.373384559595437
4.022260863104173
1.5122637933400862
1
4.369382936559981
3.8423243359257446
1.4851126597148132
1
4.236556099064073
3.721109104941274
1.3949287539534252
1
2.8560016218580184
2.7031824671766964
1.3382010902162724
1
3.4879813114983715
3.193579501894502
1.3111504778364103
1
3.2290423513437663
3.0070034521911793
1.4553299839028258
1
3.1722996883933288
2.9639863281306167
1.6637398726126202
1
3.0511508338099067
2.7267683407655965
1.4741308607246653
1
2.6859077410328247
2.278694353905565
1.286330829691318
1
2.37933617958709
1.6535819822691284
1.112332839198493
1
2.363629776627727
2.019883273438569
1.1556797641409127
1
2.400314926139813
1.9973455856859264
1.1517546322777579
1
2.715638150405518
2.371290596812276
1.324860452822205
1
2.6271179831392355
2.4569606917119207
1.2567866326820165
1
2.75729827807931
2.5692271382181495
1.3965329633596024
1
2.9553420802207446
2.7676814725281833
1.3962517930748228
1
2.8382093973684928
2.6658007878612406
1.3597652582985793
1
3.197736760899585
3.0158532837788234
1.4579498071930026
1
3.571407413971404
3.383254097495192
1.538805980179388
1
2.9269715157078418
2.7705982822339665
1.401935452239546
1
2.9008971400935133
2.779813139510478
1.5527406670783195
1
3.065321567309627
2.890453893807137
1.3753267895994645
1
3.3548043033929553
3.171292665508925
1.5525379280003124
1
2.9955962042254654
2.8330416875480866
1.471370668485944
1
2.872862242118806
2.7410137272695496
1.440133008417021
1
2.7493464374643932
2.6059501795535227
1.439376529588046
1
2.91148575630269
2.7594821327100547
1.31574874243816
1
3.4821252239910088
3.314269056524021
1.4722543920807984
1
2.8198681830051586
2.7330534085717075
1.805065867639012
1
2.6498602191593084
2.5691587939937075
1.5035680160960758
1
2.6328034955036848
2.5675611801056886
1.74474268304936
1
2.4992064205528934
2.452554762345295
1.9326402579168367
1
2.7103958481450845
2.6665277650277703
2.2340053337538692
1
2.3878792265753743
2.352783622437122
1.9526055852967446
1
2.219986801911738
2.187529372679403
1.76359127603874
1
2.3509201497117833
2.300220773487198
1.5865856505003317
1
2.28947006947388
2.251850618916764
1.7683204755061919
1
2.2957976013309476
2.2500138846782467
1.6109062350609726
1
2.738948078492229
2.6738740499665954
1.898246127053934
1
2.4725953091732227
2.403786631889959
1.200232854208185
1
2.4203866834566052
2.3635329109375296
1.3787689298703831
1
2.4097272958351117
2.353058272762736
1.2998617603233187
1
2.5806282669041485
2.5378719241270895
1.9713550468590324
1
2.459505057019435
2.4222211904109052
1.9802724755178376
1
2.3054028340160446
2.2623033417474923
1.6867763108063103
1
2.3521066484409214
2.275714618344391
1.1054469821399462
1
3.1255011831625445
2.9599453992442313
1.1105830414562967
1
4.566022626565408
4.217028792872699
1.1122530432729916
1
3.9579319108312276
3.541569611640864
1.0449769808457932
1
4.266945892093294
3.488923245633475
1.03089238081117
1
4.557927929581207
4.008864128803585
1.0637562434734553
1
4.607702256557382
4.045931920473014
1.0432822572337097
1
5.077890375074506
4.5145766834045205
1.0557611049132585
1
5.22300995457253
4.416074524849273
1.0356313213619086
1
3.4216090747246306
3.2349463853903657
1.122051094883003
1
3.16452912477259
3.046163716939566
1.1463279891660068
1
4.131254692892023
3.9664104824286954
1.250414419354221
1
4.157477420916997
3.9958076418305764
1.4215614471108318
1
3.9412323438901797
3.7919573730571017
1.4127922185900046
1
3.3732110787488265
3.270896421455832
2.083411195736342
1
2.3848073890292785
2.319515600232758
1.6348584458030018
1
2.0390014061424737
1.9801116868594055
1.248452705066522
1
2.1950411112390023
2.115002307762394
1.1144904761883236
1
2.1947228522569073
2.1178287125071638
1.09374236452485
1
2.0940125037408412
2.040497416496012
1.2512298989428898
1
1.9144476221777575
1.881894210856272
1.4982619931254084
1
1.9268383235566564
1.8856122832240585
1.375393413733667
1
1.8545084379538843
1.8135341348030263
1.3075419093714324
1
3.257974566867086
3.1296046864761577
1.1172216638635513
1
3.0360648264669394
2.8938295499462683
1.0697312821342657
1
4.025254698695518
3.7990706347711227
1.1040634752025968
1
5.199431043662498
4.69995323194435
1.060963711660166
1
8.217393835520145
7.476487898529301
1.0833810691206753
1
6.2148640600884795
5.570600962739056
1.0484422215821294
1
5.376032391960319
4.566425338478202
1.0268943209911436
1
4.586608151455286
4.107838741449631
1.0577808511788636
1
3.2712013279315184
3.0144914681502266
1.0523938483007473
1
2.973887712711072
2.709048763851301
1.0528650013707348
1
3.622395080639402
3.1674321617939074
1.0536361258730098
1
6.1747147459038425
5.348248649974714
1.0800847538845018
1
6.1296205827875765
5.186629553511301
1.0602679958076968
1
5.354137531710925
4.4449437015156565
1.0741111391878322
1
4.244907644456374
3.512409518538117
1.0632599670395944
1
7.708795060104241
6.540246523666296
1.0852588337213553
1
7.322166229853021
6.338705710547622
1.0658554379833485
1
5.718269683892064
4.996819206113368
1.0598540572606765
1
5.479564941948684
5.0096116024331865
1.1277390311295474
1
4.2260043684198445
3.9221356284293307
1.1901650432169872
1
2.6478704585191726
2.501246625045483
1.220974372470647
1
2.194486486983137
2.129946114267247
1.5945497744688653
1
2.637819268860399
2.5254897430592194
1.5169991791836333
1
3.3705561830179502
3.266428289937567
2.3455749579021616
1
4.043970922434719
3.854075745392936
2.3160334361486363
1
2.4920126279205483
2.3722893108706176
1.4091959706752015
1
2.317791276169459
2.2255025126882617
1.448849840687092
1
2.717605208346432
2.5160428666291215
1.0979598016597318
1
4.210751396095469
3.9351829026210954
1.6724016546505358
1
2.0601808853696157
1.9389537985251737
1.1865030074087153
1
2.2196602836145845
2.152817293106579
1.8134569281164143
1
2.0007023244729294
1.9704257346206568
1.7873674973797207
1
2.1361913323834614
2.1156232868613865
1.9854866817271657
1
2.4592997419579485
2.408660342982963
2.0465876105950502
1
2.4207728889909177
2.374532735835325
2.0068253894499826
1
3.2354288099450432
3.1405358341230216
2.4593952511695742
1
4.3622021399011395
4.2979740416131555
3.880587061362731
1
3.2554323208671643
3.1279298262046957
2.0789082475487066
1
3.7358512170365685
3.4997508862874316
1.4392435342151229
1
3.66259911415107
3.5208115527701684
1.8956391804275161
1
4.637600499374941
4.337429181358159
1.6100653988137237
1
6.554999927692352
5.9392157884075765
1.3424187290839116
1
7.351505833941395
6.4138857816241615
1.2573305068848433
1
5.980872999952797
5.020506949159594
1.1308758717314016
1
4.815648189291574
4.087527276597243
1.1493208557582422
1
4.320123498057485
3.458240800851425
1.1351083170863205
1
4.274268921699591
2.310749760172999
1.0784297520727852
1
3.984253646667623
2.3964683172968524
1.0570339974406733
1
2.55879221321991
2.2595012819313447
1.057895139538948
1
3.1489707424549205
2.7769212281335016
1.0799000072818328
1
3.376679314455728
2.902579341411772
1.0533167536840213
1
3.8610738839745173
3.531737943663698
1.0629390633721167
1
3.661762004963601
3.452476476815859
1.054038015678171
1
3.1998897492922644
3.095875551477496
1.1129671428713095
1
3.1928593299963905
3.0690271851352082
1.072136891394826
1
3.500174741371786
3.3516988246303137
1.0833090311626752
1
3.227291828744847
3.106982797002174
1.0794889577600784
1
6.822520159430693
6.608032104457223
1.270055957656196
1
6.5774050654793035
6.2775165334476934
1.0665658119965027
1
5.475418633484144
5.175790537077274
1.05198391181798
1
4.884220425220664
4.619676715348708
1.052223316529452
1
4.071612479488402
3.936256881281132
1.0551703997246953
1
4.3148279433696475
4.081715898928271
1.0238756398927205
1
4.69596705958662
4.438608956090559
1.0247750409056025
1
4.258619613344056
4.054667012852391
1.0306588846556892
1
4.417763932757515
4.2090312771568295
1.0363576016680034
1
5.482929125983974
5.034458010371859
1.02929326897128
1
6.745107084406334
5.850925748790551
1.0275713226646594
1
4.295354205162521
3.817102198506243
1.044168625162116
1
5.85280973727244
5.248064568888604
1.0630484964131457
1
5.547057001332603
5.034604061109069
1.067877378233617
1
5.693451114741195
5.057048715388832
1.0786386288948357
1
6.541256750064513
5.950557465221953
1.1032260506060496
1
7.451980771246445
6.53886696488755
1.0962509669328702
1
5.941817323740371
5.1894601330661745
1.0943750352931516
1
4.994894665180192
4.053369386335101
1.0565117293001047
1
5.322065938601536
4.181764491845128
1.0624689681373578
1
4.79880268409026
4.129199218111636
1.0871127628819344
1
6.389020124653062
5.52074231833521
1.1076407542846478
1
4.217821015209031
3.3506843149602297
1.0797081765846799
1
3.3904832551058117
3.033140992351681
1.0686547500785972
1
3.2681208798724373
3.034722740017725
1.0747513125260768
1
2.6542238481409233
2.4781834167136156
1.0481587028439874
1
2.296787089000279
2.176556989976903
1.055094504524856
1
2.4567795325360593
2.270994836204635
1.0514204407512961
1
2.0124222213980225
1.8756362846015249
1.0521942406051596
1
2.0948217232994955
1.9193630141783744
1.0483827487316137
1
2.208868344507998
2.0413394875788704
1.053195155690113
1
1.7046144556778697
1.6460155840071335
1.0713101950255173
1
1.5205917205963582
1.4783707040186693
1.055543127298483
1
1.6634461356471044
1.6033849246832166
1.0771435917778223
1
1.8789689378375842
1.7902282983992894
1.0555094716694426
1
1.8939756663126126
1.8006614826464489
1.0539000135691854
1
2.101384708874368
1.9197231942111326
1.040778525996619
1
2.5281897909627014
2.354539745829108
1.0465876149415057
1
2.3647089761968227
2.1090299861419237
1.043673909205847
1
2.4572294014363285
2.1868659250146014
1.058543438512078
1
2.682046665937388
2.35167301726428
1.0596600774144702
1
2.2846223774696472
2.141511771974131
1.0694628035122913
1
2.128303215960685
1.931619189000186
1.029596789825588
1
1.8010080079817519
1.6858057011252698
1.0576612112608617
1
2.176894073991447
2.0632226394207183
1.1452293313655086
1
2.364654828604131
2.2108860823767356
1.1264252702198598
1
2.4550326136814986
2.371131965467021
1.6050319220175826
1
1.7440863081887563
1.6563296342075688
1.0607023681564693
1
1.7086652453862852
1.6371307289156891
1.0730111828639826
1
2.285862294160117
1.9684834635557917
1.0244858448877656
1
2.214242123314288
1.8626744017811747
1.0200117744354762
1
2.39705854810136
1.8471277338627736
1.0143233453318374
1
2.5287048957665053
2.0784546972399336
1.0212821821774487
1
2.2712345470158772
1.830947488344457
1.0198018253773937
1
2.4772606027068966
2.165546656173039
1.028477385081131
1
2.271870393664432
2.034967256192187
1.042779352555632
1
2.38161861693819
2.0412016301611473
1.0351097243010803
1
3.571475111173482
2.2283023002387394
1.0210612698694768
1
3.4435438818134854
2.593700704561197
1.0369375002259134
1
3.3027388164436307
2.286053035560379
1.0317054808270376
1
3.250136791486701
2.134680242492777
1.0361671538946717
1
2.186871966732302
1.7908374399575895
1.0291199027487026
1
1.9569432072561053
1.7952245832737437
1.0539119462869446
1
2.040112540330242
1.9003356811763066
1.0862595716773784
1
1.9107573207985884
1.7106793909570368
1.0533099677134412
1
2.1275923639666385
1.924744727695119
1.0454862732005348
1
1.737891286136256
1.5873369132945863
1.0292029297165217
1
2.3030473928509303
1.9056626452850889
1.0227163396850587
1
1.6955584027407173
1.5681089980316067
1.0453123762338137
1
1.4229909103564475
1.3277469571491092
1.0281959433694872
1
1.4379498702675828
1.316600243868889
1.018307548890248
1
1.4705745796944047
1.2929168889861098
1.0172109692544347
1
1.5548239337066765
1.366946697335387
1.0266626535680756
1
1.6176488727263338
1.4122946583619354
1.0254735703391145
1
1.726281944878037
1.5000208764382916
1.0456971185362196
1
1.8275454901494037
1.5079172016007552
1.039794890469201
1
2.5051931618103374
1.9847747378202243
1.0468689899426917
1
2.040419657632913
1.7606499668183182
1.0407538421172609
1
2.0854736583816464
1.7291386907099717
1.0461053844408872
1
2.006956736540116
1.6663153873731407
1.0381264868537745
1
2.320024878474185
1.877520626197657
1.0476101726709899
1
2.1696932719882573
1.784158531095074
1.0457341799814954
1
2.27792664782579
1.7236226489697122
1.0248497572933117
1
2.344557473168968
2.0076330155717717
1.0571713721561486
1
2.227610162630054
1.7762450167966195
1.0486556997314644
1
2.2715142872327565
1.9544451271990295
1.0517259442661786
1
2.632444566994087
2.2027123850979797
1.0657425554656526
1
2.4270873561089368
2.089994112355299
1.0772902433081624
1
2.041170044475374
1.7802021072511853
1.0868420353483197
1
1.9279624029842575
1.6495144521103082
1.0694950116381645
1
1.9780605095170698
1.6801522810134808
1.0680247819836022
1
2.1525912520075945
1.8934236996639355
1.1091875420860595
1
1.8868753590844491
1.7403260489885723
1.2312399762901498
1
1.5995805122849271
1.5365005441716997
1.2582701027526848
1
1.5997238980859605
1.5347432555291922
1.2375826166156088
1
1.7124234545220678
1.6521575538341324
1.3113580578608266
1
1.446322100516677
1.416469476780416
1.2128636966172588
1
1.676787070045061
1.616035287931625
1.2969215967509993
1
1.5503050056599719
1.5033887209430372
1.1961413485587022
1
1.6052764915519664
1.5131515005543064
1.109789690015603
1
1.462118520122284
1.4084806574965125
1.1309632620802033
1
1.3786659128228245
1.3084382458585018
1.039171287461499
1
1.25112790275144
1.196717832663429
1.0290134988444757
1
1.2552931816787591
1.1643158858055789
1.0229409493541723
1
1.2256999936778306
1.1368394149711283
1.0168897661441316
1
1.1765386249509926
1.1012454945654753
1.0126892683313822
1
1.179935748275273
1.1000466187222897
1.021411968744807
1
1.1824845257588648
1.093926687190071
1.0246580331874147
1
1.1572453053619143
1.0762224358404138
1.0141216130439388
1
1.1263181909168216
1.065850566951319
1.0179602157612921
1
1.154918859464117
1.093341793685135
1.0196041017366926
1
1.1647682981074916
1.1189695532875543
1.030526773371365
1
1.1666402388151385
1.1070952561190666
1.027832272854426
1
1.207813054564608
1.1216526256435821
1.0184702991477932
1
1.1743939315060385
1.1003911242219748
1.0206204515037989
1
1.1643879471157292
1.1067450568498691
1.0211760082117098
1
1.202185695766243
1.1328634234864314
1.0340826290609917
1
1.2653897822809603
1.0516703442021436
1.0049206855124793
1
1.612268440663757
1.0621897686202795
1.0097052198702499
1
1.479525757679876
1.2022773128757727
1.024775284183776
1
1.5680515532983168
1.156160341027827
1.0143504739489202
1
1.4785588961193505
1.1818901087003293
1.0176837403807244
1
1.361565155267425
1.1959126810591574
1.0162177294053012
1
1.3993196054088757
1.1978366045741364
1.0122414986328756
1
1.2287604685188773
1.094628889143115
1.0059089741146674
1
1.2762278699533192
1.0733662315220003
1.0050696809780724
1
1.29222550947531
1.0440082478116106
1.0031068640640626
1
1.2895048694023974
1.1193984002536264
1.0062402661559957
1
1.2446847925062177
1.0909459795284107
1.0057437231968827
1
1.4995113549892032
1.3107468440516943
1.0107512730764194
1
1.2128114297593884
1.1936874141960738
1.0434902234881298
1
1.4135530677718795
1.3811912843900607
1.0861598257815581
1
1.5251522918437754
1.483571692222261
1.117242530751043
1
1.4319753481621016
1.4074515087289796
1.1386281036463903
1
1.5499650254789892
1.4808037184542164
1.1503896888439407
1
1.350920810123953
1.3204926733418025
1.1101301441601064
1
1.585032822246958
1.5120432723426427
1.1508951073132938
1
1.423141145709004
1.3830591576481093
1.1486976916421767
1
1.457397701572611
1.3848543891609144
1.1227969071570345
1
1.4891837564567993
1.4245855821859532
1.1012850191703036
1
1.4884094444840372
1.4280835454942908
1.0936383860496133
1
1.3208773982988833
1.2911890727570865
1.079887366108747
1
1.3363334811442857
1.319376735466896
1.127683142327968
1
1.3427591761789361
1.3340373203813516
1.210138394802124
1
1.3171464180922834
1.3092076355588413
1.1929540601538373
1
1.2288453041134355
1.22176372249218
1.1173300873827545
1
1.3411611227344538
1.3275433190963593
1.1069194068680954
1
1.3999876582077069
1.3866706717971367
1.129348283998218
1
1.5839222418540024
1.559141628810531
1.1478169853373232
1
1.6144526364500928
1.5831009621529704
1.153259844732128
1
2.0066479345250254
1.971643750179043
1.4117657547047935
1
2.2827239279561433
2.2251502665477108
1.3116253043430677
1
1.8471482733902886
1.8187670983532662
1.326821856911511
1
1.7423742732388743
1.7098734601890977
1.1864395603293494
1
1.4770606717977774
1.4592261173190675
1.223681270342344
1
1.5975437343375856
1.5662023080902296
1.1777200840594562
1
1.629567660608803
1.6033506695655613
1.1968949673794775
1
1.5363717663247987
1.4943656258765374
1.1134471653618112
1
1.6269629004565804
1.5497293618614751
1.0793500080173635
1
1.80800039458958
1.7323536654929919
1.1058346007167221
1
1.8433999585302725
1.7613542241122913
1.243272393801019
1
1.2097187075830094
1.208116269919285
1.1120374136370303
1
2.228744236171386
2.131073282853118
1.2131371060387188
1
2.2790599341986595
2.190419461991735
1.198262448836994
1
2.3267184457186825
2.1983686665158646
1.1350431035531297
1
2.2132579518706375
2.1386267477264855
1.3268150007409734
1
3.376024387317454
3.1801580145815485
1.211341936021191
1
2.1572102189159486
2.079926667253431
1.207664062562826
1
2.522270286210917
2.4152791201398123
1.2313532075310272
1
3.0459775893287198
2.8395829707980376
1.1460692220674868
1
2.3887142186128076
2.2473310505158204
1.1324001419681111
1
2.6435454803156033
2.402113354904019
1.0812709394559943
1
3.363188484051311
3.1158084047874586
1.105817627085359
1
3.0530955271619993
2.8040216713288824
1.153939237477913
1
3.751583741298588
3.5151779248768507
1.1872482551326795
1
4.684292274766068
4.390260686029896
1.4838080615174536
1
4.585626969979336
4.4380374617694
2.0478118703038
1
4.372256908079336
4.1853327929329645
2.275692900598742
1
3.2965272722065153
3.108966054725114
1.2452046422642173
1
3.334445480970793
3.0749904286483853
1.175079219553562
1
3.3160074121230854
2.7658001143439637
1.1388740027345021
1
2.562873334545376
2.213694074777106
1.1148314536777368
1
3.08894549860563
2.6736494390869123
1.16835671277354
1
3.8190136452556795
3.2958195923788787
1.1576450121352573
1
3.5082930417542904
2.5688829681290994
1.0735747790300412
1
3.920614245199916
1.8496916952699058
1.0407504777163359
1
4.707005387078403
2.155469886764934
1.046601619391088
1
5.1614516382681535
3.361942153123536
1.1065501030689175
1
4.688090260571961
2.857680975392437
1.1036894002549436
1
4.4218316094845544
1.9910639217597488
1.0561782043302403
1
3.93128739962564
2.0608630903542102
1.0600924455941159
1
3.8540703861826575
1.9633180079719896
1.0677113354488308
1
4.9510640335759595
2.7565009806133665
1.145778595721112
1
4.686132112731675
2.6798619171108182
1.116193945001843
1
4.0748162934613115
3.2933047981138377
1.173849356157806
1
3.733637187953956
2.883369268134518
1.1497139611313802
1
3.732969542042831
2.9345865356154115
1.2262263394614017
1
3.9089890352866616
2.0272787762009195
1.0850251472014032
1
3.4284023417705205
2.114244219365172
1.1003602689213803
1
4.070086155524522
2.2280843196304296
1.1212300239713087
1
3.3870753913904865
1.9992143227001864
1.121276269440434
1
3.8494541381326353
2.2771143517236956
1.1485846473727903
1
4.856250529942012
2.676934065570269
1.2274592562494722
1
4.362690647499238
2.4212161831968055
1.2768658217797195
1
4.1552448238928354
2.3856279956705997
1.32800383478083
1
4.473655637731215
1.5651548214607616
1.176208620230513
1
4.794979690055464
1.9026829107417969
1.234883525534342
1
4.7501420488553014
2.841917482091978
1.4213398920984517
1
5.148896364119358
3.028830615111172
1.3998033056843624
1
4.988654540175879
2.88319718032096
1.4691398436896204
1
4.366840011341883
3.171079713455875
1.6930891790993752
1
3.7331202028071306
2.170341603304889
1.323718145122763
1
3.664520870175722
1.6914626689833916
1.2133371801780428
1
3.10828312299411
1.5264090818822917
1.1074184795302513
1
3.674148024836079
1.4174387237654968
1.0697762298783386
1
2.972372300100617
1.584793965766625
1.073857843503475
1
2.674611641749577
1.823698440559219
1.138041444907549
1
2.565151789290068
1.919670681087128
1.1981116682499957
1
2.8675448257709917
2.224457783240115
1.1959191122787998
1
2.7397900348129522
1.6440613564737554
1.1237908366465499
1
3.000785782392609
1.6063721411942222
1.173080929232217
1
3.3450468703992446
1.5732139197897548
1.1656716357702173
1
3.250013852330098
1.9164291771373625
1.258923062300069
1
3.0355436747723026
1.6660538079752338
1.182088338094286
1
3.1197986373639677
1.4632026804941007
1.1423634323952008
1
2.9727348102290225
1.516636341443621
1.1734176702621077
1
3.338980053120536
1.6165893658616308
1.210011711616184
1
3.4501915170833146
1.55449327274367
1.1494576538858772
1
3.230039891277926
1.670167577335707
1.2224798641919692
1
3.404679870105415
1.510070045617189
1.133964552045641
1
4.097016135197382
1.4544024188838247
1.09856173323886
1
3.9940322062307843
1.4828923646480492
1.1264317528252503
1
3.865139788277441
1.4958919052681272
1.1138944195380596
1
3.5970394416615172
1.4477421241930408
1.1245256819662997
1
3.5768105112798936
1.4408913267297374
1.1003869895573126
1
3.582685140273996
1.407219863967047
1.1018611039853852
1
2.7854303808290495
1.4979382091333127
1.10700250446633
1
2.703356554317508
1.854934269893759
1.1986534754120377
1
2.7812243408929422
2.0657325598993
1.2247100981767594
1
2.4442039482214413
2.109496152198174
1.2585877899305455
1
2.383550269279139
2.101673409370384
1.2663744545423745
1
2.4695916479367024
1.8030958746341361
1.1438523660960593
1
2.220835171575389
1.9364634559696086
1.1986597421108427
1
2.3538958505432697
2.240089999405078
1.3605498343861362
1
2.5427343799908977
2.4064539702950225
1.3306190836563354
1
2.130784260046963
2.0767646231450962
1.5178148455334928
1
2.2979901904369293
2.1587289411392145
1.3260980988325548
1
2.642406799923493
2.534071573116653
1.5962905036696906
1
2.545968508471208
2.448481270697175
1.4355827754251667
1
3.047004879472682
2.926338066069057
1.7357282899389521
1
2.2170652502109496
2.1801135286458595
1.8054999944284853
1
1.8285060377107438
1.8068906263349152
1.556879561186199
1
1.8663995442923964
1.8432413266123433
1.577441434204896
1
1.9146688721583867
1.8957185216602976
1.6814916955624832
1
2.023924351268478
1.9976133778374898
1.7445745777399986
1
2.30740079610417
2.250063942493469
1.6103663297367639
1
2.2295587898204117
2.1570024621690576
1.309803176062239
1
2.638298246509182
2.486301159675472
1.2012885548273906
1
2.89334999840718
2.661118097531226
1.10117814597186
1
2.719247573785348
2.4970693670304605
1.1270964007213422
1
2.8666651264897784
2.529201100003947
1.106759987915593
1
3.262280863714867
1.7441055484800168
1.0110866361569026
1
3.1850715387998365
2.4842146380208194
1.0264976265586687
1
3.0366998167814154
1.1374099881599637
1.0054895623409088
1
2.8848115802413106
1.5790970369600343
1.015112619954532
1
3.332108164433818
1.8514370963492945
1.0155590633640859
1
3.366008127201184
1.7849176948105145
1.0118473138420416
1
4.231021326653726
2.1311949698731643
1.0139434801982845
1
3.7803897114316385
2.801630538866282
1.0271089138744305
1
3.1878138487255514
2.684818044982678
1.052965120697739
1
2.80465792647193
2.4411339931530005
1.070055067675812
1
2.327257574250513
2.1988220787289943
1.1162515265684994
1
2.0812442317677156
1.9766064990193266
1.1464073721237786
1
2.211355070091556
2.072357146782165
1.1639397244578331
1
2.134376722012562
1.9991548276063122
1.1382267373301387
1
2.4998446630834854
2.3353639548944853
1.1716820954873914
1
2.4077646400432267
2.3251309051406555
1.4029855517629712
1
2.29780084267871
2.091602179749647
1.1317297405741844
1
2.5892414718814094
2.262231610744949
1.1213612364138463
1
2.045045419700415
1.8863449624892576
1.1180957348059148
1
1.9282142930553916
1.7686363109630698
1.102609615819323
1
1.8389290025636509
1.724561150942241
1.1087537845812232
1
1.7720633655477769
1.6821637339387778
1.1210808267328178
1
1.7854104395103119
1.6315397379195555
1.0891237024312272
1
1.8701870495388329
1.7565003786083533
1.1324620902813698
1
2.066785337494474
1.8806025016354602
1.14572904177333
1
2.506776703877941
2.3001247536753295
1.2345321660710986
1
2.1364995723301563
1.912206452282502
1.189826407307739
1
2.001808260019583
1.922533043293126
1.3112164613140103
1
2.212654133901604
1.9932428571782084
1.08684017247769
1
2.35307693389453
2.2162615220585913
1.1259729524801119
1
2.2806706900343205
2.195222639281237
1.1307060115653564
1
2.437366008929154
2.2465327247221465
1.0887840269204905
1
2.908745359970965
2.568209399517293
1.054670105386258
1
3.090895574528481
2.59618073467363
1.0351292418718536
1
3.498187871512643
3.028551275388198
1.0355285251022655
1
3.691088739202172
2.8994527521780538
1.0362839184638177
1
4.031690380776992
2.693537827804493
1.0241075321966113
1
3.962841194030458
2.9740709753015016
1.1029656138972004
1
3.5986040061957216
2.726992621253434
1.0359222136459187
1
3.204384665982996
2.3499456498747495
1.0338742437962627
1
2.912376949671753
2.0989447260078804
1.0281419365833544
1
2.706483680764926
1.589670331786806
1.0177264639743695
1
2.776079717791588
2.0892637830225813
1.0335525369969052
1
2.494950745220002
1.3637104049791708
1.0153288683156534
1
2.2758555636037645
1.409824010700699
1.0216179458249541
1
2.427366506805053
1.2297544036449268
1.0380098028875706
1
2.0340965910295523
1.2204636940742044
1.012338012313415
1
1.64479431042029
1.136966741967965
1.0115205931553035
1
1.618385962699651
1.0618254885175864
1.0079925674018582
1
1.5926939242425566
1.0555246712246926
1.0041331679427004
1
1.5851894676705547
1.0597050349518535
1.006099443302436
1
1.5561786046362756
1.0300155616252475
1.001889811006716
1
1.418065159820699
1.0178537665861604
1.0010534897353924
1
1.4671999101879858
1.0185290088648604
1.0010473389221266
1
1.5278932165918044
1.0104155733095468
1.0006531665962217
1
1.3916788668159512
1.0091877382877703
1.0006879876232
1
1.3330422100469306
1.0053563820931228
1.0003779406643987
1
1.3268979711371387
1.0066114897514933
1.0004535814780178
1
1.3192258898617402
1.0064061558537698
1.0004213171102647
1
1.4401668986613547
1.0113412699170794
1.000622135555781
1
1.3662359839352616
1.0145932193594331
1.0010259545605638
1
1.4340775800230392
1.0138832078397877
1.0006551586588461
1
1.4669730505782304
1.0132169321723776
1.0006864506658033
1
1.4371172844707483
1.023462211535684
1.0017627539043006
1
1.356110701241297
1.0028861465478558
1.0001762938421805
1
1.384130852171689
1.0093672925260928
1.0003056322588657
1
1.33455691359984
1.003788457551204
1.0015483630155548
1
1.3362335650407586
1.0084897022775923
1.0005179103245312
1
1.4743252759715444
1.0090653984096611
1.000516805346774
1
1.505183494900314
1.0095073032100559
1.0004569114578974
1
1.5417217835729076
1.0102030427015147
1.0004603266384615
1
1.71595940088499
1.0243669105294033
1.002265152382097
1
2.059628518731627
1.0417468723832184
1.0068943166524138
1
1.9978364745873611
1.0604518617993894
1.027145973426753
1
1.8155322668744098
1.0174446026477386
1.0008178461897363
1
1.6922826927187538
1.0156197006002206
1.0006130718275894
1
1.713191689615725
1.00831090267651
1.0116138054987003
1
1.6354547563208532
1.0273971893137845
1.000700893753444
1
1.8665708729844195
1.0379523511133841
1.0005306515268644
1
1.7487107441886571
1.0641063386406322
1.0209956286325899
1
1.780181342838447
1.039093209689743
1.110590873765033
1
1.7352666235823895
1.126126782453536
1.002231196070878
1
1.4556044336366019
1.050756784611162
1.0025992075244448
1
1.3901352890408198
1.007604363020305
.9999850012505106
1
1.5726551251963616
1.0216337616924125
1.0002161474502924
1
1.5246443721683165
1.051076795727027
1.000329643493424
1
1.4957535051136392
1.0208701869800827
1.000141974918752
1
1.5568769555730515
1.0165758364906914
1.0001787690951753
1
1.7762355681525785
1.0528380369004444
1.0002020968934442
1
1.8822775837756023
1.345408908129664
1.000451406022906
1
1.706898985490292
1.497208162910926
1.028405653778922
1
1.9168784819398568
1.5223307913016448
1.0045898407086131
1
2.0442982675939416
1.7463990800008267
1.006236255512139
1
2.318352002759832
1.9946970987107175
1.0039641215022255
1
1.94013695455374
1.6302300454017706
1.0016610469640472
1
2.0403616732001035
1.5796918825084418
1.0011919154392246
1
2.2734206571244844
1.5366158124883724
1.0013557582469061
1
2.340282301514546
1.2489067565599095
1.0007395915208384
1
2.308836670479438
1.4431343282314935
1.0005865694279554
1
1.9225781923220695
1.2454036798229304
1.0003265010573965
1
2.165898561684778
1.4276158525938882
1.0005159028276236
1
1.965024887415837
1.0583670923866484
1.0001908004581888
1
2.025515705323718
1.2113793023662949
1.000278019480311
1
2.4584278835030737
1.0347877475092342
1.0002224952771606
1
2.5609281177523893
1.0128201747919878
1.0001105417357892
1
2.4398034925369116
1.0153297413028748
1.0001562158447346
1
2.571328759300002
1.0705617734829298
1.0003367172579514
1
2.4615530583171887
1.0272907446138404
1.0001695279326535
1
2.389020220122326
1.4828526825054549
1.012644257722231
1
2.308965394164561
1.1559138163066662
1.0165971435204988
1
2.748502815071922
1.0970710295434163
1.0002659422536753
1
2.9383783843703117
1.025346871933631
1.0006361838409834
1
3.3504336282613676
1.0516932754139035
1.0076156071911309
1
3.30776572609901
1.025853543880754
1.0004756453094859
1
3.2567653684175886
1.0051661242047072
1.0000953393488066
1
2.952174500753084
1.027292284589512
1.0219676896507017
1
2.63482231890605
1.01522915701415
1.0002510752087905
1
2.4776522595095174
1.8059097916823847
1.02042253744241
1
2.521329765901395
1.5762036697725312
1.0054573311559314
1
2.4939444881207224
1.9215575600761552
1.0107006867861938
1
2.6084273388149097
2.0039950513141616
1.0110569948221813
1
3.8572343007621663
3.0764183920250994
1.0142815601150335
1
3.3480959033406656
2.986608186002377
1.0158933421666791
1
3.027264088926134
2.7354687398683626
1.0159771817933854
1
4.058470087044733
2.9569790679353676
1.0074210234286187
1
4.6142169612929775
1.0770645625324367
1.001486661626031
1
4.241831111057885
1.257632919615664
1.0035239479304046
1
3.7807754216652465
1.2688604548709337
1.0017765522004431
1
4.182231403829333
1.0459862858585987
1.0001652284173008
1
5.117373409890025
3.108857137473831
1.00152673733637
1
3.8087067084887183
1.0090670175324215
1.0000249934110217
1
3.93025178018953
1.0185307128544872
.9999799629500118
1
3.0205503227676127
1.0186162321210934
.9999925513355586
1
3.4451390792113377
1.0072037334546327
.9999978056662531
1
3.5196747035837683
1.002612955620258
.999991614767155
1
3.4094977920476204
1.0031362778863264
1.0000249610018654
1
3.0915109438057398
1.00598852297501
1.0000246875212404
1
4.351176507467316
1.0058959931632108
1.0000109002987059
1
4.303198697749274
1.0073409800009758
1.0000117982365124
1
4.343555691077049
1.0163055896043398
1.0000447037837652
1
5.189842905901766
1.0243055311685523
1.0001405848364529
1
4.771826289255981
1.1451436835330653
1.0004676261876715
1
4.196379745791148
1.0181388417232298
1.0002197218653635
1
4.122881759901456
1.0125451544947834
1.000203404825859
1
4.071801216318853
1.0207289146616723
1.0001959640950258
1
4.312217818093675
1.0568515263633727
1.000299564360306
1
3.8541216941712015
1.5911907459044337
1.0005206306979488
1
3.2205612598784774
2.3846684037346866
1.0019697504896548
1
2.9234666878990074
1.9359088640384188
1.001100737940799
1
2.2666331914064726
1.7447037518499409
1.001641804288536
1
2.1247429890143814
1.858648632748138
1.0040085899278532
1
1.6250455246426418
1.507930725645819
1.0094528193602204
1
1.6550066716225953
1.3888062347757655
1.0017218636474365
1
1.3371493621511177
1.2508286458379991
1.004078858250462
1
1.2971912061441606
1.200362899991217
1.0022248833042282
1
1.230538027620253
1.1432453489900984
1.0012848612056922
1
1.2097030335580896
1.1298804570660963
1.0013877982080617
1
1.2026239022537528
1.142748316206443
1.0015437961280504
1
1.243578485713737
1.186440071774722
1.0015837068689077
1
1.1983529506823591
1.1548612539019643
1.0014185622631595
1
1.181511560189081
1.1661409681949388
1.002485415894584
1
1.169938997427031
1.157331986660764
1.0032079125258748
1
1.1718773938060743
1.155016513393353
1.0028452353902475
1
1.2993976481482141
1.2692596023957723
1.0035953034889171
1
1.3843636495151694
1.3322289143947532
1.0042220617710003
1
1.2795954765782305
1.2621119605658915
1.0068090864975918
1
1.2190593327096906
1.1558858028325614
1.0031116347413607
1
1.2361260765769044
1.1630841843084458
1.0017841452380227
1
1.2609916945428148
1.1948178213608627
1.0021660731203383
1
1.220860034039965
1.180111812804716
1.0047050967577709
1
1.3138912361511723
1.2415646838039447
1.001942478900197
1
1.3188063714829674
1.1749429076891562
1.001165520435072
1
1.2508520924344764
1.229557538958939
1.006395884036049
1
1.313295664218505
1.2750758938915725
1.0034675606019852
1
1.215140018161929
1.2043295249284387
1.0063847208643675
1
1.1563579944151945
1.1458711090857732
1.0064804292059184
1
1.1431326120134142
1.1283669576108148
1.0047972535773284
1
1.1650331328447538
1.1293559293257207
1.0047166503090759
1
1.2728868272147718
1.195299412821241
1.006664047302302
1
1.298583288137207
1.0032374606576178
1.0000856232150335
1
1.2757578933219813
1.0034668278342231
1.0000022188709372
1
1.244119144231186
1.003304012016799
1.0001462486058441
1
1.21742892093589
1.0038325294556671
1.0000965491986213
1
1.3079316287825062
1.0054725449315722
1.0001174018552816
1
1.4615790135963984
1.0034138897467024
1.0000497856310535
1
1.5378206752095078
1.0086633687497273
1.000142635473126
1
1.5144848261752943
1.0108251752974764
1.000164192238346
1
1.6459971442616381
1.0024643904608659
1.0001157497761441
1
1.7851753801952306
1.0038805670733193
1.0001765441031014
1
1.8921463262347966
1.0061955460708945
1.0001980719339347
1
1.793109217679592
1.0048294036876335
1.0001357519834269
1
2.020789372519368
1.0036824043726278
1.0001150233287532
1
2.0132449080900754
1.0050840044183853
1.0001698259859428
1
1.645728293135423
1.0112038979242846
1.0003020073724853
1
1.7419722599240337
1.0060553917193933
1.0002146169909834
1
1.7154240666700538
1.0016726408615604
1.0001331946715843
1
1.7885228521088874
1.003048127690772
1.0001068532800357
1
1.7266869886324763
1.0005463010534132
1.0000905687942188
1
1.8482953519552867
1.000552359144259
1.0000028303605288
1
1.6571098626126148
1.0007975848563568
1.000115367256531
1
2.4259358035167056
1.0005557233727491
1.000005168572696
1
2.9675987388472826
1.0007972151315143
1.0000093455455314
1
2.6909844627372426
1.0015331126250095
1.0000149050448999
1
2.725186519135979
1.0027197926478293
1.0000189937693984
1
2.385191306623773
1.00111354993157
1.0000175091957022
1
3.1108955084894556
1.0027546036293518
1.000015131639731
1
3.095276630540113
1.0045887082523763
1.0000346454628306
1
2.8757011210913452
1.0084758810538648
1.000083520325312
1
2.817956646486427
1.0031199127991102
1.0000743247095232
1
2.490967400131483
1.0017974490994035
1.0000319659052128
1
2.950930521103079
1.0175972599501262
1.0001629629502207
1
3.321952672326174
1.0333641481786435
1.0002485165262633
1
3.7982067356149973
1.1468703781025629
1.0009387089810986
1
3.8633534629509483
1.7800623846081054
1.002785392691596
1
4.270502111813762
1.329867166962742
1.0015502956375772
1
3.1085980940061466
1.1976356891672333
1.0015816587177173
1
3.1071298347221683
1.0893764144565563
1.0010003986919624
1
3.2275561115943088
1.1529497854526813
1.0022251691227377
1
3.901290744040273
1.8665753906387361
1.0133308371225889
1
3.6040337143229246
1.2228820592652478
1.0047195356846288
1
3.48535688912818
1.1340044110110785
1.0027833107532491
1
3.3137956972981537
1.1977110040102026
1.003107355546321
1
3.9446060779925087
1.1264418893722354
1.0014574582463502
1
3.9146695295226666
1.3781294821799293
1.0023402951711713
1
2.999182227513617
1.5700702232805996
1.0032670425115529
1
2.8539373292271297
1.2000220045324772
1.0020015059467102
1
3.5292026348483643
2.1928434858684507
1.0046846950730834
1
2.896577764293808
1.5685351363905147
1.002449421717089
1
2.6061070993289515
1.3786658161889724
1.002642519913135
1
2.2289820349926375
1.8640979689903234
1.0060058919263322
1
2.3145646259891426
1.9271793740892778
1.0016845457976837
1
2.815743985788663
1.9488558958683804
1.0011348808985887
1
3.1396750603050534
1.9955658186513299
1.0009098323122232
1
3.1662996785791653
2.045204523080071
1.0004741539173145
1
3.2672594557937806
1.875017412254845
1.000349132500172
1
3.0343745172429895
1.6032179742702115
1.0002226494755233
1
3.4242263938197635
1.1037890857692296
1.0001782177918812
1
4.050298363581127
2.9799187607183746
1.0006698292695273
1
4.286129954204761
2.162632895732599
1.0007857740780686
1
4.1640348118504384
3.107898554667695
1.000942942464264
1
4.653790857715855
3.4606072772771412
1.0009248294309936
1
5.731226751646709
4.12035594100651
1.0006587171854484
1
5.158417121250601
1.8927752328212972
1.0001936897836303
1
5.169175941053052
1.3572048838110935
1.0001581226868805
1
4.356142367722092
1.059535672528252
1.0001281750296356
1
4.133252117293392
1.0214902102995416
1.0001173543041608
1
4.266528366631601
1.0246649787698172
1.0002194559606568
1
3.81607016224837
1.5054241284912113
1.0002042475947996
1
3.6537954464739664
1.7012510652561776
1.000129253832315
1
3.1140320863046598
1.050959292421129
1.0001460468810912
1
2.932196222520487
1.0234965592803382
1.0000302402392367
1
2.7338925137461625
1.0551983932376974
1.000030823044927
1
2.84625585764759
1.0229393457352727
1.0000246341058185
1
2.9554041965652327
1.012727647597282
1.0000308479619262
1
2.9217871258043644
1.1272828024800585
1.0002132694186467
1
2.9184402817851853
1.0159124247169986
1.0004167447326997
1
3.65639102564849
1.0234958893852508
1.0002666017981188
1
3.0192941846556907
1.0051253993697356
1.0001153161640113
1
2.77855728046547
1.0117808783694893
1.0002598522860946
1
2.8203885482346363
1.009934448985444
1.0001881077112946
1
3.5594218442124186
1.0122689353961978
1.0001575358914367
1
3.144461278228255
1.0116310986890296
1.000060432977444
1
2.640624113099365
1.0259703521654189
1.0000950443597145
1
2.825169191655403
1.0499913253011717
1.0001705746938427
1
2.745615087467393
1.0294179693176562
1.0001961553995429
1
2.9385567596686304
1.5242950186140996
1.000328670693423
1
3.8312526904455884
1.228183502207671
1.0002146761065613
1
3.6128088468204878
2.337665978131928
1.0003215955414508
1
2.9997912022648774
1.9663911447144249
1.000297339099048
1
2.905725427823827
2.1002225478395484
1.0003506578153325
1
3.5115604075919826
2.2136433721131614
1.0004228487163531
1
3.069166926249286
1.9549346290719962
1.0004074658193474
1
3.4476886074881796
1.618689761773549
1.0002468262252753
1
2.5028806496298084
2.0027670261294643
1.0009878970180468
1
2.5774173293264995
1.853815362955288
1.0005206764261176
1
3.002847272420576
2.01911390405421
1.0011339966387822
1
2.712877821486801
1.5945401361780358
1.0008510293192139
1
2.6264799880305403
1.9885256719276294
1.0032966426567804
1
3.0862405201413075
2.727850153333457
1.026490655345246
1
3.283706949650736
2.3594919873180134
1.0026157645695934
1
4.107588124063877
2.6986475412698097
1.0038693320908032
1
4.550101732055344
4.025539448202123
1.0436644865500584
1
4.964724510811593
4.224503191925255
1.0362534700237125
1
6.2396758433036155
4.260357689864156
1.028773469115477
1
4.682461350425403
1.1054260857168123
1.000439917157832
1
5.013929361125288
1.1325486195218855
1.0006170078736782
1
5.600902364474971
1.1380163355732096
1.0008639365147312
1
5.54540183429855
1.0410281160340493
1.00058642766829
1
3.507180421627808
1.050562170236492
1.0008187906165729
1
3.573937077240415
1.0377156167816044
1.0004188034191406
1
4.016473045454334
1.0757068997541126
1.0008802990164072
1
3.131970244149553
1.0566446080375465
1.0005058181692603
1
2.5662776665476876
1.4004786343688782
1.0012782190584053
1
2.1241291679673138
1.4536375405716893
1.0069177919684273
1
2.4740855957936465
1.7115603162453699
1.0096971880494745
1
2.6383117037921378
1.820752094054593
1.0119663080462906
1
2.2579144653132635
1.4079405264532925
1.008145887602733
1
2.6860983917916026
1.5405212941629205
1.0214557899194576
1
3.0230956194464866
1.8965297489942121
1.03531177605186
1
2.0829019308554786
1.5255563287944425
1.0359791860322882
1
1.7058157028445022
1.4978702237798782
1.0422184978095421
1
1.5977976560856315
1.390088607801856
1.0329334523036509
1
1.6386900994835119
1.4597624530215527
1.041352314402965
1
1.5479665454317864
1.4392808532228887
1.0582450314754532
1
1.564439368970187
1.463183248356057
1.0600192720463784
1
1.3451593412379437
1.320011748491234
1.1113363599780193
1
1.5112035806098156
1.4502485639149736
1.0812183258264758
1
1.6686286317361323
1.5700608788978638
1.074039805855195
1
1.5922519312533114
1.5112242245292327
1.0872178325472308
1
1.5793306844981805
1.4570012016727132
1.0532362906857786
1
1.5634339673217192
1.2748699238345187
1.0192441543859458
1
1.4719735941968637
1.2112198417562425
1.0186064244086914
1
1.4961055997979353
1.1896028018130356
1.0195751766765315
1
1.3044203149155902
1.1175223352478545
1.0165102745219887
1
1.2531110172304363
1.0992189007123176
1.0108721404888321
1
1.2852917756885849
1.1457240471071486
1.022877095388963
1
1.2800717685587204
1.181663402392222
1.0198499597826545
1
1.3623095213076262
1.281188914744348
1.0270208875586169
1
1.4326075454472809
1.05179840818354
1.0052949333885162
1
1.3663336911183679
1.1441828447451872
1.0104751635654448
1
1.2464287417806386
1.2222068513501052
1.0457061801746748
1
1.3175051299262142
1.2744830980995232
1.0466084365593302
1
1.2287353031633619
1.2278791339844215
1.2253012611310192
1
1.2741305263225555
1.2727880813349528
1.2682509794401533
1
1.2010668686481034
1.1983235758662207
1.1849424565793307
1
1.1478031780944342
1.1467327897115136
1.143054577312769
1
1.1689361371320226
1.1686424737925623
1.1677621446981838
1
1.1636546144917244
1.163332818896053
1.1623862299211993
1
1.0987157427014895
1.0978605932497223
1.0942989217511303
1
1.1884153853793078
1.1761026390741498
1.0641385445735907
1
1.1378710792774382
1.1375099596045926
1.1361689201370264
1
1.0859977679128163
1.0768310532684262
1.016059693821151
1
1.0612290104365223
1.061149084077967
1.0608913220328504
1
1.0691927988477303
1.0690834306654549
1.0687302647857917
1
1.094548066800152
1.0934331662125814
1.087695137261714
1
1.1550643841278998
1.1334066372762392
1.0189208960816452
1
1.2787372653998406
1.24767960421877
1.0339018620085512
1
1.3778284473071498
1.361364021971602
1.2520987106517734
1
1.5958061586707677
1.5657236488392148
1.437179013682171
1
1.498761811995649
1.479120411136266
1.3845752199645571
1
1.4592608354149297
1.452975206252591
1.4302402156394907
1
1.5064044901920692
1.483954535258008
1.3295585530426421
1
1.4438792382280703
1.4364085347899587
1.4046563053229433
1
1.4043341682974797
1.3827742462401722
1.2833486415693423
1
1.4401044313671265
1.4171589734797687
1.2429056570567398
1
1.400986680878549
1.3930697775392975
1.3232468652716438
1
1.539711207361943
1.5220864342091407
1.3160079452990747
1
1.2798932980270632
1.2749697748953073
1.2319574513820395
1
1.127982107856775
1.1242223214376128
1.0834799306598226
1
1.2178297256708384
1.2098109238559456
1.1040765721466612
1
1.4757831392353293
1.4466070221307832
1.0902105614051045
1
1.2152005699087236
1.208711093846142
1.1207823734098241
1
1.146083446269528
1.1422609706109186
1.0800028466767524
1
1.1700875970679345
1.166589794108891
1.1150628399425442
1
1.192343088643744
1.184980494069622
1.0865553835158652
1
1.130890492673904
1.124286528756272
1.0440017119944616
1
1.2038881438741538
1.1896518606525714
1.0484626352229105
1
1.152216643715364
1.1400538379617573
1.028878606801129
1
1.2653459379757919
1.2449998897048777
1.045389922606508
1
1.9288837347710823
1.4819869256506542
1.0205417214644616
1
1.7621811191903511
1.5401935372831237
1.0414701876866725
1
2.3959573751449184
1.6630054010833222
1.028958023318228
1
3.0029150035036065
1.3742475957685472
1.0179467028101914
1
2.017095832988878
1.6616442801003994
1.035008984830649
1
1.905088662770512
1.4852695222629062
1.0227548815855376
1
1.9595638920607656
1.4796490671056597
1.0190974111800997
1
1.5072942173201875
1.3731086763138112
1.0328936047691688
1
1.3252620790252305
1.25749648248562
1.0280949963034058
1
1.2415086166446987
1.161174267613343
1.01671624579315
1
1.3576451972747594
1.2496102214068407
1.0185830222908527
1
1.4303933530507582
1.258726429546092
1.012526007428755
1
1.3573601881726594
1.2304372311027358
1.0167109463939283
1
1.4342562806843957
1.2619228977760957
1.016036854808366
1
1.2841502700167384
1.155311036948472
1.0124441232934742
1
1.4171131537671473
1.2958772896504174
1.023902513296642
1
1.2489076293014103
1.2055666022315739
1.024759167312499
1
1.2028552631881078
1.1607605797514826
1.0154163088705428
1
1.1748102842415968
1.1342679857453872
1.0099212323993592
1
1.2395467719823166
1.1801961392013416
1.0058798313973638
1
1.3397904319143603
1.2256970176745214
1.013864559247517
1
1.2120170730986488
1.1521222861538578
1.0134223250222731
1
1.3824464798354603
1.3007421247052309
1.0315539207087017
1
1.423342459790846
1.3367274051008744
1.0233833755756472
1
1.3722210970166646
1.3086732889120476
1.0160661563481992
1
1.4266659805497182
1.3736297409467517
1.0264144203559566
1
1.95389626532434
1.7779005697949855
1.0268158264627338
1
1.6068558213694237
1.5381679554976204
1.0350333497084134
1
1.4006330783859562
1.3630874783715161
1.0511229469199581
1
1.3382032005076436
1.3216034302789443
1.1352921334405595
1
1.7600234576631073
1.6799040746455585
1.0619424449026214
1
1.7480499574729387
1.6640940600933047
1.0480479245092098
1
1.7071534417959227
1.6346017573405678
1.043147552926376
1
1.5964455544111986
1.5214966940005277
1.022548196420011
