1
1.0000005268900243
5.921570735852305
6.239606392544152
1
1.0000000537355875
5.995060250559329
6.274255276715882
1
.9999998487799356
6.013924084316244
6.293857175988384
1
.9999996974460839
5.882867570645449
6.1593824600212885
1
.999999962160298
5.878609402831461
6.170300301454431
1
1.0000000034735306
5.8921231798088405
6.176601494706733
1
.9999999516565101
5.96216272637544
6.227310780977541
1
.9999999974736353
6.044042682898417
6.289350163664391
1
1.0000000401584705
6.05253019656466
6.257229524117743
1
1
6.012250410864144
6.2189760900749596
1
1.0000000000018106
5.929813777165112
6.162506941864102
1
1.000000006813137
5.892205438939804
6.09945338060605
1
1.0000000314014854
5.7111727056028485
5.941314612065509
1
.9999997909699542
5.701878961421043
5.961521598739882
1
1.0000010181968373
5.572558578446936
5.830897197062827
1
.9999999853281085
5.534986931369706
5.80924874724765
1
.9999989987036937
5.765663260243013
6.022675632090743
1
1.00000211231937
5.787896338085874
6.018710078777246
1
1.0000002792215132
5.856523048802371
6.08557240706441
1
.9999994594025419
5.807060776120474
6.031711275125718
1
.9999999975760959
5.755621481897974
5.961549792665329
1
.9999999999988003
5.813833496310099
6.024586537188586
1
.9999999018464107
5.744474804520978
5.968159922103796
1
1.0000000449267679
5.795631155642898
6.021491687663157
1
1.0000005547514126
5.847216792861308
6.082815338399763
1
.9999993555585734
5.761214122938556
5.997392027714599
1
.9999999827482741
5.798427493749979
6.055310503983606
1
.999999810374497
5.844151301705799
6.111208477882884
1
1.0000002289799186
5.747912341875236
6.004817773091021
1
.9999993131696269
5.762255006793785
6.028402932779822
1
1.000000467162641
5.805406120691659
6.0891330358695575
1
1.0000004881986604
5.763576664667098
6.041621010775194
1
1.0000004912917684
5.74171228324749
6.025869744471483
1
.9999992607190268
5.771894655091685
6.047036640925242
1
.9999999616713487
5.723335034529667
6.00501458548925
1
1.0000002563810684
5.756122340794467
6.045259689859324
1
1.0000002117992657
5.853669677888181
6.133484479533202
1
.9999999999946158
5.793324901969129
6.089726816840848
1
1.0000000167545422
5.739710682750507
6.048089204402657
1
1.0000000576347843
5.5675361519178415
5.902012895538191
1
1.0000002305670108
5.339719299685245
5.7024014326848
1
.9999999944522897
5.423374874562986
5.799947380326631
1
.9999999318358266
5.340980480071459
5.703885148853223
1
1.000000053168098
5.4082519678579235
5.7694011413157975
1
.9999996285517193
5.404859768647333
5.770074451237557
1
1.0000005927065239
5.3820930992769975
5.755369193235061
1
.999998621294793
5.485598570599739
5.860309778200772
1
1.0000006905911984
5.498734978568283
5.89017843778929
1
1.0000018538444502
5.323608216459534
5.710327562842295
1
1.0000000667954903
5.295288000884525
5.664527245741422
1
.9999998941208232
5.294786336119235
5.65772104184495
1
.9999990524575794
5.2616926176982854
5.644808026945413
1
1.0000000055136413
5.282917730444796
5.674599319569944
1
.9999992255762237
5.201676418475792
5.584664070396202
1
.9999999890364285
5.167350227313914
5.546027416645054
1
1.0000000010129586
5.275933539038128
5.662111222020652
1
.9999998133580197
5.1904378993736415
5.568727322155013
1
1.0000002723749761
5.118975603341429
5.531149650200992
1
.9999981437754383
5.318666683152036
5.7308509475515645
1
.9999999766197623
5.508568966736836
5.913178640576366
1
.9999999999348824
5.589949355287989
5.998193250931175
1
.9999999709438923
5.584000104268588
5.970553385518007
1
.9999999894215803
5.701252091410679
6.089471734019203
1
.9999999343836684
5.812018554780375
6.188706995052811
1
1.0000000568069494
5.930227207223482
6.316041464566344
1
.9999999644205049
6.0432438276132965
6.433262200244074
1
1.0000000625338006
6.126114968107314
6.481840168798303
1
.99999999991458
6.2960254545521455
6.632743990401367
1
1.0000005532466636
6.194124248249766
6.560479703710629
1
1.0000000841335865
6.218563380370327
6.601303035326155
1
1.0000000569798213
6.117927625076823
6.496363915406819
1
.9999997619705535
5.909331793698684
6.308605242496138
1
.9999993349905184
5.899329017340252
6.321698817291276
1
1.0000001270518333
5.968102278184893
6.389284379186461
1
1.0000000619989988
6.057734437653322
6.471133867284572
1
1.0000003873359788
5.884428387080152
6.310016013926293
1
.99999999919238
6.180007572459612
6.56353227890825
1
.9999999986604018
6.2462176723077265
6.644694031551262
1
1.0000000272690013
6.106021573587835
6.491771298180952
1
1.000000010821503
5.906302908308291
6.295524196549762
1
1.000000015640615
5.6840301337821675
6.098600948389255
1
.9999999170518284
5.686089939975576
6.087730710724417
1
1.000000018307336
5.6004906266585675
6.0034584809712905
1
1.0000002057725044
5.647375020306582
6.0374208205259325
1
.9999999958562737
5.7223077212052385
6.123639654923494
1
1.0000000513833884
5.734688311153659
6.094999908016411
1
1.0000004358154861
5.643934432695115
6.016047223599175
1
.9999998139992076
5.794126991444977
6.154773649437657
1
.9999983021744914
5.772405904660474
6.13881277482009
1
.9999999817089148
5.869649284623049
6.225906592296233
1
.9999999838443077
5.880427889957988
6.246756153986102
1
1.000000003490791
5.918401995888664
6.262997574213234
1
.9999999994971663
6.027345958139612
6.361129665608346
1
1.0000001368058078
6.137287415124397
6.5058586113601695
1
.9999999884856353
6.111783342864792
6.47610266325128
1
.9999998656591346
6.1207576038576
6.482324505153693
1
1.0000002989727657
6.054795542473242
6.400204478575574
1
1.0000000030921286
6.047395160195978
6.405455404591857
1
.9999999984925044
6.007139839119866
6.372429292963061
1
1.000000256699695
6.0186771307865445
6.364409327955364
1
.9999993234263203
5.991953558815826
6.3469546416020854
1
1.0000010270764734
5.8621870214944
6.203408439814268
1
1.0000000217767535
5.836196023239968
6.19684056484144
1
1.000000009031759
5.830933964451496
6.179079857548828
1
.9999999988834186
6.008819983721489
6.319454090229519
1
.9999999534986631
5.960550867952775
6.286726043367233
1
.9999997115368445
6.095594545095432
6.4231245262705325
1
1.0000000003836143
6.123203266184476
6.420438062587309
1
1.0000002816037543
6.2460774580790765
6.549578124518714
1
.9999997450688716
6.134144945869186
6.446994383901874
1
1.0000001689106814
6.231373167668709
6.5531955417983525
1
1.0000000029796328
6.20716901540636
6.526629251878568
1
1.0000001619096053
6.279571093646556
6.612677604930744
1
1.0000005758272408
6.280544342200189
6.603097069335175
1
1.0000000064348373
6.277622949037797
6.617435546165635
1
1.0000000186654874
6.150023666541175
6.4874400985342815
1
1.0000002319189634
6.075589572240313
6.425941014609478
1
1.00000028724593
6.080763038035896
6.4367592813479355
1
1.0000006506164643
6.073896459053088
6.426868344974636
1
.9999999998795511
6.0736896118532355
6.42981014977816
1
1.000000394514458
6.030008581621774
6.349125912950961
1
1.0000032405042845
5.694466673936955
6.00659734294334
1
1.0000000418317132
5.508292553573195
5.831552313242778
1
.9999999175067408
5.641142243218636
5.965672693152549
1
1.000000983622137
5.618519109125038
5.973987359998595
1
.9999998444483329
5.604434494135503
5.919449870550278
1
.9999999642085889
5.79105967629244
6.0873568504200515
1
.9999999822713936
5.925914822775344
6.195642610593094
1
.999999520894526
5.915236605036239
6.173099211426452
1
.9999998611310824
5.8457434865590026
6.10316583191294
1
1.0000005763856197
5.776384762529012
6.024449838972399
1
.9999997667398146
5.805223132365117
6.026580872632016
1
.9999999401894933
5.824396933404877
6.031324043621294
1
1.0000002800275674
5.819606833863616
6.029137415730989
1
.9999996274882225
5.855002686221021
6.049774252051627
1
1.000000655425414
5.800535076478882
6.001342250930579
1
.9999999568623623
5.869605030486355
6.066764529058111
1
1.0000000020509752
5.970560631600438
6.168804795751767
1
.9999999729961176
5.977968379777491
6.167271589458648
1
.9999999994654007
5.933346725381611
6.1222827131761655
1
1.0000000447161532
5.844299839607396
6.033243112260813
1
.9999999902334729
5.8220131802125366
6.023139269949952
1
1.0000003737606227
5.967820464015433
6.160824399464899
1
1.0000001564919268
5.9394949770688275
6.129115803779339
1
.999999980377054
6.064748930652789
6.257357068760423
1
1.000000900871638
5.994759970695066
6.1849944183278405
1
.999999586779362
6.077055233946876
6.274132788618307
1
.9999996930160282
6.0834397395319515
6.301150564233728
1
1.0000001329130888
5.936031041055901
6.154206764171531
1
1.0000034144244394
5.685427224649012
5.8974907846969025
1
1.0000001279449593
5.794509506484059
6.0079559486015945
1
.9999998752952437
5.763264061860806
5.987347875544184
1
1.000000008170209
5.630199865800269
5.855096349570076
1
.9999996436678699
5.471960322979611
5.696223706069966
1
.9999999980115682
5.505270365547241
5.731008792318203
1
.9999999783134195
5.478468650637995
5.709232053092045
1
.9999999838979939
5.510343160465523
5.751460514206652
1
1.0000000074229132
5.54570867588976
5.773469592961648
1
.9999995586237299
5.671227595712756
5.887255568409375
1
1.0000007218343787
5.6074377871386085
5.825941736407272
1
.9999999981890874
5.821792941520454
6.0205531514751645
1
1.0000000094708776
5.8943287845474135
6.099706682267175
1
1.0000000001469174
5.918431511856799
6.147450835585445
1
1.000000000780572
5.919133467040711
6.125239327320202
1
.9999998216582502
6.0839868723344654
6.297470197540805
1
.9999999996166334
6.116696698058966
6.332490785177794
1
.9999999834729164
6.072635446758647
6.263992533655784
1
1.000000271375873
6.102378312601166
6.3004846816750515
1
.9999999899966208
6.158225742036108
6.363752812893827
1
1.0000000421753292
6.176701546700686
6.361947085195974
1
1.0000000018303319
6.148807217325685
6.351535269650147
1
.9999985127247075
6.0530964428691965
6.248011459707397
1
1.000000047813419
5.985407421863506
6.181744957352039
1
.9999997179785879
5.907707088002105
6.107438406903681
1
1.0000000110838374
5.900337998200243
6.119092126485862
1
.9999998333163993
5.850288061157712
6.079740621470381
1
.9999999456076418
5.9416159006372125
6.17494801021154
1
.9999997861714713
5.895585256714421
6.138147303282244
1
1.000001834579243
5.796584210813697
6.012470540035487
1
.999999968978192
5.803963899364972
6.025937417920485
1
.9999994994168688
5.781358782170394
5.983251403215102
1
.9999997837616271
5.824050540103383
6.035547473010553
1
1.000000191687195
5.66137998393787
5.880684808499378
1
.9999993223829626
5.713235101336624
5.948259774260688
1
.9999995856447217
5.663501245814827
5.904960905352101
1
1.0000000006947791
5.6272279181648095
5.863816425355663
1
1.0000000075889033
5.683919595005156
5.906617241231286
1
1.0000002399698822
5.640564134032078
5.86707033143677
1
1.000000035424181
5.644742420248798
5.889951005511993
1
1.0000003408517826
5.636024290845499
5.881948930541342
1
1.0000001476224658
5.477197434192384
5.735072620560222
1
1.0000000205032884
5.404628148630646
5.675056868525807
1
1.0000004125838886
5.556284964008422
5.828170928708599
1
.9999998965125786
5.448736339348922
5.719675825439904
1
1.0000008583224782
5.23992073492376
5.544283998653168
1
1.0000008188483989
5.271984820574696
5.561831904170394
1
1.000000117446326
5.279607410043237
5.553228613376836
1
.9999999078874813
5.272386470627559
5.569001219065386
1
.9999999478444953
5.2414572088955484
5.516916088084327
1
.9999992853218074
5.328996055695956
5.635340822725203
1
1.0000000547734504
5.204787438727124
5.4856949270627755
1
1.0000006242800628
5.130127897596808
5.4181287626466235
1
.9999987952347595
5.119397438410678
5.4005342114953425
1
1.0000001453234428
5.213817142680089
5.528441480411217
1
1.0000000256841213
5.118825584124425
5.466691001947423
1
.999999987343153
5.150682859989679
5.517368003035835
1
.9999998177322322
5.163615709183757
5.504143077240563
1
1.0000000102274205
5.0761987358602205
5.43372061343393
1
1.0000010933384786
4.950894073153164
5.2956702899169015
1
.9999998248177554
5.179563145154357
5.493271724151948
1
1.0000001724578547
5.152129797979966
5.464960238270824
1
.9999999797128479
5.15299655815817
5.469869595775255
1
.9999997421618135
5.0508797522413325
5.359056343400075
1
1.0000002826281282
5.058257471714883
5.381006430273178
1
.999999880484648
5.116816198197407
5.448721152903216
1
1.0000000043927255
5.353671123105655
5.623222888287476
1
1.0000000096647743
5.3418823281553305
5.606015617895186
1
.9999981251338088
5.359075213504338
5.619374426275282
1
.9999995511765312
5.4145190039887625
5.681034898243156
1
1.0000000114093432
5.218124370329437
5.506286753067597
1
1.0000011074118047
5.168529892936209
5.447881767008181
1
1.0000000362580024
5.048580683090759
5.326128407916862
1
.9999996113977184
5.087556747130968
5.3945514026549795
1
1.0000000621342449
5.186712854262166
5.499844728260052
1
.9999999082571628
5.331105577083751
5.624595167983905
1
1.0000000083764016
5.390210835388537
5.673491294146773
1
1.0000000982596695
5.323873623772757
5.59991699073391
1
.9999994524804826
5.4311453732992705
5.707619592542582
1
1.0000002161005668
5.3927740463776725
5.664238158999954
1
.9999999490463917
5.530572668369334
5.808156709446552
1
1.0000017900134741
5.453243816468843
5.715951263428551
1
.9999999681201592
5.5229693156507595
5.755422071395469
1
1.000001465922035
5.38235110575311
5.661007332403802
1
.9999997393419257
5.337836877796848
5.596811855972576
1
.9999986281816823
5.35559183875211
5.616943023564948
1
1.0000019866912124
5.333998261648803
5.600673305475467
1
1.0000004595397645
5.237292215271622
5.485387029929142
1
1.0000007353790459
5.323710726234261
5.580692753090882
1
.9999995310852858
5.438142440606522
5.70515579160785
1
.9999997105137931
5.486869668561869
5.739396677278939
1
.9999999802800472
5.584913669127106
5.817005389274599
1
1.000000404127149
5.46418673401249
5.697634206492297
1
.9999994537903971
5.670795928427049
5.912174874712004
1
1.0000007366825063
5.6810697946324735
5.904662035799424
1
.9999999908317252
5.7624596980180955
5.980570996942814
1
.9999997490851431
5.78085544173091
6.003840765784544
1
1.0000001118425166
5.611426349483062
5.843263018409201
1
1.000000054181797
5.612075308402872
5.861135788075174
1
.9999999932612096
5.597605661454795
5.811922051746545
1
.9999999838559117
5.7190005941728135
5.919043795451514
1
1.0000001131965817
5.530979926573232
5.7360251749757145
1
1.0000000023583357
5.491529570414764
5.696587589267872
1
.9999989000422345
5.5197779224943275
5.723813536529987
1
1.000000091449906
5.557952576064365
5.769144535813125
1
.9999994488241881
5.58705475856026
5.803788186294155
1
1.000000000783429
5.627618861657003
5.836171545231907
1
1.0000002253928717
5.574833972467135
5.804437488702963
1
1.0000009538838612
5.461986840516155
5.710240130172006
1
1.0000005118890531
5.462106844730713
5.735082894970718
1
.9999986858649186
5.377820900207755
5.613655041255077
1
.9999999591939855
5.543826501810393
5.768268428337513
1
1.0000016788733717
5.38281911140149
5.619418090634785
1
1.0000017349476409
5.3260957940921
5.5394404940950075
1
1.0000003084604645
5.383513249035648
5.5983904231195085
1
1.0000000005450866
5.229399829066157
5.457863386886008
1
1.0000000018694226
5.082849977615781
5.32643215452205
1
.999999948486248
5.061764154488973
5.306588829556027
1
.9999989166391535
5.19840341891636
5.446066976236266
1
.9999987317307778
5.200766928365212
5.433041778913596
1
1.000000500158831
5.237675008247285
5.458772530042878
1
1.0000003390723462
5.299240977975099
5.5147973633601834
1
.9999998388355685
5.364160960145346
5.577223718531663
1
.9999999997996916
5.327009825475642
5.5566154155035905
1
.9999997391631846
5.302742845564731
5.539741936944859
1
1.0000003652571379
5.319017998308837
5.5573533902813725
1
.999999921976617
5.148864142851372
5.411045582276263
1
1.000001260867511
5.182985303225671
5.422408915021776
1
.9999992936271792
5.253013854254344
5.51264808997033
1
1.0000004446184076
5.1091058348455265
5.368007120991038
1
1.000000961832958
4.971409180410177
5.240022943890287
1
1.0000003399815973
4.991530487225772
5.2744060589774096
1
.9999999999968262
5.087560783840618
5.378699944908743
1
1.0000003004613836
5.08671231770084
5.379597650535103
1
1.0000000079731788
5.0914141648721225
5.36609031427402
1
1.0000007996940594
4.968290716300225
5.240551757411218
1
1.000000084034665
5.030715730798123
5.316886037293948
1
1.0000000528043784
5.012510719676127
5.285599684903362
1
.9999985429930344
5.075507767547811
5.356950125628007
1
1.0000000531788527
5.049691050503873
5.335516611452937
1
.9999999770403349
5.043514792811827
5.322229897512306
1
.9999996509813874
5.080294467573078
5.379714746442382
1
1.0000001848474616
5.043620350024698
5.3280277897347545
1
.9999993858259545
5.465456374202503
5.747566388451703
1
1.0000000249921164
5.192737354210007
5.478572659944087
1
.9999999999992089
5.230061235212032
5.5170458848565245
1
1.000000354695353
5.211516115437166
5.4621818232697175
1
.9999999067873016
5.314844547673102
5.56772270813298
1
.999999733704211
5.530286942895785
5.778026021919196
1
.9999999973828153
5.513168359704007
5.759895888693622
1
.9999990749703969
5.505669899535456
5.769762862673846
1
1.0000004437824348
5.34093348545183
5.59843207868489
1
.9999999018518867
5.347713780605458
5.611575024504073
1
.9999999968560884
5.370220359927169
5.661488688893406
1
.9999999838361427
5.419178877264891
5.694404987223876
1
1.000000497319063
5.374901778633291
5.6245928901733775
1
.9999999868271293
5.51562875380066
5.755980003431788
1
1.000000004101907
5.661297810182366
5.8998664501737546
1
1.0000005665426828
5.627220907669476
5.860924653277045
1
1.0000000699048777
5.771394958834296
5.997738296997589
1
1.0000002432958475
5.84173935357646
6.082219495175559
1
.9999997729822834
5.861912043463919
6.0917765153145815
1
.9999999912529501
5.739425327730905
5.978527929166848
1
.999999851035937
5.8104290916599295
6.0442986364071585
1
1.0000000000020544
5.718496691251168
5.954767466725756
1
1.000000036265257
5.784120600802038
6.008909507674698
1
1.0000005404691101
5.779084932560767
5.995661924974578
1
.9999995304973618
5.760909593872384
5.974639590908567
1
.9999999978930925
5.778437384317715
5.987994857247841
1
1.0000006470819007
5.81296962077515
6.017274418043328
1
1.0000002736519127
5.846962904604129
6.061473296509416
1
.9999987175977503
5.875794807452831
6.088255179699375
1
1.0000011351246045
5.67423539423601
5.890617793884078
1
.9999996705784638
5.653208880987638
5.856738501941701
1
.999999680436883
5.787912612522427
5.999872688718346
1
1.000000001593151
5.824975792543502
6.036115012193374
1
.9999999992163479
5.760663076307753
5.965195416613877
1
.9999999999999958
5.886006929227931
6.085474327914529
1
.9999999866235258
5.983585005570942
6.167651214791156
1
.9999995142316855
5.955779777609722
6.161088695860996
1
.9999999999007432
5.76100662698099
5.995592642327983
1
.9999999734775994
5.914960694549075
6.135752997527653
1
1.0000004223025403
5.835500271589201
6.058837125154177
1
1.0000000104939062
5.834795477708786
6.035120479473883
1
1.000000456715293
5.6640657608185485
5.896208013527118
1
.9999998409965811
5.711933622680464
5.924135919239751
1
1.00000000727836
5.704559812099649
5.91939222147311
1
.9999968510739093
5.728354449171198
5.947380959853608
1
.9999992882624917
5.84422804614945
6.053370362215062
1
.9999994129104056
6.040091437020585
6.243508213796245
1
.9999999991118601
5.819954892608885
6.038364618137989
1
.999999843842731
5.90102237258215
6.1193519451736105
1
1.0000005649142925
5.778591478699685
6.0150696983572605
1
.999999083948669
5.719634980981169
5.932250565253023
1
1.0000000883674691
5.694249555320329
5.916415855779243
1
1.0000000915004488
5.847304586796638
6.080819813512694
1
.9999997764878465
5.958453354990771
6.204791950853608
1
.9999991032582206
5.8897780522181415
6.122951650640602
1
1.0000005942911192
6.012417258121543
6.24248228608759
1
1.0000000303129484
5.929532004582555
6.142772966516084
1
1.0000000077874678
5.90733648672973
6.123909506931098
1
.9999999597803007
5.771108140782488
6.0141089594383415
1
.9999997836532624
5.852236775212526
6.091942844961588
1
.9999999993551806
5.938673841563853
6.1916277916321025
1
.9999998395204023
5.9609896545104535
6.209463650111387
1
1.0000000447037083
5.933246788386941
6.167598448508993
1
1.000000169304674
6.06537171640533
6.318788222438164
1
.9999998058946136
5.965433896980253
6.217868032159668
1
1.0000001309524729
6.009310601986646
6.2663689129921805
1
1.0000002888230501
6.087366324587814
6.32287745765779
1
1.0000003277275338
6.123541160259638
6.365431494139867
1
1.0000000562570954
5.866653747109784
6.13759364142297
1
1.0000000288171704
5.652507761457286
5.904139571848379
1
.9999999110011079
5.741336559162486
5.995053487183816
1
.9999999669256416
5.7696512899843375
6.0265944872175945
1
.9999997008373055
5.862579469687455
6.097641000930123
1
.9999993027334583
6.020192105339623
6.248841413203852
1
.9999998742363368
6.057701581934853
6.289761509020201
1
.9999999805944773
6.025386523045874
6.270563434604673
1
.9999981260165276
6.064103523556552
6.327628698482798
1
1.0000000256481705
5.86914447901826
6.113860160922658
1
1.0000000697856795
5.83839799506368
6.086138816998708
1
.9999997850407861
5.866215198496894
6.09685531126965
1
.9999989211303759
5.699777614279309
5.952740940164067
1
.9999999782131502
5.654106859140882
5.911781295465794
1
1.0000000031854615
5.651173769108675
5.89615587487415
1
1.0000028701383097
5.5859870003125165
5.815618505340336
1
.9999993813452303
5.736781127319984
5.967030176819475
1
.9999999281975521
5.60291542345899
5.8330346868704765
1
.9999999179964664
5.672070055962332
5.915231334064101
1
.9999999398754637
5.676809994341435
5.929186593050847
1
1.0000002483879182
5.543162339971126
5.795960658662599
1
1.0000003092477348
5.493867811473192
5.718882029959454
1
.9999999279479854
5.580846084038167
5.801342694690554
1
1.000000410793693
5.53552170487886
5.742168739389708
1
.9999986764023612
5.760188873053584
5.9775849264617404
1
.9999999301538999
5.800626358564294
6.005911130046819
1
.9999999869106054
5.7960831139799085
6.004645991262203
1
.9999999999646785
5.662009140146919
5.8719968980013855
1
1.0000005645017185
5.701774529590563
5.903924137119792
1
.9999995101151802
5.682467509481639
5.884283131081512
1
.9999995790122951
5.673289489955352
5.884015600318927
1
.9999999870175753
5.628512978984622
5.847622076814248
1
.99999972811581
5.710782650043285
5.921585777415452
1
.9999995949596602
5.8424390982795895
6.06065158540925
1
.9999999999303477
5.925070238147991
6.139350050092599
1
1.0000002498674065
5.856865112258719
6.074239228035488
1
1.0000000007379104
5.709991193046566
5.950838436951586
1
.9999999289994633
5.744913443569963
5.976700812397269
1
1.0000009443285367
5.679397447344986
5.897726498541847
1
1.0000001838314228
5.752559756197503
5.973728249666695
1
1.000000692002535
5.600258598984497
5.8308569996140065
1
1.0000006925260991
5.422864829330996
5.670654322067507
1
1.0000000216321456
5.564154401950896
5.797321932910617
1
.9999986347292573
5.624249233503774
5.882973500394498
1
.9999999852895863
5.624973170917732
5.8736879769819605
1
.9999999821120248
5.65700591775017
5.90506642279221
1
.9999974871965072
5.559928351494714
5.835603037868794
1
.9999999956943322
5.473400466218202
5.74092498912011
1
.9999999514621399
5.653421827832775
5.9390788713003015
1
1.0000014563215678
5.48910092066394
5.765697469204571
1
.9999992285132426
5.538004878981262
5.799598501065911
1
.9999999423005731
5.533577645374767
5.8328163249040355
1
1.0000005879714968
5.4347346155074465
5.7389351553828
1
.9999998024294082
5.617226518214047
5.900581292014196
1
1.0000000125819448
5.398678314761643
5.667781889823672
1
.9999999718884466
5.415925678323897
5.650925346499125
1
1.0000005801220397
5.351310140242933
5.5943874321142975
1
.9999999208215538
5.2717188971906195
5.526856911993747
1
.9999999483844909
5.240119228933323
5.490677464280512
1
.9999990348566373
5.371632962171439
5.621727601440471
1
1.0000004585749183
5.305050414548142
5.575469155020971
1
1.0000000639080782
5.421129267330373
5.6866544482824155
1
1.0000001221049488
5.2690701086903395
5.5143724876656925
1
.9999998232278958
5.29347966742964
5.537253501754568
1
.9999999991771881
5.438442516990545
5.677094177475935
1
.9999999999124185
5.637783287575536
5.858918839175095
1
.9999999992264703
5.5769484755043655
5.801323022134851
1
1.0000000851660134
5.661082963353898
5.88326637706607
1
.9999985272653789
5.624573330110865
5.832697675628996
1
1.0000002784155342
5.620535520217888
5.82807221514341
1
.9999999879001984
5.5786272613251
5.782220504225167
1
.9999993366795431
5.591022541536223
5.791247712861557
1
1.0000000777110492
5.539531671733941
5.759178258028463
1
.9999995053813169
5.489417151218902
5.706700642273281
1
1.0000000023480304
5.645191090459052
5.852260244001596
1
1.0000015549135826
5.547609888045065
5.754345764757642
1
1.0000000691257036
5.528008332550253
5.755481734187168
1
.9999993271244791
5.542115151012992
5.759397083190515
1
1.0000000067801083
5.531279568763472
5.748365263636058
1
1.0000002010152456
5.618365910685814
5.824964283834762
1
.9999994106952115
5.705026006499362
5.918753316950419
1
1.000000152328755
5.7757310085279245
5.992299467547397
1
1.000000538408324
5.6909412632204175
5.901400169821086
1
1.000000004800371
5.591771928214941
5.798382611490261
1
1.00000003443639
5.62917603305586
5.830556603429229
1
1.0000006507213939
5.5370704862647635
5.744191332001085
1
.9999998712532016
5.6023692573860755
5.832085018255849
1
.9999999750889518
5.63569067331187
5.870812093218955
1
.999999988201527
5.755958556822685
5.978174263844309
1
1.00000002603203
5.794955545295864
6.01485346118925
1
.9999997785598371
5.856088105703509
6.075519321897631
1
.9999999039447518
5.853184569634761
6.089011467589135
1
.9999992140141404
5.98360930153919
6.235497666534898
1
.9999999771232407
6.160958258605625
6.406074209146179
1
1.0000018172050422
6.033719891897954
6.314865139851755
1
1.0000000199568233
6.047820610585918
6.3302893450883335
1
.9999999509429789
6.084949289332572
6.362667559757502
1
1.0000000004115657
6.0856473740546235
6.359729415526968
1
1.0000000318286764
6.007996894375313
6.281822017341272
1
.9999999952840596
6.184790674870658
6.449523935372649
1
1.000000773504416
6.097645136478762
6.35090615409112
1
.9999999564485159
6.216476341431865
6.45572120042498
1
.9999999624272669
6.231622936862183
6.48269719458166
1
.9999999958490501
6.120795768857834
6.388421206795391
1
.9999999861510722
6.046905292038984
6.333196850797039
1
.9999999649818186
6.145713324704999
6.439497842810914
1
1.0000000223695595
6.090205850627592
6.3650408020618165
1
.9999999965231998
6.123787078952366
6.39080241393497
1
1.0000000035090075
6.071783283850662
6.372521210263397
1
.9999998057726475
6.199377394690465
6.481687249766362
1
.9999999982876654
6.116598192505264
6.412200183358475
1
.9999999731802663
6.08935430334872
6.376100214820127
1
.9999999410334386
6.249919360874872
6.531797137022941
1
1.0000000021139306
6.1703341360186705
6.471781183344721
1
1.000000189107085
6.372578065504651
6.656576484364895
1
1.0000000917606373
6.400657290637681
6.666295971510018
1
1.0000000434183203
6.463011814049091
6.714646572475171
1
.9999999968068884
6.48639145354053
6.734806625570241
1
.99999999992152
6.657398147723789
6.885449514633847
1
1.0000000221955614
6.619602189503786
6.852446726710387
1
.9999999985987017
6.54595284084768
6.80306030150716
1
1.0000000857500397
6.4598318135328014
6.735100923327488
1
1.0000000791634158
6.52657219504946
6.8259477620401245
1
.9999998368337926
6.6904228462121065
6.995228111164628
1
1.0000002964611203
6.706123111218894
6.999658247842992
1
.9999999059061875
6.628489449482236
6.921216741457716
1
1.0000000188514804
6.310323532645454
6.656523757405972
1
1.0000000026520262
6.239532360796235
6.591545947570415
1
.9999999878625556
6.242058212174792
6.619479016371168
1
.9999999999927979
6.353281275486674
6.726318919901711
1
.9999999992855525
6.329827586753187
6.722881567297888
1
.9999999994858233
6.257337509489444
6.63534707459767
1
.9999999988460528
6.250358887141287
6.6275111803403535
1
.9999999999997408
6.408960647038658
6.773876848063235
1
1.000000021508757
6.539772908434256
6.869799513273258
1
1.0000000068579955
6.515360149476439
6.847661122361268
1
1.0000000003554916
6.4847557157812945
6.788141779685816
1
1.0000000761565062
6.30462242625818
6.584073779757107
1
1.000000002609784
6.352710851085728
6.617237144123239
1
.9999999999911464
6.468472759976922
6.729663838069093
1
.9999998985996431
6.419463621468184
6.6884096912948845
1
.9999999998962552
6.355237283052825
6.633533131084649
1
1.0000001917707395
6.373316060260767
6.665338037113327
1
.9999999629288502
6.374081172991476
6.673423570460029
1
1.0000000066067247
6.338899698714349
6.6090398931714365
1
.999999999837294
6.326805317167325
6.608534378574729
1
1.0000000306096344
6.2803082328010795
6.549628234453749
1
1.000000024690033
6.3314428426204
6.599624516756825
1
.9999999825128357
6.283588844303993
6.536618042392167
1
.9999999998296211
6.141711400186385
6.413640687485005
1
.9999995542312191
6.204522850484765
6.469794435443158
1
1.0000000800617885
6.279820043193239
6.535874465351094
1
1.0000005861492225
6.06705889155722
6.2996107127064205
1
1.0000000573762844
6.011288064004249
6.22909447407759
1
1.0000003424135122
5.89432066570882
6.12910795302744
1
1.0000004070705575
5.865642709834554
6.124923391916236
1
.9999999231120781
5.95326157039923
6.181033641009687
1
1.0000000310509827
5.9060777672236275
6.141991174080891
1
1.0000002518448667
5.90163387370896
6.134991546718908
1
.9999999712166793
6.005942584448793
6.255552392674733
1
1.0000001912323777
6.0435408640208825
6.308058667747358
1
1.000000369429673
6.005145000723399
6.25874526938533
1
.9999999525631946
6.103495130071714
6.33356673493073
1
.9999998321407624
6.106973831426672
6.347781402034692
1
1.0000000584166477
5.854257575849863
6.088235672281652
1
1.0000002951543805
5.9486581100385285
6.154937901708446
1
1.0000016589325729
5.808991199324271
6.01029989796735
1
1.0000003739958303
5.828960369096885
6.038275162408822
1
.9999992282671807
5.821891376518994
6.031854762028011
1
1.000000447911556
5.912302501688002
6.117732236930145
1
1.0000000087262633
5.868626696775011
6.076098302675328
1
.999999829234143
5.6563206391620735
5.881915850212423
1
1.0000005719257912
5.659383919223981
5.883833560874556
1
1.0000000759729077
5.748292700100296
5.95358420380484
1
1.0000000185510198
5.55981733900658
5.781393297194609
1
1.0000000686566899
5.442750205323984
5.687845255886771
1
.9999995708240372
5.421487629448307
5.674442556103245
1
.999999987375655
5.424339651273599
5.689159281455918
1
1.0000000292338083
5.48194574909871
5.730721222092417
1
.9999998232444448
5.487576831094159
5.755922548646436
1
1.0000004522705943
5.444706264128629
5.7270243636870415
1
1.0000000001043643
5.4022553665755115
5.693074708799577
1
.9999999998355313
5.62508682703033
5.876230618602264
1
1.000000487267641
5.585596532124829
5.817211569954147
1
.9999999319998181
5.631691257129288
5.865400180706368
1
.9999999947238187
5.696970471043222
5.939575696565909
1
1.0000000394023496
5.602297451140969
5.850635000717014
1
1.0000007057225062
5.56861585462103
5.811855630536947
1
.9999999348406361
5.579094216416328
5.807061552897148
1
1.0000000091817176
5.584488641470606
5.791989839581955
1
1.000002264854399
5.532882438906195
5.73624915012909
1
.9999999106639574
5.549370024663173
5.760946435952033
1
.9999999339975985
5.501090072714498
5.740227772183194
1
.9999999999481115
5.700658901421976
5.924258901550835
1
.9999999999996388
5.775434822195238
6.010087587746543
1
1.0000001058727552
5.736844126978519
5.969938296901829
1
.9999999771648932
5.750898802421561
5.980686598447701
1
.999999821342309
5.650359738415622
5.8868787777456015
1
1.000000090548003
5.6239182153425515
5.850929525080739
1
.9999996505901821
5.702555693267826
5.912473618882111
1
1.0000000082770026
5.703518558651645
5.934340932673389
1
.9999999341230928
5.747272760339969
5.988098324868856
1
1.0000001126450961
5.7433011203704005
5.956240373011922
1
1.0000000921396508
5.677958517773303
5.9085930467397185
1
1.0000001811404218
5.581883053367111
5.834055393920731
1
.9999999528123632
5.508938352230323
5.760124735341758
1
.9999989136144359
5.63946983741668
5.894029427812416
1
1.0000001735653403
5.822326469981333
6.0877971857739555
1
.9999997130031353
5.676452936601488
5.963923495539883
1
1.000000232539618
5.675156223860583
5.999013314380112
1
.9999998778754868
5.704131820269172
6.0211236045038605
1
1.0000001304466286
5.6853567032316725
6.011204053333837
1
.9999999950501545
5.504142656309881
5.831644853555503
1
1.000000044508077
5.444968279765754
5.765881689093634
1
1.0000007225274357
5.502757015031034
5.819943761912057
1
1.0000000078102713
5.530009479279749
5.830847454141519
1
.9999975263919637
5.552034104638171
5.846237376804808
1
1.0000000003132963
5.664758298314256
5.969904175464432
1
1.000000000000001
5.636997853503276
5.941070476637917
1
1.0000000175268258
5.626187809864607
5.948376096651147
1
1.000000101439993
5.597945729052116
5.885335930873848
1
1.000000070750201
5.61195843801369
5.9128944991958585
1
1.0000016713705107
5.452478927198236
5.775217996508163
1
.9999998133161784
5.31681733734124
5.654373161214761
1
.9999990351152648
5.253983151496257
5.594095340627216
1
.9999995688294124
5.300824744585935
5.650161003932154
1
.9999995767797032
5.569007900112558
5.912359446244262
1
.9999999530064291
5.550256283949933
5.887256231658124
1
1.0000000088038326
5.650941080497566
6.009698643451257
1
.9999999996002885
5.813874977935014
6.188079684208473
1
1.0000006883606556
5.747598678434375
6.111666304355872
1
1.0000000500895805
5.634428419897961
5.985249354385336
1
.999999221628673
5.756919061344195
6.1272720436766805
1
1.0000000150216688
5.889505602723749
6.274709549260602
1
.9999998042238926
6.008015711861877
6.376426406444003
1
.9999999692303748
6.171551978117391
6.562533678530861
1
.9999999837243367
6.205467159457127
6.607272010178445
1
1.0000000219006946
6.093177532471783
6.4920484707439785
1
.999999999992807
6.149868426025107
6.538779671725974
1
1.0000000321554603
6.0621960397895425
6.4369670783576
1
.9999999881338337
6.0656151602609825
6.456846018928986
1
.9999999986500717
6.236648884627126
6.600033601835517
1
1.0000000010656205
6.098793077710153
6.496964822381799
1
.9999999139016311
6.172878290192175
6.576122087604246
1
.9999999743148227
6.10150088875137
6.494498706794812
1
1.0000000145574197
6.287186318323571
6.667947426854301
1
1.0000000001393072
6.228719368541175
6.6167209461421255
1
1.0000016123576436
5.869693581728198
6.247584258960461
1
1.0000001340110114
5.874302124602045
6.258925213534983
1
1.00000000313065
6.0756302975123155
6.4474202581617055
1
1.000000109496529
6.0592368328523944
6.423868987957954
1
1.000000120885861
6.021675896832215
6.365079229813836
1
.9999989861347003
5.998071388314204
6.3432617319816424
1
.9999998797311124
5.923814250566536
6.283293129226588
1
1.0000000025365834
5.947317044897654
6.316936650067655
1
.9999996160405493
5.972296746610403
6.3543655560388705
1
1.0000000077068236
5.980394608504322
6.343883467587174
1
1.0000000171284538
6.019429355643015
6.373210016211821
1
1.0000000480235232
6.033282907148277
6.362775395470698
1
1.0000001162680203
5.877818648491364
6.247077967386298
1
.9999999973647126
5.833751880160681
6.19710687389076
1
1.000000433517536
5.9989655039512755
6.34472502625815
1
1.0000071133056145
5.7988918057289265
6.143109847498561
1
1.0000000393031374
5.737979643144505
6.078232831035721
1
1.0000003457520745
5.68137460813548
6.015475001442325
1
1.0000008578069843
5.7173483978260835
6.015317096514139
1
.9999998226644348
5.8795707696347455
6.169140817762898
1
1.0000006651287363
5.804566413052801
6.124578730796973
1
.9999999910141163
5.769683928879604
6.100207990990959
1
1.0000001041129059
5.698320820899499
6.040906878252234
1
.9999992647732114
5.7244960513255725
6.057570281538885
1
1.00000011168396
5.673609903962879
6.000669450416153
1
1.0000009999544892
5.712369938006023
6.0201400397443114
1
1.000000881248374
5.662616092543578
5.982354780233818
1
1.0000000710457815
5.687007185682202
6.002077334914624
1
1.000000053968807
5.71473569920857
6.026241384651082
1
1.0000000591048404
5.7997809596395165
6.11246277343542
1
.9999989150293918
5.75711027189199
6.093234648655089
1
1.0000000061531045
5.730370636035235
6.09563770374089
1
1.0000000535807654
5.742473804958763
6.113430807992555
1
.9999998685908574
5.688682147055064
6.06414432718371
1
1.0000003214463797
5.704040732970084
6.0483945748427494
1
1.0000001644508278
5.593166904822251
5.942289068310518
1
.9999999720769585
5.548734932351004
5.902302820271402
1
.9999984560839501
5.6428922661884995
5.988302441265272
1
1.0000003234691175
5.601552544320033
5.942493917032994
1
1.0000004552705326
5.582815991192314
5.93054506151092
1
.9999995960910845
5.61692614652722
5.970528953419612
1
1.0000001190122247
5.623099439276838
5.976572541402037
1
.9999993409941945
5.656967117890786
6.002068444197813
1
1.0000002895342388
5.598542709145038
5.9440704460548135
1
.9999993865735104
5.7067627264217204
6.049037081296281
1
1.000000047246493
5.623286837098415
5.973494499512478
1
.99999952874877
5.677535133002065
6.02792944525261
1
1.0000000436952394
5.561902252649491
5.909486937238985
1
1.0000001308846769
5.418782162100462
5.775069360679736
1
.9999989703140213
5.336501820417346
5.704462633528939
1
1.0000009910572818
5.507855239059433
5.882138791899227
1
.9999962368571049
5.483220721210852
5.850484471853712
1
1.0000011433179967
5.363012092616546
5.719442123209246
1
.9999993960361897
5.4277261454604
5.799171983570077
1
1.0000000763308434
5.467938545958807
5.771310289437864
1
1.000000820068064
5.469320069445352
5.778991662042725
1
.9999999341564034
5.454934462824001
5.771155709328732
1
1.0000001812091641
5.5271837444163765
5.818194550893996
1
1.0000009031673847
5.5170692765504885
5.801507691646801
1
1.0000000023970415
5.642869540868208
5.909041564838989
1
.9999993099577966
5.67308588513173
5.965147550437631
1
.9999998656444177
5.870818659912745
6.1454669281963525
1
1.0000000790915826
5.830214871377172
6.130283347095075
1
.999999991054709
5.791935880021615
6.107464355328269
1
.9999999626426083
5.438398547977454
5.7665560768997235
1
.9999991836718356
5.58897849529363
5.877991744831918
1
1.0000001459109626
5.605264694947693
5.905395748856024
1
.9999999883191316
5.650262289567261
5.967979247666085
1
1.0000000817435322
5.563771876014285
5.8787670660566995
1
1.0000007495061312
5.534560533404362
5.826872272300575
1
1.0000006778700625
5.353268701942969
5.6768440466379655
1
.9999999834491665
5.455496059284737
5.811921255276061
1
.9999999917055622
5.417964863079645
5.726225273506729
1
1.0000017043724008
5.2577480732103155
5.5546445500455786
1
.9999994228053517
5.26913039964002
5.5532201840251565
1
.9999999770204023
5.404920498683219
5.708128407947983
1
1.0000000200587744
5.333623346443228
5.639598181662036
1
.9999999331356502
5.342133768603849
5.646149926010152
1
.9999992694515989
5.331089722712293
5.645648249865586
1
1.0000002276128102
5.322971409707184
5.623037782904194
1
1.0000001718097997
5.254985024480758
5.60079474945236
1
.9999997286464269
5.355092041192901
5.660997641200159
1
1.0000021042879637
5.503833417632159
5.789438143985715
1
.9999999986415261
5.7252574011654875
6.036568813811024
1
.9999998602220329
5.746234479708013
6.0825678955019775
1
.9999995362141465
5.967136323057007
6.309473927600207
1
1.0000000495291326
5.835056335150729
6.200959647508576
1
.999999993252416
5.715567671045921
6.100794566382382
1
1.0000000073785167
5.652795890983295
6.042852011115119
1
1.0000000628516161
5.801400445902343
6.2075251499122235
1
.9999998176155809
5.9460040675391586
6.333872962202784
1
1.0000000000000453
5.675805704989513
6.09825168033254
1
1.0000000010497316
5.608733776598116
6.026512059868486
1
.9999999989297985
5.695040660442675
6.096956579227037
1
1.0000000198700423
5.598350814970857
5.999712464011279
1
.9999999997879224
5.624736144329463
6.0399808463176905
1
1.0000000370672224
5.484259177396035
5.858288849772057
1
1.000000000009066
5.435885484716558
5.8093366124207275
1
.9999999999303969
5.19544726949249
5.547708901961111
1
1.0000000000134592
5.1805812676974705
5.515739400951219
1
.9999995662624283
5.285956071876198
5.616097049459964
1
.9999999609309057
5.53233010892817
5.856763944167228
1
1.0000000000195794
5.567241842400627
5.893890886133244
1
1.0000001142234785
5.676418960622789
6.003803193743634
1
.9999999575574088
5.788573494090143
6.089139162736948
1
.9999999874515582
5.634875563686446
5.933808957817518
1
1.0000000126814101
5.714595705717045
6.034620632804231
1
.999999998876078
5.816047223959493
6.14033341589666
1
1.0000000040834311
5.861240665448847
6.203322528684303
1
.9999999751478716
5.793572047714183
6.151164256607521
1
1.0000012892695247
5.610885115482119
6.001654409721623
1
.9999999140297507
5.646676031033667
6.014652635340748
1
1.000000523202555
5.537452677713585
5.936829369906328
1
1.0000000017622352
5.53804041001135
5.933095338012164
1
.999999999257344
5.619645901519046
6.013192279498474
1
1
5.791640207914015
6.197385045673448
1
1.0000000549529455
5.915236281720153
6.343120166153076
1
.9999999993263488
5.979096885883798
6.386010105448155
1
1.0000000369764963
5.934038284380053
6.314312119446645
1
.9999999622312346
6.0271023706228215
6.39984846948445
1
1.0000000006994536
5.979342071975102
6.34761532277273
1
.9999999250472208
6.1160037773781735
6.452926533168668
1
1.0000000004888026
6.063917635484571
6.392073201649537
1
.9999999998786216
6.028830582042004
6.351979751317271
1
.9999999846410433
6.237715031780808
6.539453078917552
1
.999999999894604
6.2829742775873925
6.559556001160487
1
1.0000000048903974
6.298920291135428
6.577066217617798
1
1.000000010511602
6.371011280152508
6.671622818673413
1
1.0000000114869931
6.369875835942685
6.669891843195773
1
.9999999521655626
6.368997913968144
6.708340165374372
1
.9999999998409321
6.4520282272174
6.818552483545822
1
1.0000000796498834
6.236499279297963
6.640983613076062
1
1.0000000003086817
6.312264456402591
6.685723065043879
1
1.0000000005712197
6.162932077594603
6.5732978463479235
1
.9999999984445879
6.2740029536577
6.652977397342788
1
1.0000000040490533
6.05506740239726
6.42608564067797
1
.9999999999999992
6.108919361973044
6.492002440643542
1
.9999999999874164
5.987615971212268
6.320714792014748
1
.9999999206973781
6.141890312403161
6.532647745258825
1
1.000000058103194
6.287723898679172
6.660992871809058
1
1.0000000215487164
6.044380133670776
6.452392989185496
1
.999999999933023
6.233449333116478
6.639501454335515
1
1.0000000613210271
5.991592984846176
6.395492540219316
1
.9999999742846156
6.17994191526995
6.602201198364681
1
.99999997950557
6.022027686672283
6.435895407243074
1
1.0000000028713045
5.996396128697226
6.413192806683087
1
.9999999998284604
5.996814681390738
6.415746421257866
1
.9999998965958321
5.985859699002116
6.423916958214075
1
1.0000000000193026
5.8406063302360804
6.2590305972491596
1
.9999999953716193
5.811075892308852
6.261069970275045
1
1.0000000477863644
5.822567135053726
6.276055433311215
1
.9999999903381869
6.047862801164744
6.458492676518924
1
1.0000000850480473
5.749022137021054
6.18324395245351
1
1.0000000307246024
5.775674633427207
6.202511878252957
1
.9999999209069383
5.609750776656796
6.015501590995749
1
1.0000000103565998
5.289617957930718
5.687000050269157
1
.9999987949090863
5.401747575438614
5.7649086270781655
1
.9999997766750056
5.482862571015438
5.869996060591321
1
1.0000015180416322
5.4790496837210725
5.859041844626138
1
.999999826370925
5.329153029053265
5.731285674403767
1
.9999996026074768
5.423549092319006
5.7990090249453115
1
.9999997400077343
5.4760826211162374
5.850773935821391
1
1.0000000482139868
5.4247589649622325
5.809860185294319
1
.999999775082869
5.569337669650884
5.943666150587366
1
.9999999990940555
5.624063828714953
6.013248895512192
1
.9999999998508117
5.7395473029709
6.1339916693799035
1
1.0000001723253746
5.666746756760181
6.060333131674189
1
1.000000022095812
5.735769889769648
6.123435485074211
1
.9999999033631995
5.868433933536706
6.249440476712489
1
1.0000000017206714
5.799782597880039
6.182430028087376
1
1.0000001217551897
5.704798284750568
6.083606935117489
1
.9999999468492319
5.8241343139135076
6.210443954410941
1
1.0000000191092806
5.656456076222998
6.050757298554171
1
.9999999526803117
5.531300143371845
5.922603542549551
1
1.0000001018143698
5.384437761615966
5.77607875931041
1
.9999999717756332
5.573291201654479
5.961493960045306
1
.9999999646733916
5.411119107235617
5.799105719501549
1
1.0000000405027956
5.167000383104505
5.561980048916363
1
1.000000023108439
5.059197948951244
5.467449728729163
1
1.0000000892169512
5.067940853532462
5.469364312091708
1
1.0000007490110032
5.15643899093969
5.563625539099682
1
.9999999899301222
5.129182040734782
5.535625489098319
1
1.0000008073103646
5.2999369119565864
5.696136405906565
1
1.0000002628480462
5.334497574091807
5.7440817176708805
1
1.00000000108082
5.244894212105561
5.653517418228756
1
1.0000001475434876
5.04582791843552
5.4626541601031535
1
1.0000000610959157
5.137781794665391
5.5354100494292044
1
.9999996398693751
5.121405619354389
5.536342597278928
1
.9999996023966076
5.188009425479901
5.6237956194830785
1
.999998951261932
5.240992483850091
5.6347929184257985
1
.9999999183362066
5.006972568653512
5.421015216619393
1
1.000000651144461
4.983019579076462
5.3820876307642465
1
1.0000002313280798
5.410498512210094
5.803823242579064
1
1.0000002832653574
5.362768203792366
5.761621378017003
1
1.0000005404244638
5.355954201813408
5.7544612428435205
1
1.0000000326331837
5.36527067108648
5.766366604378944
1
1.0000000188661666
5.431822228209251
5.832388442522901
1
1.0000001329002148
5.394546407836642
5.787220493913249
1
.9999999998392022
5.17501534002932
5.5827153895179995
1
1.000003357183508
5.29790656761905
5.666649939516134
1
1.0000002489043767
5.3449310694652965
5.709944051873983
1
.9999997110993282
5.26960725098932
5.662780352032547
1
1.000000000007602
5.3095302854671385
5.680350611664847
1
1.0000000025075106
5.415011795881393
5.7714215838979674
1
1.0000002402199253
5.443654049093574
5.8298375034450265
1
1.000000000638989
5.34097919623188
5.708775713303013
1
1
5.258524994407868
5.616746303175038
1
.9999999999941187
5.163369677173131
5.517250675363479
1
.9999998854623052
5.163785063515552
5.576568852822406
1
1.000000019156204
5.002707022491495
5.414857434375949
1
1.0000006238057624
5.094087527293708
5.488189770568452
