0
33.3326257852364
20.093050562395472
2.028651798780277
0
30.13568122743357
5.2898336624882765
.6433572254925705
0
32.10596983271862
6.1171651541786325
.3572837822714663
0
31.93797985898725
4.254208191692532
.20872663770195118
0
30.789152491389228
1.9839555461913794
.21165822213664473
538716189332517e-30
31.49736168036286
5.572595849041212
.647528743153948
17731709357455657e-31
30.37828722755072
6.0929224834789215
.6443069639498927
7767586135578004e-30
30.829553067477054
4.588764923926509
.7378108623794861
69281730696534536e-31
21.171732577419437
1.2391629273051226
.23279547423080507
69379864784492316e-31
21.642755120072987
1.2905044586762278
.27618070230700914
2890208598755538e-30
17.451627800276942
.7545637406319565
.16319054532954758
8301293377647925e-31
15.395970260581423
.7809493323718641
.12324349273205848
7535494974204652e-29
16.640424935180135
1.4387770256215267
.27188120375005104
1815666250992615e-28
16.210255672951895
1.670659982827862
.4715922479387422
8633331241408663e-29
14.974231558938264
1.241023410839199
.32954463511016463
578695032423342e-28
10.507518613570221
.7630482060106957
.22101474611261707
5946441389667526e-29
10.172757506024126
.7208560585215362
.22283960194310207
6174906990368502e-29
11.628030271574517
.7510335022173892
.22696385929422963
613170199142067e-28
13.049851996107202
.8579068132376086
.21950653218582972
7562289128369174e-29
13.81136389886361
1.0111366201459486
.2745622888190008
11714832925586228e-29
17.54624766312529
1.629641334159683
.4262498377466415
25163651067587046e-30
18.364662745959997
1.8233007020283822
.46253207696959764
11772011570186959e-30
24.38596359844855
5.008402858534524
1.0536920714369207
11386234321913779e-30
25.475966399468092
5.320361241424085
1.0382012423339617
5999488956048036e-29
23.489572800822504
4.847957598186148
1.2058386949689381
3124464009392017e-29
27.904043620082145
9.59752177787613
2.138950897778071
4796147037441529e-28
27.42986705516484
8.184094436119812
2.3483305934179897
4071837866902124e-28
24.6550343995904
7.081850469549211
1.878452228131171
923324940863282e-27
29.21470101322699
10.848385706178204
2.8897601014231373
6664217620607123e-28
29.63943403013686
9.735554889794386
2.2922626391657728
37518873112885733e-29
29.002357411328926
8.42164786121584
1.8755155484898707
17485425447231133e-29
32.57621621521906
8.519927234440534
1.8041628132621075
9140534519289119e-29
25.57184441623233
3.573448249501644
1.003153288816995
16493741308723656e-29
31.795207666918245
13.18815493070116
3.564493986877361
3254554555329189e-28
31.88905493373135
17.737636634682133
5.050713738854741
867525178202861e-27
32.85995779612132
19.361316163363615
5.4834716742286975
11221399041322006e-28
30.552860066739136
20.234694228590083
7.550721815613794
15840494843770875e-29
31.840719984298044
19.73093924731491
6.240300149557174
8554881477028295e-28
34.264891781511714
23.191456050632922
6.846965648415799
12832876768468388e-28
33.29329477704692
21.236960597050068
6.779444907256579
2115109571861484e-27
34.993252653831576
23.030795330981814
9.766777140383256
2531653997459837e-27
32.41973421667686
18.639485699007583
6.971282063208648
11830157842377488e-28
31.591815444658653
19.672706749429913
7.246903120415975
10993809396815916e-28
32.72854394838336
19.517395724622848
7.329413857152506
11998199388462805e-28
32.33049824578264
20.48627235098586
8.508478623127314
13108056150054255e-28
30.542069937377224
18.166090689126552
8.024701594460916
3804812489867782e-30
30.257694780768784
15.339902357718312
5.272360890001708
5722075080968273e-31
28.671456573530136
12.93609631871519
3.7773976382948464
4892129574683237e-32
23.54232182567904
5.127573831434421
1.222610089035457
23493201526090276e-34
26.60227247526656
7.253900737812348
1.3340475975141033
70986807217372e-31
27.93082491440367
8.694353348382199
1.9801776198612207
6940873106455453e-32
23.197682740868625
8.74606403292725
2.390700712514518
7795191738954828e-34
25.492096827158573
12.384564922294185
2.785643006981652
24803323353123882e-34
25.417523374567256
16.77308682981246
4.2920949426842245
1968035012912838e-33
24.871476727448545
14.546380700148914
3.3859307755719366
2105369922300014e-32
25.111506978391635
14.820858522823274
3.4947432488615355
15698455036009871e-35
24.443722008724183
17.367496991523897
4.185265724065216
3833689626413169e-26
24.436803696276623
18.593464959017425
5.20415428509753
4630675694426786e-31
24.802584018640474
19.935502824970726
6.240872204077679
2824427498839696e-30
27.78718773283202
22.96872914738284
7.66325673796153
8875278061717414e-30
28.540601127195565
21.024609387598943
6.680134613374304
4324485460878186e-30
31.00832311497326
22.83891503509551
7.297933901447749
1991042479439872e-30
31.296054203390128
21.911540277484892
6.796334858892167
1215560226528201e-30
33.87185024547831
24.500143833919914
6.996666411115737
43919225878281867e-32
35.64830356273881
26.725327589108993
8.457280167403686
37493667247828385e-34
34.93575576919908
26.053462699409852
5.90938998404821
31984901510519613e-35
35.053832645317044
29.230469358193744
7.990271784999226
3469400250979113e-35
36.764483588235386
34.12099459229732
16.142473186122867
13781148534571502e-37
39.46190523825636
35.23534845130008
9.792619604450406
17767076320709665e-37
37.09228121850703
33.895641102620125
12.89165625773947
16859535049225466e-38
36.36105509515954
34.71972591415106
19.795579215200405
19052875167285052e-38
38.20354904240659
37.01921668178883
23.122967875776332
18904707058403686e-33
38.770753708052546
37.32062463026284
18.982318082271586
6081746652218984e-28
37.37081022314932
36.18171203320732
18.802049492701713
19560382910335083e-39
36.69747201232436
35.34308312999205
18.19407337662365
5637064548060036e-38
34.75453461815422
33.94217855813985
22.204665444446032
24431326560822513e-37
36.79588841849394
34.89967803108119
12.089797372814486
14927268741807002e-36
36.92650439071786
33.035368517934906
8.325180428294932
5199736808749357e-38
38.47218462463797
29.971102371429698
3.172118536371936
9519202997000061e-38
39.262661370403706
34.419629335425974
4.929662736677337
3292206481991004e-38
36.70737007359723
33.20130670509244
5.273794611807575
10921176090900946e-38
37.72306023871094
36.25559007645588
13.554318769493209
21308391220075924e-38
40.27559197644465
38.90729603726489
19.13794952117639
28107965590675636e-37
36.692915811847996
33.97473920835065
10.085257476448062
35775141960478274e-39
38.889325969803515
30.939407840963817
3.391598603647359
2269469082735204e-37
40.644107063169066
31.240551155462875
3.88342937262577
1271081373097769e-37
38.65583258887846
28.853850012150005
3.2018184161432766
5373613619012567e-38
41.548492640579845
24.420269482529292
1.6951349057441345
43430607514757775e-36
39.522081306493014
18.104773991809346
1.6046765742772284
9859041402751466e-35
42.38520677889269
24.426838680674305
3.246607923030894
4330680657333278e-36
42.848734011237084
23.764867296562606
1.940834719665847
16113340561570987e-38
45.653322467306964
23.462838657549707
1.7521259783034142
5478168249903758e-38
48.13566007676702
22.28344898989666
1.3878571127664936
24582753738108257e-38
49.391615465948185
37.68108060662867
5.54883373526343
2832267083081928e-37
49.665520108681584
40.83210350725234
5.768392455212895
8705195863107695e-36
47.00643825197878
38.27816005004492
6.258900179013627
49891398878858385e-37
46.245396329814504
36.119399504041006
5.097042323763755
12354339402686048e-36
41.660784604131756
32.823061622757784
3.513882316763638
7286292344842019e-33
44.06331036002267
36.096980727398616
8.657124264012264
4504196656494988e-32
42.50781218761094
32.16787047982345
6.049380316522919
7990548998167257e-33
41.58130987898201
28.3646978350918
2.716581579263732
1280901085097676e-33
43.56147727429458
27.67702362684683
2.2266336052850257
7233068674241558e-34
43.341918745316555
27.103876762966816
1.8150443999761197
41477760028694954e-36
43.66889918583701
33.0183008753957
2.795797376018896
31465807622399316e-35
40.873828227777715
34.05558980160187
5.485452536867623
12079356778383972e-33
42.78654902122154
32.77780461618991
4.169713523012172
4547234961803758e-33
43.75426095081538
31.610703787028054
3.366161712591032
3625019853487698e-33
42.68072899244964
29.946242103474347
2.775446117559759
670456388772433e-33
44.067767671274005
30.535950508081765
2.3371790964927364
29486776173981074e-33
44.13876802175518
28.13097347937548
3.201798085296128
22491910807747484e-33
42.48430152376108
19.174988538025776
1.8631013983031879
7697232703568727e-32
44.699705719736826
23.743659646399966
2.6963160371469184
338295961718794e-31
44.764743828382336
19.98948587145249
2.152878332120753
7392550721837462e-32
44.112645490167125
17.75985724365742
1.7148107578775176
6647531957028204e-30
41.347060635845025
20.55477041522028
3.5179260787885998
12303847054078052e-31
44.8959733392576
23.824368622102032
3.1268178228721477
3655839376367333e-30
43.722570246307484
22.635252741737098
3.604341961517696
1366276940784132e-29
42.76751136501638
20.61896407975966
4.03403711939397
6279948057806548e-28
40.65497216363701
20.572935256280722
4.621593693805143
6046891130087133e-29
38.383382519478204
19.8476119076822
3.9103382498791026
809743849001462e-27
37.39252032370663
18.341844821533957
4.916691060341564
9328923032109778e-28
37.36705882886897
18.269082382829026
5.177855027836857
8713602900439921e-28
41.81968885322604
24.997506756972992
8.225260361044535
1215587256966908e-28
39.926736835133426
22.547080670388
5.311319385353485
2874110901688666e-29
38.29157807234134
20.446590471371326
3.862648440889814
12176090203139263e-30
43.75183774454101
30.437148152060434
8.6653092708476
6481399737732815e-29
43.11308638551222
30.067303756523856
10.140006344266647
1178159915515914e-29
45.388051004695505
29.143831817853044
7.591694189023591
8433731570575073e-29
45.84179280705357
36.14875238473273
17.400144072800824
7724535722654587e-29
47.60024690052301
34.06561509974285
11.852482161262245
8984228620343382e-30
48.4036743163264
40.97182867756937
21.46611486831483
3338449393715426e-29
47.63333144637434
36.96129514326484
17.693636648028786
18063091673727394e-29
43.607416722944066
31.698503775537677
14.614733594469579
10104680728164167e-29
45.662073944806686
35.222833159972545
17.305269292559196
29595480995402444e-30
44.3906856085849
29.834966812122286
9.22033018915643
21277727554706688e-29
43.76140874249342
37.40773824774774
23.42258568617691
13263234291347535e-30
43.55975946022842
34.68638633091662
19.703668769864752
6563304059663321e-29
41.99608556275711
40.0617262929571
33.891956056637056
25565761177573692e-30
42.58928459178068
41.44969227648127
36.264807011335044
1081592230704582e-27
42.38897244553439
41.5969907269552
37.8195229703588
14793856880013617e-28
38.05475941089365
36.31430457996752
29.583413994251035
2471776983310691e-28
36.78699379942289
35.06630642406903
27.79293189210023
2416590768867364e-28
36.25795665309562
34.22499489032646
26.52122872926517
28822175714293206e-28
38.883360787696596
38.113659160426884
35.07262548716371
7585627651987449e-29
35.41796330213104
31.655591769825968
20.331062863517314
12808433766183611e-29
36.04198538272534
29.446360075189077
13.071254723058257
8390994036211248e-28
34.917598610580036
30.84478438198935
16.244553506833434
9491959546934558e-28
33.92895547609847
28.879983908525375
15.722076550889582
16704567318010942e-28
32.71102230332444
27.10733717182992
12.652546753943227
18334421210791485e-28
30.488231896594776
23.291409369018737
8.473666217157318
16433057303657536e-28
30.15273657689557
18.344771423931277
4.777297823006782
14902966000648366e-28
30.287717297209515
20.34216848990645
6.317810176906854
14530227602054094e-28
32.22309722983514
18.246464657329373
5.413923129675006
6091894655160134e-28
28.08666877499526
8.809686553050152
2.400463588029615
5286302481047976e-28
29.19226148260679
8.239511578275032
2.0682251125886
972501846558099e-27
29.723984439555455
11.533372985025677
2.419293154196142
8565133475774124e-28
33.1845722774549
14.001258646499231
3.0199741602668757
39111191771439667e-29
33.842909388345326
12.784765439828826
2.471957572437499
4233490153385585e-28
36.318871137839295
18.58738929396352
2.9838199430982266
12598387023965825e-29
38.30426714013432
21.750987973858393
3.0091334148524074
2978162689415179e-29
38.102127362464685
26.75163272438445
3.3386130699357244
53591042419582264e-30
33.71848390762364
21.96365858320062
2.664255438016979
2523098566253891e-29
34.69826055856151
23.865000731363114
3.144855973477339
1549063883408134e-29
33.609452252894876
24.22333458047278
2.986812407578839
4519734182259012e-29
34.43258117784934
29.417253562226602
4.9931996854900165
7525994708080022e-30
30.70447882042177
25.23431613142445
3.4807279376738416
723560679414227e-29
31.46296829554806
24.7094700715837
3.369731155558002
13571497368532483e-31
30.798937700804984
24.557479524425776
3.245486593941681
7567092095361462e-31
30.11316029993666
25.649682020879734
3.5947005668358627
8882950481510571e-31
30.674057981346614
23.86573185504631
2.307232614820447
20484577393406434e-31
32.808016256606905
24.518253334844648
2.6245968450718906
9782968372388195e-31
35.41191538483157
26.92647626374502
2.625985220515451
10852580509145489e-31
35.206097661192686
26.350276311006315
2.568060940711269
8505800346358492e-31
37.14520380247451
25.546148684672115
3.135210044094779
25858802347973007e-31
36.467924782638015
20.845135518878372
2.6782071139503296
8352884699793407e-30
37.178743428464976
22.697651827572702
3.4869140098385896
11119468997002681e-29
38.94477543256662
25.312972491791406
4.607703248701387
22459133382886475e-29
40.51495773708572
27.406182175498326
5.148963398904421
10835870087316328e-28
41.95361984158801
29.414568025885597
6.961402401281318
6917135393434275e-28
42.14580186181066
31.559427455612603
6.993361789023447
13861189792270268e-28
41.698686408013266
30.80615814359346
7.221255167127352
11737022644794903e-28
42.830601625786315
31.620824402029427
6.679712073250925
41877011350915697e-29
39.98178777102246
24.21367800591076
4.00208821731767
9673289066269791e-28
36.93306276957832
22.66786883513112
4.706987630915918
4271982988392e-25
36.01538824895064
25.55311807527204
5.166309473885101
114816651782937e-27
34.329437419871105
23.191361740038296
3.794118972529015
8516398395801112e-29
33.63342190883807
20.088121731302373
3.4373319565557754
18265499637360607e-30
34.58133922522468
22.97407495081281
3.0350729453956693
3956548082357355e-29
32.790319370615414
24.245129637198218
3.509780500316726
8242748399021567e-30
29.883698240082
24.018409153965024
3.3908725817114376
8728044987305803e-29
29.940398497497288
24.747965433119084
4.796269643312758
20219497452842263e-29
28.777900538579757
22.222462956190636
4.5073902045261764
18180869972359477e-29
31.602232421996355
23.601359986169694
5.112711115997075
23431338145768094e-30
33.291414723738534
24.04674332260348
4.134061712215291
12230497474364438e-30
33.76389056113452
27.114970153573104
5.654617948172618
12527953100824161e-30
31.809995201194734
28.287479940176034
9.243741998867945
18104049780649576e-31
32.37899060958726
28.893274910772355
9.611159255914163
33364085899089745e-31
32.29170486184314
28.23486768709742
8.336969796353568
842082624462129e-30
32.02961162437221
26.8097252434195
5.145831163257325
1273818438153182e-29
33.61483643797627
27.07491413287614
5.905588706082723
51334506868978444e-31
31.818798576303426
21.639503721613984
3.7175468980982043
4892228471302869e-30
33.203189402957314
25.948369231302426
5.660891342985728
7131311781968621e-29
33.6299882659773
24.158476807107508
7.559266731222841
13821557622139894e-28
34.69099019948829
26.45105902010633
12.359138487464884
11288157890299822e-28
33.5583765702644
27.026115761425643
14.379883365580827
19582038070542176e-29
34.78927851887366
28.96804156329555
13.365647473236795
36964089745834994e-31
34.702425566713536
23.660901444553176
4.462662044455516
39936442802607344e-30
37.771507052977164
27.432057608391823
10.548269731744881
9323117834134208e-29
40.06042587694502
33.11642837196948
17.237276121100642
25032110018315857e-29
35.374880842218566
28.078937044020922
15.696271955889115
1227281030545072e-27
34.67913851889602
30.906899574116302
21.743753602244663
22931629497737837e-29
35.18819063228752
23.380784611624044
6.746673654721804
401992193962447e-27
31.07676348021774
21.193786837364907
5.873668586998035
23829903810567826e-30
34.855131662214745
16.733662206508917
2.7544629835070373
5784717963356902e-30
37.6012596517756
16.629516984377208
2.40665088361402
13599487033837841e-31
37.116284218554796
17.833420782150007
2.3262958838069716
35251854794699254e-30
36.38355937853826
21.326714900228254
3.8627634237935276
7931636110189172e-30
37.38333629278272
21.003758410369127
3.3293531192251535
889558512419172e-29
38.421800173081884
25.26943596802886
5.095418593993962
3390240811377067e-29
38.95525316014867
27.387202310084383
8.93395382628874
8449324613420942e-29
37.8328363822137
23.47454880312939
5.847686493405271
15225380208726102e-30
37.028783430916036
18.360790709516536
2.9241064710673053
6082266233559915e-29
38.43373448438294
22.867448274834693
5.601569334859571
48261779496689926e-30
39.693204491102335
22.10581900111663
4.829123231488924
1206337939426794e-27
40.262810007487815
22.05059040356509
6.2741195175535545
11510666478604269e-29
41.83194288258975
23.504323278847167
5.267006724621139
18014803185177007e-28
41.298236295309785
27.201173527850198
9.285866955674623
14147745416462873e-28
42.221734381896184
29.413552875419786
11.29472366001696
12749754669908876e-28
41.11890041633045
23.245641707908373
5.477325609567578
41634880687540323e-29
43.119041793452524
24.6319755620825
4.760409395592009
6322592376495735e-29
42.81361151014107
21.89341699504126
3.155934451803535
21903997462274907e-29
39.78296933461608
14.67924038370422
2.2428749765110565
9508436896742211e-29
43.030550158093725
27.5054115763806
8.918845895592836
21958284068475832e-30
42.06457807769233
22.512767554029026
3.7941280990340123
31664755672128485e-31
41.77796017512302
16.95008552310852
2.308881409303351
1216760192029964e-29
41.520811931933466
12.912397113595569
1.9139892337447206
13224486934837063e-30
43.01360100727325
16.52451391605897
2.5928351072051705
8733278477431479e-30
40.35263501028398
12.31728954009416
1.9279990440019872
12550044714641346e-29
40.63492508936528
17.020720051712054
3.2295450306041613
4377117921073113e-28
37.3719036213969
11.909581636975929
2.7389891608631385
1907837608397053e-27
37.631890824637715
11.589099271983983
2.880302210403776
1761059391597716e-27
38.02949672325119
11.96713771920003
2.6377351620046956
21382113296178993e-28
38.115462894064706
12.486382548692909
3.183466156696946
14227198126424678e-28
37.121515591352875
12.008057859477027
2.95012583611704
810066590872308e-27
36.10140495119142
12.4977180477365
3.02038284771914
16847434255303996e-28
40.9920223255193
16.442195853877163
4.136542147763335
15700133560017755e-28
35.94548205650103
9.434465284612498
2.3503176969007926
20064148310749967e-28
40.816253051297565
14.864829930553864
3.716239983933293
11590137782894912e-28
37.49072200549843
10.313492549734576
2.3649309253121777
18687374744667538e-28
40.78068807414761
18.415677186172292
4.542637591528374
5190956574144423e-28
37.66456617176502
14.98813339245561
3.306085121159954
1485177796489481e-27
34.93395660406779
14.291004363224289
3.6052115488165204
13754009950497469e-28
33.92646884145636
12.35391778072042
3.127659949535052
18949477406853013e-28
30.75279392765126
9.94246837902395
2.571081886868462
12201663157958609e-28
30.848674827965734
10.366530923986572
2.687585372024101
2327993916338207e-27
33.366645119245455
13.961911441493857
3.5913092924416854
25740622832727413e-28
33.16498669016342
17.59683923555211
4.5899275962831645
25173222851315106e-28
35.21990868917341
22.940425473628274
8.016236285851729
1821982745878296e-27
34.86222745170205
22.269318017848136
7.184451979603437
34496220941821055e-28
33.972945040869924
22.667762340710446
7.471038946092921
19015225324797775e-28
34.56472585544337
23.672480287048366
7.675094504630128
2695687794578561e-27
33.70330874132192
23.04295085422081
9.726881335394175
2232098503399038e-27
32.74524684402773
22.106622943447505
8.895726477856572
44431454516165435e-29
31.603811758869032
21.658740747746766
10.33690161215423
8177451235453445e-28
31.626579476714916
21.663108724971075
9.728635888995706
18526035614064668e-29
32.09500424841973
18.9923795307173
5.66658253459296
30372923928495754e-29
31.09739906806521
16.406478081737838
3.8829235553859123
1372627638908482e-27
31.99234889871296
11.268029247245346
2.7788485491435124
7795712268169828e-28
33.396512406870656
9.532779230011725
2.4031371504318524
6873441267683237e-28
33.28191280869608
9.137514173682334
2.1855135242847825
13220434082042904e-28
34.64618382722746
11.588530193036716
2.755084213764152
13880432734684655e-28
33.05723056362613
10.1296133379811
2.7469240507473924
5614425679179757e-28
32.417303333325734
9.264042994504411
2.1957954139304543
5461947185400176e-28
31.738536014791094
9.435917415564786
2.4394069036777233
21313972319151328e-29
34.07017933535444
12.721849890623538
3.0322344463588906
16439837968976064e-28
36.04824030997638
16.73910234444941
4.64663021625441
8606912806147316e-28
35.67663135983587
13.257417698332238
3.261754324208482
7227011248338498e-29
33.271257791002675
8.681256081814903
1.960587458804544
472319898294366e-27
31.278740291902178
8.616148222649825
2.190964802239202
11417903130813094e-29
33.358707357098815
9.739735511456168
1.982860793692062
10639093680574574e-29
31.194044813266814
7.979507814568181
1.660521476613258
8523968411002084e-29
17.636720550761375
1.8540738589233252
.4672712199593778
709715334879676e-28
16.434836607658127
1.694484802730496
.4504437484006647
3616248278216006e-28
21.805571753790304
3.4000950819387405
.7019825214873804
2454958396115227e-28
20.412139381711906
2.654521397005153
.5359645670514994
2920228174407973e-28
22.380766254784277
3.609789195401916
.6535939528843855
28250265415700224e-30
25.385736076685237
4.818245356918019
.6681749226840529
16375002021392172e-29
20.408667123031357
3.82404615981929
.5560425514756755
5259384785475583e-29
20.065794297121545
2.867731525314937
.41958392706123615
9452901665487648e-30
20.584681092215074
2.073352174485826
.33687970582154086
34111040121320613e-31
19.223700418805205
1.4435725953643845
.22190192750618348
540043899992067e-28
23.38841360679103
3.1276390410561037
.53565332583199
8364447162532352e-29
20.143006505107614
2.8339043725413204
.527537335710808
5067659074845822e-29
21.608219314802206
4.6533334264453305
.5808169403869227
2939544078218793e-28
29.998847200498396
17.63566882102316
2.878527745771471
2371863229798858e-29
31.370604699383048
19.42214089439907
2.124374177130812
3167043325311325e-28
29.64051169101401
18.101052510572085
2.941400918690117
14261339312647171e-28
30.335735753706516
19.934688083241248
3.764152749452354
4532028996284901e-28
31.760991353213317
15.286067292025013
2.6280081280071714
14099331210142664e-28
33.87309757049597
19.80663844599121
3.637067923611987
25004193773346644e-28
33.94525680064633
18.627498093139994
4.081058939936456
21827129094826965e-28
37.66095510960105
24.518158420807726
6.851661455933505
6363476393877709e-28
36.418591337186115
22.494415267335444
6.335082157094571
3597187438002133e-29
39.75518485584015
25.85369179250737
5.7849504251421235
8175633566532096e-30
42.889995234460656
30.16983260877293
6.322343230306789
8825434434370057e-31
43.39540174823955
33.96117608204733
9.261247489959674
5356144997015483e-30
45.36340361360301
41.14329567677961
21.10973544416168
18060678882484304e-30
43.799369379387535
42.00130783211126
25.750994915320472
2168158316390175e-29
47.159947046036535
45.470453578765955
28.95740053120722
10620370475377166e-30
43.81621407704345
42.16695251190143
23.5944221162844
33169940648879217e-31
47.10069530184933
44.99718012552396
21.42619893950137
3274545166610457e-30
49.51620413839336
47.40163230098009
20.45583859347315
33959732244094805e-31
45.961087127057056
43.65475290179069
16.325106065167116
32765539442308228e-31
41.212363516126125
38.529195521436016
14.647148939352345
27677836583284948e-31
44.16366072942176
41.897733953775514
16.966097924685144
3176884107320179e-30
40.4689752252314
37.919800002601946
13.373119871264056
2625249689978206e-29
39.11157484625642
37.01530514778013
14.34206339470491
11562807598287703e-30
39.43065195553322
36.63809933476886
12.739675467322886
38259271324517165e-31
37.95125859130751
35.46902014387654
14.553209739740804
16717686917769565e-30
40.029428454430175
35.825124090754
14.4260946855097
48526277048356906e-30
37.97578056881079
33.04031789345543
12.10963322757553
588933193922386e-28
37.35085396850123
28.8008338549652
9.177001121060236
62764230207529226e-31
36.43543260728934
24.943851211341155
6.373596022433138
14335912920379526e-31
36.80998909560775
29.93366476504905
8.163051386253988
9023496546463572e-30
36.55670417911816
32.76298870517672
13.251441239673989
2177996124942973e-29
33.161988956611516
30.435974314302733
16.14170239687225
6285071634723166e-31
38.53798411902203
34.7415117903439
11.059214401412412
4893291398100733e-31
39.70649196706486
35.72377592883434
10.387352510443716
23694163956649097e-32
36.634430924722984
31.85254029204052
7.993036652671577
5597340874155665e-30
36.51259930457332
34.41461604999819
15.189789774639536
1166001969382964e-31
37.7726567591545
33.658889822789625
9.779730599053304
1135360165137223e-32
36.05500404737578
33.03562282293825
11.940697736579777
52619895223626923e-33
37.0492556004855
33.2784398152021
13.244000108658424
34024590903879677e-34
36.191578210203915
29.613206771315696
7.321122796314311
3138855594130604e-33
33.078115402852674
25.153035082655432
5.292255567304318
1377242289216656e-34
29.413314949941327
15.559081872545551
1.6781474589889263
2172796236534742e-35
28.74523847219736
19.627070917495484
2.0944345350902105
25686182052832874e-34
28.309453534504435
19.802441798046818
3.8310187964111737
19541926882595113e-34
31.664421159528473
24.07589012702098
5.316251854388701
707788187516374e-34
32.41254286418235
28.829143182957623
10.741665468891965
78056463229914e-33
29.80049669943731
27.071882714390778
8.356778198955231
220000166831215e-33
33.946980583365374
31.652584951750544
18.665364947301093
8042396014406233e-33
30.975913315559144
25.009715287831995
6.451877207560126
478820821060169e-31
31.191999541670466
23.327706004031985
6.450742841075455
255010179376313e-30
28.248810572216364
18.75673622158529
4.729822848263237
17681599539770481e-31
26.90800375038628
16.936696334821466
4.177632664391713
4973507966489447e-30
27.821587973271583
19.767270692249756
6.620818749244352
11270324550849329e-30
26.26544158067634
18.377166155587567
5.389308911875483
2986345515462173e-31
24.602584150563423
11.729624455958152
2.3267201817429553
7904694448848705e-32
24.558984464204464
7.40214311569676
1.3860748536317704
2246375122741513e-31
25.610744144453108
6.37274056476746
1.3251541938003524
34843135481198346e-31
28.83269593216936
13.176928973751933
3.1942189827509493
59569024159578016e-31
27.11259447380837
12.442281699917542
3.1896670836608347
20840029255975895e-30
26.26834956226349
8.34717018631741
2.1045412255891054
1366066148858558e-29
29.167616291845032
9.238419145180544
2.1184667028043354
16355732071990337e-31
27.524886327230874
9.847959661346904
1.9623810071897916
8294329210129095e-31
28.15692743924108
15.930472946427107
3.281819913057221
13345529675160603e-29
27.272951961616
15.340456170109936
4.00292882037685
11094429844469574e-29
25.91809409804613
17.830713232181
6.051310896694577
15310345542452398e-29
26.13624925070536
17.5836536185853
6.62679881886926
6554227340764956e-29
28.010911072342502
20.06493958286167
9.986460176135756
5492038980299784e-28
26.21527685467118
13.684995078349818
4.123857774805845
11429453640660008e-28
25.62464846449002
13.897202237104308
4.660645009302811
7652417995328857e-29
27.540187981780118
16.058588273223744
5.187539425074135
17201338501664664e-30
26.931205007389273
14.9828548591911
4.197077208729014
1570843921339512e-29
30.81062574793073
19.956125986032273
7.785881190196328
8605634790799835e-29
27.583149676170866
19.349700126554662
10.238189148013415
19856020352021556e-28
27.563409375634855
19.514372185070055
11.188723746703227
38358417807354855e-28
26.622977979763345
20.127727004419796
13.126848655097902
28663657791473806e-28
25.996362743583695
16.389774316511524
8.252492343221862
3337212245530869e-27
28.92715213393334
18.306611129535955
9.401662849202324
23015037087762675e-28
31.479705522100154
23.97205641856121
16.000565751583775
11369921241299187e-28
32.34324052770369
24.68042273952315
16.198553838111636
36058260924619547e-28
28.922726630716117
22.678053871090952
15.938824441705734
4149416223540583e-27
30.66580563442227
25.609586698105623
19.546861090508347
16238982171926469e-28
30.182745838060438
21.73200350871644
13.405057147758214
8504680923631157e-29
29.739320307466166
19.103537661449128
8.003801030252738
2988353196101629e-29
26.566180003320806
12.350186917742384
3.0386212566642823
7356343068998213e-30
26.036849952017747
8.691631850252438
2.1613827322362504
6385033999178922e-29
26.46855881654844
8.987487656777068
2.28483055935157
15771311111311268e-29
27.005474045018072
13.665734731636142
3.413372338243734
5591499201972124e-29
25.73557557997071
13.64064037676557
3.3844661362519157
9615464946182371e-30
26.562651254930202
16.759882917889673
4.2168999900742214
12258312265663762e-31
25.961846164245795
10.102362478578373
1.8855916360922895
6534087639367439e-30
25.60335747807879
9.92191472297227
2.1689587403847734
13846302509586839e-31
26.395123702904538
11.862569242745701
2.3133688028907446
5870296840209377e-32
27.7752907573483
15.399113492949464
2.7234895839576385
6258764234544032e-33
29.671328969577797
17.745978117454385
2.7852599011518824
8375300181133058e-33
27.26898209249272
15.74346939904795
2.399844921188415
24994295781819204e-33
28.44915696696204
16.41072858449031
2.7892522098807015
4246215948885257e-32
26.26703891867238
16.383531678625417
3.3818560188133144
1582122479053054e-32
25.632105073023276
9.847261304368079
1.5464475337839396
5915169701897615e-32
26.607124467364518
14.480543752379218
2.671742260155879
4112820690835408e-33
24.196104632507854
5.87280860831229
1.0329900658953834
12817421076789087e-33
25.681241183130602
5.527232086556341
1.0764820198979796
15218665027782453e-32
25.26521407605566
6.980355914451164
1.4389272736771532
5840384081355931e-32
24.460164376408446
6.779022082642806
1.2887752767035792
28461288520881174e-33
25.50775690589724
9.410315768645901
1.531871229068425
31472095601926286e-34
24.725852965756943
5.7679329839224645
.9678480649635359
4060795779638405e-33
25.084945258587076
7.299451466310821
1.1145788844186522
31583696055048235e-34
25.383155600527573
8.134979657563093
1.1412903840018829
988163611423706e-32
26.367704223553478
15.342398418974554
2.56030027369498
3298698154946004e-33
27.42819397653602
18.38212319293995
3.440623865916286
13356272623759889e-34
27.15533050342986
20.932921859907324
4.985239109095561
22022045856830915e-35
27.340058362701313
21.54628568259906
4.0419908815025245
6094990894862417e-34
25.5195763835046
14.669524492647806
1.8357417975244614
5517310558854982e-34
25.906432780765737
19.014074367277626
2.9093856683043215
4368247838816893e-35
26.497135036817483
24.566463602886852
7.382239886681612
1123472263175378e-33
26.90139838663471
25.274984444303634
11.139489156639716
9997945686149319e-34
27.8125062452927
26.052487136903796
12.712995708512928
2547977634929109e-34
27.72138758792083
23.852397427434504
7.123814864297984
7792816958797074e-33
27.636278450370906
25.98315425214906
15.08409998611876
22015375379850292e-34
28.75195788877438
26.12707186919317
9.00718422170621
146167452949247e-30
27.575512169834987
24.58355151319268
9.062494652380801
22597345133532264e-33
27.699005550792233
25.5248341259229
9.573464134971253
16363763213175757e-32
28.684785614950563
25.74023588827436
8.90649300033027
3092966302607406e-30
30.34917702095528
26.590056481103
9.608831879250298
32275995348490754e-31
30.26506713474328
26.898916208750567
12.503148581635081
12258709711796718e-30
30.696906589646204
26.040536449428373
10.36638202926889
927715179422866e-30
30.167631943531532
21.612465174584298
4.690929181665295
8111456571564799e-31
29.508152159492926
19.305460067017616
3.655588970849703
2455249588324955e-30
29.850731641198045
15.912597119729513
3.0756219913661007
4691227205999735e-31
30.798327527889455
14.80336035908539
2.379816853560882
29039829949878414e-31
28.45892860139753
12.880589680235884
2.4384588653520507
2408534445869794e-30
25.910534651265383
8.643567920652144
1.7238018948094374
6144570615038459e-31
18.215619148579982
2.42899445540621
.5341487137550107
6164265319860358e-31
24.652754907021574
5.120839094827994
.9007242086293413
4527354770952469e-31
13.910686237016403
1.4834600869708767
.35899914782785747
3102708213142475e-31
18.27577146046624
2.6086792567312416
.6003762646709555
33591172180683076e-33
19.66101048724725
2.382734173095831
.4505312511897284
5633821754079049e-32
18.423644028853545
1.9670070984408334
.3828939457495851
11093489248499752e-32
19.09105776494965
2.326642759126376
.46351739876550596
28549612727754143e-32
22.719827801359855
4.53944192619825
.7775059132120872
2729444313249606e-30
25.462794701032724
8.940242679974896
1.5774590923289415
13511669535291649e-31
24.221161613342037
8.993287400178135
1.5265408285971243
2016118162012826e-30
26.24923398527468
15.09210680139867
2.806597140065743
14669090301674337e-30
25.85680550456484
15.030085858677976
2.7833936767877816
11049069660041233e-30
25.888247473893255
14.358647326532097
2.975227061235725
5905705711343888e-30
26.833855772862364
13.54108348936378
2.55260975455635
5384687137389287e-29
26.758727649344216
13.58793206925935
2.590960084905963
37735565432609627e-29
28.8541565986008
19.700926044624186
4.711516983156955
6898993211653416e-29
26.005238611762156
11.666806417933415
2.2989852841420086
56728562698519755e-30
25.11062855341762
10.223580203635523
1.8483551896535533
6278624315373239e-28
25.533361176748553
11.862947380472127
2.728459290793872
25430180528597726e-29
25.747475321094235
10.58981523630557
2.079428408497929
3060412116239147e-28
25.03407621522573
12.05681685483675
2.5500408875955793
14037902378942945e-29
25.983995300263263
14.549698782869216
3.357923453355574
4458397361582858e-29
27.377364579955547
15.193967424259471
3.25029572594586
5907823423745953e-28
27.701214622361036
17.433265472433035
4.517874409427794
1228204775467342e-27
26.58758575612613
15.760669467294253
3.9537371744554024
26537422086941315e-28
26.38460105341248
16.5614510696088
4.412847490302029
15355758165122262e-28
27.710342815220056
15.979370042537063
3.1634035838572965
2083248767130741e-28
31.852726923576085
23.339028559461525
5.288449750056056
13511651111879852e-30
30.301838131999155
17.747944876603643
2.361430509683573
6763975485440836e-30
31.95001702617104
22.300811639985447
2.9855622056585465
9101831624274273e-30
29.352956192381097
22.448336538715488
4.694068339443075
26358074684289823e-30
28.619601851546
20.14761424251128
5.532963432705656
18226866760440115e-29
27.793365466162335
17.767226011050322
4.042652802770786
20241586108217112e-30
26.49043291074451
12.7672203348835
1.9766596940481516
936037058352749e-29
29.165162047952787
17.818117523404418
3.012471005883838
15181815347049683e-30
26.86980883520338
13.216543555629173
2.089660635097487
40947729745145124e-31
28.4501188475867
12.080326018624541
1.7561205813073049
3840774665049178e-31
28.53770828072571
14.399720376335406
1.9118012660932957
13914317063418543e-31
28.51171815749307
14.137520270550125
1.9242215964716491
52998175394658684e-31
29.043061921280888
14.653401666635308
2.4926385917312865
8741230090599392e-31
27.797395540183782
10.819686281473896
1.4125532564991814
5649086762208152e-31
24.82448487528435
6.46660530579632
.9088650608953476
2924861988523904e-30
24.744616410695503
7.5649472960074835
1.018027182216941
231175746278732e-29
22.805713490646685
4.032894415815064
.6597928718731656
1386243190396377e-29
22.886384589591902
5.637991317107401
.9911058108136656
36777683431212206e-31
23.65254551350132
5.687926458759805
.964961136200866
13710486718542562e-30
22.460669770097937
5.682044115350998
.8777527340568892
8198259245764057e-30
23.328459699153342
5.975339577179236
.9397981697549443
8788396032005579e-31
20.977920477773925
2.8366711433115257
.45072692162071304
2553330836455357e-31
21.74640294469039
2.759882329323963
.40421785658109183
22729664425801394e-31
23.29914932709782
3.7375390784178695
.6172356151629005
8516016522082123e-32
20.30356863596191
2.0767945276528894
.3001426258200995
24860197513558748e-34
18.988956347529527
1.316665854097486
.19514854768429063
23857016312530775e-34
19.4894906348185
1.4983111704295415
.20756336842651696
17201897376728372e-34
14.975375458898855
.9659903008222116
.15749888653062077
2453023536575007e-33
13.186688334637733
.9145083628007669
.1707597980109367
4190325771299156e-34
10.751535272325347
.6911632454181007
.12186862434239443
28275018920960613e-35
11.575972810751264
.8052167023533915
.14249501994965952
23850707612161157e-35
12.176143976538789
.7697784302525321
.13300969439824828
1811758637666902e-34
15.98658158295709
1.1578586859303894
.16832004981483842
4964467621485799e-34
19.424914376662567
1.7242231104795378
.25504605499091504
4732015535458046e-34
19.988715442269612
1.5871618638633322
.2080193307563728
7437321355257042e-34
19.623840306618163
1.6951845395244052
.24276103817623607
6999107124719979e-34
23.139305680558028
2.5255898896507825
.3825748416981167
22734032355275603e-36
13.899580761552796
.6946824178869206
.11175113559012005
46867333153915455e-37
20.31909612718603
1.2007767538325822
.157241299961211
13693076731343168e-35
9.801822599259822
.5598841666485225
.10512325572170024
18955469939858592e-35
16.011589239475875
1.2914157516679903
.24328952580107538
21195886219070946e-36
16.396888760033757
1.1329543505543762
.19222441552765177
9859384828161512e-35
12.574500696972422
.9434860109657224
.17524932753885156
12429142478136062e-36
16.288873146032405
1.1076652758996601
.16847623558042898
20812562914103809e-35
20.05652862971982
2.031973063669188
.30502226077446315
5108385628009028e-35
25.79836459563614
2.924762279908143
.381383741263988
10831080044403505e-34
24.556829518191368
3.60993884911533
.581396510878036
459931425878707e-33
16.67004141893084
1.359849940607505
.2245134354239835
4620986017781295e-34
15.772235608660893
1.1632076339527
.18791049223463935
16920619911213135e-35
13.291025075944795
.7701532112493028
.1127765747570868
15472670291559508e-35
20.02384169969176
1.9444456876241327
.2092817749818772
5812362682165587e-36
19.651335414662658
1.7450539249478463
.12187041195247295
32448987008329147e-37
21.053388839920085
1.7037839688312864
.12062940942272754
9752095866088267e-35
18.21465943874461
1.22926250213493
.10989533487667638
18637906809021036e-34
23.79635542437761
2.9812469043153036
.318069168121629
2053777712044034e-34
20.356699221342637
1.7396749546048562
.140062843632098
18878557625758122e-36
14.64295639040116
.6009175223263454
.053111319563710596
3016515421758491e-37
18.965939873227434
.8635741205084261
.04628890621833965
204042636797799e-35
19.462588486446005
1.3350979709338393
.0661582663529007
30894822024990023e-37
20.233777102742447
1.0286002930606817
.058123340503233534
26692925124577485e-38
20.43529918652264
.8822183336122327
.044063319573709174
529721585577676e-37
22.809200166290914
1.3813696593829425
.04839054737972728
34442639793387783e-38
23.711076046448646
2.789622158480544
.07529869020454659
33034532611143054e-38
26.424417309055958
5.086617720152189
.10587965651771432
5009501843443905e-37
22.86110505565294
3.3201108853081034
.06996063985813793
4451774144934521e-35
27.507981138784704
7.196959020327398
.22475771861554272
20884164487475244e-34
30.896351864306954
10.305669027605946
.4596415664175478
40697530149092736e-35
29.76471016132493
7.227445181644651
.2963662570159094
58674045364404105e-35
29.666910680196427
4.2838374320973
.22475721189522957
4455174878982458e-34
26.967363711758647
3.3518845631673315
.19055879888336213
4130295113776014e-36
23.551926965408907
1.9554659014974576
.08556428596349412
10945527479557855e-36
24.04935440336804
2.1452009535265755
.08993097003765092
26281925009636313e-36
19.693275369937705
1.5252146364126995
.0646861621736311
21778323110968222e-36
25.79471294332045
2.310346438349389
.11219217048874532
23309895324261357e-37
15.60022435302144
.6898085647189339
.028738762216200194
23139765074197513e-37
20.452923869179035
1.2825088831676732
.040308620913604744
11571430814951444e-36
16.45656232855203
.7122504064359707
.03346102510891548
19874834960432654e-37
11.721850944576254
.314977484134766
.017795874284187243
9948969678185514e-36
13.841815112456546
.5212404970626762
.0312344880352755
31754446299709514e-37
17.441201486064898
.968808439055031
.04476817949109921
3466641046238997e-38
17.266174096960444
.6300942547097638
.020623966098928883
12325575090777277e-37
22.880735460751232
2.0889160065325227
.05257488746517248
12780359919538362e-36
15.869079291097801
.9966909158559408
.033162698603337114
12858626389912952e-35
19.021522869947905
1.2180085891212542
.060984373424250594
6578310195577362e-36
20.98545212513355
.8406537852469524
.05223392684331098
11603418926091568e-35
18.280216624304746
.7698133143655738
.07439783952648496
6446003919119256e-34
21.55703092820624
1.130768035565361
.1298478616957969
12627881847250445e-36
11.805312553703974
.29966274825434613
.03591924228725052
3102333368517298e-36
20.69902788147121
.6837755284145056
.059924699331438125
2134497382556484e-36
22.916284868190264
.7399723529175805
.07077803938338888
4298980348900821e-33
41.49428088235542
14.195137598972188
.9298865652210615
9015608499377543e-35
37.90542301786597
5.756624106747616
.4135486156917436
18209729558576586e-34
39.18346718346819
8.975629080855088
.642754916231907
27604696255653156e-34
41.85457205667925
10.476851513091338
.7093492633020404
27688831869417253e-34
43.42899032759119
16.98321561034667
.767420281296104
4128756523690302e-33
44.82188324165915
27.65982618790808
1.241301191618481
8821428693527866e-33
43.52395900084011
27.413653573193073
1.1322054520756224
28712336296366594e-35
41.89928710554122
18.499879896155715
.7143797792758141
6466934495728507e-35
37.14454901729937
2.9568807902028005
.22444410189527353
1625113218637238e-34
40.306669671043366
3.910753331917832
.3312907117339143
6475825978966903e-35
38.138203266625496
3.1747474376232603
.25107695879557324
10463879538258725e-36
29.76843835027511
1.2406586935273098
.07640628669664173
14162878993389097e-36
34.23407504673301
4.776828514219651
.23197300448479216
52543627997346174e-36
19.308461030311566
.432235057776332
.03706861157258836
17038782239776258e-37
17.1193879392571
.40209817456442265
.015393938948536322
15722842157657294e-37
16.819895489437002
.4044114756703057
.01629128624353211
4628291425345563e-37
14.57143707091531
.24812733528836353
.013167942099445785
3030033441846784e-38
9.47102390130837
.11736157329935831
.005675703246707184
2867110541545853e-35
10.771676799026872
.1759518517277974
.015194398217776095
4798921170218793e-35
15.097143852914682
.25825431615496514
.021219106828181535
7108365810580673e-37
12.973780398806436
.20234427182498835
.010000054839924666
29012874422762386e-38
9.097453808028014
.178507407807698
.0061260209992847975
11580144034029179e-36
11.223568177319247
.34612546328879656
.014372840902782805
54791894621495355e-35
13.004616003232199
.5340159617220491
.028856124692979664
23842466601327132e-33
17.413804203105144
1.2724709341141172
.0768828518432592
770115445062742e-32
13.62707079183461
.5296495026838435
.04508893440733984
18477527540549803e-32
13.741018120885059
.5165746598992392
.06205393175618988
46308134453226194e-33
17.426275921894643
.7606898207737682
.0678553149415163
887358678679898e-31
20.257458660713397
1.2178623489479
.09931871113602084
2483704176081202e-31
21.792465707712953
2.0517544076332195
.13619833492315855
21872121687780867e-31
28.503938069768232
4.849308698717395
.3439393580510112
43851141104107504e-31
25.260854133547262
2.903364541791905
.24650050314781843
10943877108847596e-31
26.696526257027454
3.7418483157068674
.2677500590718359
17650825892270364e-31
33.772888831824844
8.103893808941
.48856396136341795
7001389745875481e-31
39.907751602737974
15.812479285634032
.6807857114756011
10302074393320765e-32
31.43163995483186
3.6993134477744256
.27324455856486307
5535598670995115e-32
38.59323902938038
11.541513926804853
.5026835885922055
2392600902508693e-32
37.11430752194932
6.544063265426753
.3513274245375623
4456265816940756e-33
33.914229049708986
4.381009616215428
.2314098537857961
13376964645470757e-33
32.323323453114895
3.7831482604846665
.2577999248895847
780786913952781e-32
36.01871118268236
6.390454931134834
.3226813465703446
32836229075990385e-34
37.50157100281032
8.194688103215402
.30431653229844413
5879701019460689e-34
41.198692349831994
9.344211466891842
.2737102410359502
2792691705417302e-35
41.861692731756975
21.986554621224688
.32177150340064115
2497823710686504e-35
42.702897849213514
25.330297060955385
.4474489024330456
9176969589608409e-37
43.28325543937944
21.70172519563824
.30376152965315006
7520361228258373e-37
41.367600999961525
17.64591521385751
.2535761931290705
23919207772371454e-37
42.01018856425469
14.741463882711741
.2822454230789239
2241775375529554e-36
40.42640801913676
24.048485119086124
.33415113966670873
10092436869093582e-35
41.502145818661475
6.162526952102053
.2692210889274102
22226498854486828e-37
41.77336143437593
5.084860416675797
.15454618418326016
18355306308303354e-38
41.57385507511071
8.40516172851666
.15354662100848232
12686443478327066e-37
42.81933200916343
14.066050702316518
.32792755781702576
14075619112933727e-39
42.17670255083228
12.380189538064288
.13306305502556742
20405024774527044e-38
40.60656995351446
3.3778823920851937
.10923676378316487
16155708638482797e-38
43.54635841307775
24.731622456672408
.46431918797691407
33673382710233485e-39
43.36898974291277
18.812061252627252
.27964895859756067
25478956598752884e-39
44.18035713433176
30.17653274823594
.44024357744208187
21270290277802325e-39
40.355052522853384
24.3153836799636
.3543262696114267
7197674326041182e-38
42.53659363366749
21.17967957212623
.3514267778136987
4260185805724229e-38
44.02299081394547
13.711667143622535
.345796678372184
8096321335810655e-37
41.21731691203832
9.328174792990026
.34170590352939584
3378807756865512e-38
22.71059274800776
.12396016383941276
.009975325128038006
26039160535220166e-39
21.523829651800707
.1114058338731411
.009025851434836663
17042645285204936e-39
24.0576557506795
.14483901173305158
.013467211678849341
1594687210019468e-38
24.035944891939184
.13557610808501125
.01006906674300848
2202129512187263e-37
27.568187199906955
.21524180449546634
.01690931005056194
6547029392192065e-39
20.59609949569397
.10011863019018769
.005997180471671659
1728195771535864e-38
24.700707878547377
.21271574999737097
.01095329112786696
12423398732239462e-39
24.544497191238897
.23632416646651305
.00966478637316504
6810937723301514e-39
20.500547568639806
.09096302865212506
.005587857350493968
34865414016181084e-40
22.823238373693105
.10272724537967032
.007261730072748893
5526076028609851e-37
22.74538544362795
.15668170325490244
.015392516277220136
10104820658535208e-38
23.517246540305266
.11939182494807188
.011012439739793156
28781096297947163e-40
24.423563790534804
.09768413621265824
.007976357371463143
3007721959907901e-38
24.842950680900774
.15345917742099455
.015916446354960794
22967360660071698e-38
28.229439048391473
.2673560483842975
.029058925893987585
10138675019102587e-37
17.500112073978997
.168456207032658
.022329166123043125
2013113476234496e-38
11.633502959229418
.07349901718334621
.009319275242042438
2289953444411673e-38
6.016658046577663
.04970067110029624
.007177153036318684
2469883974294504e-40
10.034485273599824
.03223876122528989
.003121549153590057
19413000427545294e-41
7.439068700067324
.025257976895061818
.0024679779564880967
31012349336545036e-41
12.539246775577503
.040319838836441614
.00390985468294346
2755123756261603e-39
10.77733877997703
.04612178513894286
.004980463340278923
15433656065846902e-39
9.676150364478794
.05247702125195078
.00548021934723689
21628810678734276e-39
10.370261090111185
.06459662123600513
.005915679052069592
7173644412129728e-38
11.152328245770844
.08414260953288763
.006045501344572231
2315182957298542e-38
6.874456328706234
.03835358871407785
.0032919881041301217
29750381206413704e-40
13.966840621050991
.0736777112042271
.004600324467284955
11247727376810843e-39
16.990737692381472
.11836789577062429
.008420534380952858
15489652786454247e-38
17.362455859462887
.18433521641793732
.012586042050880767
14421793125940822e-37
9.943039098493744
.10003595409818018
.011793089812777139
5966540405783645e-38
11.224658374521754
.07393571239743164
.006841883052114156
8640697111762113e-37
20.923869798341983
.31780400376799645
.022402912178554713
2674629048364174e-36
22.82463025029516
.4771688266365758
.03342241878171253
14424503607979821e-35
25.74997581094771
1.1886827363843748
.07591792718881073
55923505465207776e-34
26.69699714081692
2.8392672308657274
.15965797302536275
2321445499343334e-34
27.599823566131654
2.610048877772256
.12145201313473988
42451075725558576e-35
25.92020890930981
2.4886661442421203
.14137765322225126
12572746140840188e-35
25.104695766477846
1.6603332218641593
.11002083649968646
23105820488710156e-35
26.91363895039026
2.378288760811522
.180969612950688
5791380168748832e-33
31.142078153270557
5.937919004236782
.5049421733535512
3211300015794841e-33
27.35225567290641
3.2580326845441676
.3109340483861219
240386950930617e-32
25.114752687799413
2.2568079108474253
.20845186724492804
24316636113617445e-34
23.555816452937325
2.984982222762033
.2338564430353435
28805045398930466e-35
21.88170578818211
2.0293167814494755
.12252799132904792
4495415911535814e-33
21.940296805999353
2.235380551157048
.15200361551778932
10932284451097955e-32
20.03136385730738
2.053990216819843
.194250686995192
25698167140936985e-32
16.55393488503222
1.3527234395660293
.13730307545139137
4171896991186913e-31
20.78720043592272
3.6243711902252604
.2494326365419827
4866563581071605e-33
26.62591476874772
3.4299475786482345
.20429101330945929
9982888141720053e-33
24.827180654895553
2.707796803526167
.23878114977162299
15557054475613312e-32
25.873619588319134
6.639009237658799
.37683079109096485
15241284946058457e-33
21.56832996174649
5.020048206692271
.15264312099431457
1455908582232048e-32
19.63181462787209
3.3419086239077767
.12320195387748127
43172515188301775e-34
20.047551723514296
2.7149030766891786
.1021680705571116
6819037767865903e-34
17.703066967308143
2.512420172756173
.05923583986981968
2617593114407325e-34
19.437773802948616
1.954902019691247
.056036131290849486
5260260626023693e-36
17.191418634016763
.9772222217764999
.022261504931586067
8709737738107708e-35
17.58449933910872
.7105871017601006
.029829244629664686
18716705238251904e-35
19.73585350308152
3.870502416911479
.06420508985853357
15803663639581105e-34
21.580029704644883
2.1010971268838468
.09501447746452568
8884506785990423e-35
22.256135271371964
4.857134811648607
.09475689494351908
54798640404725126e-37
22.993209136449796
5.222038296492512
.06652295460964208
2496224614818249e-35
21.67524105304393
4.813918328938751
.06709413192156737
15638173796974338e-37
18.43315435383538
1.3033787746635852
.02431164678391074
21893749490822813e-39
16.423664171394506
.7636809665737417
.009577748538289885
16129463806180051e-37
16.691278878917977
.596207959332718
.01610755032952738
11752132890118797e-36
18.00769875419946
.4161638285998103
.020759369034781018
25653636896278153e-35
19.095420748423194
.48735697500333985
.03805934572611041
24610181636511675e-35
17.464608558288162
1.2473778058375615
.036610185666587934
27657236706416593e-36
16.36751891438923
1.1861265906599308
.02090038841724325
281586511685997e-34
17.864739437013814
.6280169852376581
.02478880215668925
4361844291162413e-37
17.703989350730005
.38754048347528763
.010206064628759406
3458259088898379e-38
10.435258012553708
.34768093519676857
.0034348244028740956
2576646020720727e-36
15.782623541893594
.3615486454675071
.010999329292055394
2882442212235335e-37
18.029237936953756
.28213282384879895
.009165822494390161
345708776247018e-34
22.004223849448874
1.1085304492276944
.03387022889761127
868282120743726e-32
20.146894610888175
.5218950697379432
.0630900417815827
6414322749653151e-34
22.080236045825718
.5280906503803119
.042129320048241506
3672326624339298e-36
21.147598580838896
.23213595129687953
.026193950415332016
51052141332798565e-37
24.294005791234714
.4731240681171475
.05445066729995579
855382225263502e-36
21.402352031543472
.2691036731536886
.024603913954460627
848643417072184e-37
22.19966159120124
.2665676274058572
.02044307511557707
13729808545105606e-39
20.80686878955914
.25221833031669566
.013240981629133737
7899588424309142e-39
22.253412481338614
.4113761036420707
.01900811792086698
6478290209355922e-39
22.191470508016124
.6394418948646106
.024600375098416928
4671022256708568e-39
22.146839035210434
.4805340804001858
.023054084762773274
7425854236707239e-39
23.205501425606364
1.3971377222866175
.04060294877646361
5488063634448285e-39
22.699948033593504
1.0769495700656764
.02992691914640272
9369098285595264e-39
22.462408916468227
2.1474228265015762
.03858526459497089
8542134257398751e-39
23.120109081942243
1.9840114379146765
.03262597058801591
8840178773039958e-39
24.259643791624836
3.7472163715261817
.05141866982599535
35363160888745363e-39
24.816484259874464
3.36930751022622
.07291709844141162
10304833508287513e-38
22.161713387745266
2.7159502370609334
.05860462581392205
7291526167118507e-39
22.738042175541757
1.7009134941721935
.03860641959997283
16560947563773497e-39
22.09141108578237
5.063223367861553
.09610424314438976
13599343923995683e-39
22.944569533048345
3.0161609523548063
.07737076515512356
7798296230612262e-38
24.320395842629054
3.0078047744763303
.1164308140536003
5839402002794754e-36
21.38853639736075
2.0827031431956393
.09952861907956967
11952535142214716e-35
23.55314925726796
4.523393183971078
.23340062790388366
3998844835626023e-34
23.632426942031202
10.85216326123203
.7854424601866118
5468505442440482e-34
19.58168323316109
3.903280376702714
.20436858087789214
38769050347954444e-35
20.327021343402414
3.485558863423556
.24269324528172379
22440024971393605e-34
21.30166466992979
10.985097570518521
1.0959685849317886
13499348262693977e-33
22.437573860605767
10.089650511620151
1.3701024832072635
7545694078392876e-32
22.48972398977857
6.726085968836482
1.2207092465719085
52115785830841395e-36
18.027443574688522
1.257024281926645
.10870326588481123
3296612245349264e-35
17.616319598005425
1.2595302728256565
.11618799316018896
7205493602287537e-36
20.113025706920766
1.3511419802006306
.125114927261125
22560618340471727e-36
18.180544926924462
.8947413648113522
.09039967381338553
23884220903263407e-35
17.757946701898597
1.0374652428822195
.13010400500522837
8330665563205163e-36
19.555699243409073
.9010129618095223
.08326267327972413
15259626341866567e-36
18.9504960848268
1.2964948368117706
.13288098509002133
22962396617765068e-36
17.47547370652248
1.0754315800466114
.10204683947882347
8063784566216648e-35
18.416776631131775
1.9806841107974291
.17755507173179014
13224601424123409e-33
18.82735523760924
3.0399504913782094
.4761829047997038
9090662552282465e-33
19.85648477492965
3.7496616922374146
.5808964591992748
5801019672261194e-32
19.66352064777588
3.8238995965578453
.6212501132298358
17952429034552748e-32
18.62659065350527
3.1496533864954883
.5977048226974095
20421848524087751e-32
19.680181569435554
5.1387093157808765
1.1114721248346204
12023146331778677e-31
20.133980994500874
7.135353787787806
1.7983925068456845
17728431891144115e-32
20.438101315079322
7.699829828123243
1.993846605813504
37423955834892985e-31
22.816644107796456
10.034298945864366
2.8032352720567344
14633442717522778e-32
22.243269506565614
8.489159061492437
2.016220781543431
3087175724496547e-31
21.469793600896413
8.665047829229367
2.136300366989451
9838369223216318e-31
21.59903885901676
11.593141761256264
3.332031457925115
7108609198981502e-31
21.634857606236977
12.865835727155014
3.6575472344181112
12521087967389296e-30
21.480092656534357
16.27485432220966
5.331610978041221
28026438096149616e-31
21.884461513254966
12.41753057118675
3.0936941868111933
4934422800542123e-30
21.048069012485172
11.121589572704456
2.6918491050584885
713112021530057e-28
20.59910996382655
11.50823342692662
3.4797979311717393
6081875043415723e-30
20.99949439649746
10.550854570646436
3.191859623613967
24886596813531952e-30
18.64034940458168
5.458512842486883
1.4998868454788223
4283602730270942e-29
21.298791195202497
6.622841881746588
1.9503037412036968
6948556339750793e-30
22.099851031208214
6.260207865906966
1.7343221325513614
571069647195473e-30
21.62118803776763
5.415404138460197
1.3333103992671136
9265600179439708e-32
21.31610090127988
4.118670520655016
.91562857296371
2571969593107612e-30
22.05236556775942
7.321355974873405
2.0515369343274146
4648128179772881e-31
25.647363589737516
9.182735326702062
2.2385923920421744
1743354283146547e-32
25.37972845224306
11.077648867392504
2.3456496764157815
45093067695420924e-33
22.705637085087115
2.892713429310615
.5857009434453695
569736348857548e-33
23.722360479827405
5.731821903324766
1.015896767883889
47411230699333996e-33
25.373560207343974
15.960493902532127
4.467756104202657
2685063305864842e-31
25.43703874829578
14.720857629281905
4.4609987744101245
9893610984006562e-30
27.533873371582544
27.178034084874874
25.795830226974953
991468353798744e-29
25.720023486376874
25.392353533899136
23.980607867612363
8089690462504995e-30
28.543647373506296
27.356024140673796
23.626614769123854
3675716081074514e-30
26.587970096875924
26.108538921671396
24.25394121652051
10869722305040111e-30
27.827487346241515
27.606990046135866
26.660205674267544
3631602350540885e-30
26.651947343691862
26.449874943496475
25.569704343966144
12032678105611526e-32
26.331134322869787
25.531814091120165
21.248309444495803
46360369715806105e-34
26.055213851667368
20.05544642750907
6.529799396991955
23709596885016964e-32
26.784760823411673
26.540287147465722
25.123217039640004
4614042394596883e-34
26.34064832529635
15.354923939998343
3.2308189250837156
4488041988838978e-32
28.74680653135022
28.643229661465085
27.927949561470626
13957637624832441e-32
28.838645649458506
28.74479416478216
28.06156679088854
48048390104271745e-33
27.87032567580994
26.902345066310524
22.643945434137592
11340007312589233e-33
27.848535558574223
13.298516946771056
2.679285056513368
1211031680274492e-34
29.475279761846238
15.452202408934424
2.3883597219144814
5981118424892428e-35
29.27461409001111
27.391548288341642
18.485145211487687
185676389894425e-33
28.86746371080283
27.746781485420502
22.014010281987307
1338329407484495e-33
29.267985496167842
27.79415785153273
21.748155492701887
23028356094907217e-33
30.0967027469427
29.76284018001528
27.630850709617025
4431941333408626e-33
26.385009553162337
25.020971911647127
18.306660143164816
2953574252785447e-32
27.74936158150168
27.35960151772883
24.622729953810666
6023199532628815e-32
25.94929182950738
24.637346920562315
19.199976058888545
8618313185789955e-33
26.538806021146826
24.933396961068755
17.766283146282838
23596851684119763e-34
28.565660250323294
27.86852373698269
21.027790448078857
4567635000841851e-34
26.307053612050968
25.40951162081338
16.51725293521725
2555723617788857e-33
29.098215317560705
28.14533706187678
20.78529946619237
17912959119621354e-35
28.13771909095296
26.46211813627883
15.308852035797154
5163386719754791e-35
27.78531628333315
25.460381656153412
10.36668733201217
16530930892597648e-37
26.051959176587413
23.58529920467884
4.186523347398396
16321561517499986e-35
27.947163396063022
25.27043485364616
7.895327212443349
6925802141686585e-35
27.34208148676317
24.88611415840365
5.707035123176669
25359914715991016e-36
27.138166923719808
26.198481468005347
9.412154751103031
15502727233071022e-35
26.413138930030833
24.50677214177917
9.046605496632818
23406498617812033e-36
27.79310264968631
22.92649015890026
2.609303399826042
16683162004370714e-36
26.26798455670797
19.983284383858336
1.7297968236582417
3208961988154665e-36
26.38261354851734
20.037180496451167
2.003436980958812
291878838871347e-36
30.246956014965438
23.083827173089453
2.015935650756562
5462837111451889e-37
29.50453138797381
6.469038800602382
.43319481175610725
4028407081989339e-36
29.817549136573273
12.675066721439078
.9576168044663056
9863074778720754e-37
29.767094352580802
7.145473270023612
.5998627670873242
22743083969461087e-37
31.072157474923728
5.318238535652838
.4708646600145207
25017524746435338e-36
32.66598455662723
9.280609452951172
.8688065467481537
9134200643887008e-36
32.61062411792
6.067994597471322
.5739397535931374
9263227070425699e-35
31.393440270952954
5.4319151659257
.5214305952742433
13507246958626005e-33
33.207358260951345
9.049001509591173
1.3618366959798927
6752456566586385e-33
35.13662396610903
10.186125021242711
1.198103322916024
361031492278076e-31
33.7301478525486
7.202070434407971
1.0412452295304602
8421698725488476e-33
36.21733228787432
7.092197730858232
.9462636219174545
6041770327797957e-33
35.23584153842003
5.269379582891548
.6307042546352646
11454589387985265e-32
34.26414823244906
6.9509165104209245
1.1044078818907006
42678316866349604e-35
37.69461323250224
5.40116265908306
.738793959664836
292674329381992e-32
36.419784965638065
4.999786695598889
.679611337204746
1991430704851114e-32
36.12652384167611
8.201159418125043
1.1654372663354164
1634390867029636e-32
35.76738447982217
12.014142758269323
1.6935887010916848
31871210785482564e-33
32.81342285682292
7.472802378384392
1.1183573786592036
10269556669093525e-32
32.34067697159771
5.626741464727766
.9346011976201442
29665933225447284e-34
29.692274688999593
4.25497401734392
.5130666271034463
19618009570485075e-33
32.743974988073774
5.552349650824042
.8808424917079261
29026154157893673e-32
28.57853749947104
5.836380013096678
1.1062307410192807
38782080625717296e-33
34.995252711913615
9.156158586042537
1.2432733000091443
13940241232138052e-33
33.87149766619928
7.947718279428455
.8787445105403652
2065604532484844e-33
34.696284098491574
7.557369369694351
.687773424191579
18998840070111665e-34
36.72891760065121
10.35847794050347
1.058214689051
8481757016022163e-33
33.716372327297286
7.868067556755276
.8390452930448815
20879208039685184e-32
35.216895725875126
11.077455428142848
1.1167396007117723
16778165363667098e-31
35.46089038573365
13.223764147236194
1.7870025585294207
23517287850164528e-31
34.51154314109772
21.033655269688953
3.629898022709198
7687621165826042e-32
34.663617206894095
13.449709608484872
1.323078137904979
622876014031193e-31
33.97507701737842
12.508768800673517
1.1423468083335726
811749994814969e-32
34.16036236362015
15.045573234082445
1.2072028790329392
9694400816242982e-35
35.112386671120966
11.950274232032
.7896231704102724
