70.6391807812929
123.89721695181338
113.93812110306578
73.92373943127325
67.71121882889794
120.45260359577887
92.382979750408
68.60982297754323
68.10191472816413
123.8320246302542
90.30206841657714
68.61677124895468
44.884572708751676
102.60749600162045
53.32717088349597
45.04970175727533
31.557834984316717
79.83482627077773
34.250601146794594
31.650424084586447
33.46917149321081
71.39981818048169
57.37562559515601
33.921072223870965
46.099755758478274
84.86866337983584
73.26028226795385
46.81495200995276
31.138941154923828
73.83448900641885
52.052787430752
31.880975950746034
27.689285022245066
69.69245929547671
33.42395235435989
28.093407538798072
32.420610285171286
73.9999220566402
38.75021540534798
33.030593476564114
53.61626840913533
93.66223424143999
56.705653571027696
53.76741936851824
24.829533122243216
77.1927047922166
29.841677577205363
24.91994019857026
28.61085528049187
78.49197646322564
44.1005273196068
30.085745048115324
32.68297598477676
79.72871670112863
42.19753158401696
33.67614831841186
29.033172125151285
73.44642888222559
34.75980284318141
29.417253909756976
34.25795903828382
72.48722537282796
37.059359420722785
34.9773446945232
32.32421696081935
68.52736265289172
33.77656446431036
32.4611845633972
37.374478175283244
79.49687172133542
39.563407558054095
37.59166916047965
29.914032171793373
70.42660353519732
32.12932698868676
30.06764392404888
29.339333845662605
65.95060920531589
31.838322930473883
29.546955142906015
25.323238446797493
63.397913005053
29.232252262367123
25.71674967488278
17.970675302292246
61.30015497745713
21.98233573527352
18.340715583246794
19.02813634783829
66.82176191673885
40.87558879580962
20.267577107020617
19.08030080692791
68.53146944249514
39.31634360502708
20.152297768542855
17.572087035502825
68.84718370305883
32.14309747308307
19.22172760195763
21.622997866254046
77.00139218710491
56.30711327031317
24.89118678007031
20.60522137962697
77.1152095656689
37.801362326783874
23.515634899173858
16.643230430000095
67.99026934792842
30.012002681817318
18.689596968956003
18.917590555762473
72.29004580781785
48.26321281652029
22.609253336025024
16.99802665921736
71.17670325503472
44.34403261277607
19.483196495434093
16.153093143167908
66.89745024199907
39.65460026809727
18.12810462702856
20.165026199141384
74.93647618345749
48.22906143964922
22.81990314914951
16.054018826224727
62.387547389153866
26.692309512037976
17.37022115954896
17.56309040034042
67.29400611435568
51.36061407264167
21.85357273937378
19.50956011352186
67.63166826419094
58.70977476767354
24.976762762288836
24.875829274989442
75.08935007552998
68.39083517822486
31.77863987341173
28.903665159034823
81.42129579221
75.67493383275863
39.64297166067377
24.202543683440883
76.53439528525342
68.82485234584111
33.24992770066689
19.56376703134404
68.22949789624136
63.15125707154213
28.001583751219137
18.30914944867318
65.2743341511169
58.324532379335174
25.20012561134303
19.16135963780043
68.28629180835944
56.53353663436038
26.07160646453053
20.334836826167077
70.50115647933455
60.01955749975568
26.13069389968134
33.20551282174692
80.87119866983619
74.638088376542
41.119943968010844
23.471687464194442
68.44211033798572
60.69081119558149
28.70866571504027
27.812371988511686
77.18236415089596
70.08145824890072
36.844301375749325
31.199503659755297
86.7674275115992
79.28458218395778
47.43714003492225
33.924440976326004
89.89289754651256
77.7811840120798
46.37352103520228
41.118057855537536
95.3906377846852
78.27637853615309
49.978569898774055
49.50489639628227
103.08732079311515
71.42358627666565
53.578002568697514
51.26688966121746
107.90804067672228
89.30738871469934
57.15635956481911
50.10891577863957
106.16678743731019
85.25115707145707
55.726166367814876
45.73305220840809
107.1992878338651
90.83324072452355
56.97932320382876
48.80056773243158
109.13128522465726
95.99319380650164
58.55569526526965
49.00441662103677
116.14429686421978
107.33134481304184
64.33282907053652
39.81556728352755
99.67476742063296
91.04614924153368
51.95776144273338
38.629477644720225
92.36686867303241
85.15790651354936
49.2193097974606
38.43716466196345
104.01822385276178
96.24844957213344
51.99914525646256
34.173562789059545
101.60478662939421
94.49929910008504
48.06864930340026
44.048350042464136
108.06914111027432
100.55420101749887
57.24057484649202
47.297692105212846
113.39703963928841
107.68771809338553
62.23648399453214
41.410708657432245
104.71743648393245
97.03434164803316
51.57424327702059
37.47588281373103
103.97279518705591
96.5614313989065
50.42543761063517
40.5292978149392
103.11346553612968
95.86288028949393
53.23506007279615
46.707646074527794
114.71119528816922
107.86408273679784
60.46134558850405
47.082827749061586
111.93142313548097
104.35521405250525
61.493942105418085
44.970829958324366
111.68675790657282
104.25491916121624
55.11715103824475
37.193404450756724
106.58837887570999
99.62543581847132
48.138848320724705
54.55555365535497
131.26501320602546
125.58738644163718
77.9323668717574
57.20976360777751
130.0806851277613
124.89580363899074
71.82549305510415
56.04360510142065
128.91855808726427
124.73072845966531
80.05114951550948
57.74607152831666
126.69885866640057
123.60516442784531
91.99598233219898
55.94456865442934
132.38541534688468
129.54870665807672
103.21892849989014
62.38928663002888
131.3330189598301
128.81306652960464
102.18601864687517
64.66559546923641
127.94890256599733
125.48941039362028
96.97672422160524
51.177213756702564
105.44551900377508
102.44892306647495
67.7868987483858
53.253049289885006
107.88306755038063
105.58079395537933
79.04627356368213
58.60506798559104
118.33238274420859
115.21528478527874
78.59368793655057
43.47955669231749
102.05571497717007
98.78860893317515
65.4358191836852
53.38702983028874
114.25189450260366
110.03935989001697
59.457817557414614
50.997579361778214
107.13749062585428
103.78311785867223
60.14604195973057
54.6850985787303
115.55679088832682
111.89223061634675
63.130733534147204
49.59219416608071
111.62642569785235
109.07027438721616
79.24127870447123
57.526746069417314
122.80859128405162
120.29793436250479
92.94716701826206
63.832072581634414
129.07617835321946
125.85936740213897
88.55993899831056
52.75816350237244
106.37655796663569
101.80972922410552
55.79945086653177
35.74937954726141
89.93498560074536
83.83758822621053
38.16533171153644
22.286904822416787
78.36376456826993
70.7969494870614
23.958231223846628
23.52704157624179
71.68848979913164
61.56364882525479
24.234955835982735
19.127053540949202
61.71799682764405
46.87923478256743
19.50270785317138
17.344824851832488
61.28740627700928
51.213484737612326
18.077889918039315
18.432411721233933
65.77116318081588
54.79230724329804
18.95553469171408
17.71960806274943
71.30731314085175
60.249499104994484
18.374687646523665
14.828126552371995
60.580534470339614
47.65138727286724
15.177746372968482
27.73579996119222
78.13692976457519
72.3248648080277
29.925656760170334
31.86607937666611
84.4349465745308
80.09972271952495
34.54215438528644
21.430190872826206
72.49794288946458
68.44321335605039
23.975463519755202
23.753848339812908
81.59422050066823
77.08311696014687
27.56843746218368
25.09530463374388
81.03539732880044
76.7282058274618
28.779978794568066
33.922441093208754
96.35590954077836
92.31527662365954
52.4657051897883
52.339840448882434
111.04386530726944
107.019579225009
70.44515868623188
58.183038307612186
108.10842952825203
104.02341875173698
65.28636110774478
45.18907353954396
89.2929363533749
84.98874429878227
48.19776981681286
49.28771736157123
97.84818249528539
93.33314177371383
51.95021336397065
59.17107875660974
112.48446252931392
108.76728729718837
66.17970983027597
59.10257229066664
104.31235436237947
102.02126846961667
77.3343210907548
58.312905066000766
103.18352580563408
100.32805204759799
69.92160073103054
61.16066048207585
104.42642338958983
101.4480752136864
70.60649102634439
30.915987403112588
86.7133807688659
82.07323607699557
32.93428373293071
38.946628982896556
100.65399079916057
94.31875344419451
40.54230542695665
26.680815065308384
89.2351910439455
82.37006273129529
28.281896392756792
22.273057725444644
94.5809242898814
81.87400946773829
23.08718127114377
12.28708692544294
78.38318812045605
68.10371812998606
12.902356252101363
15.32621975594238
74.70138125275321
63.6375086376323
15.77810765856237
17.665459330509098
74.6635752854295
58.9967293072098
17.955817379328515
24.264127269824943
90.91645438650153
77.6573665829357
25.138539707477122
41.0973678806307
113.0537062682496
101.02603582151139
42.40356479374916
46.50797331750469
117.71579204364932
103.7450562329559
48.05180413907095
36.68178514213566
110.80549944916405
92.17800508885725
37.943621378245325
20.91605623732618
103.90421638050773
84.62802779474214
21.98479296087963
21.007348990279354
103.00437758830871
81.01487539328076
21.823453671961154
24.60011653952421
107.74240610805782
82.64281748415392
25.77606097824203
34.914443972008414
122.50296746385435
93.97025731378731
36.3099484124464
15.370225249961026
91.30298146951357
71.69953562470754
16.150007426603754
13.517821692909596
75.94191748966023
61.45778967990858
14.059702878123517
18.12279068431108
82.55248126377336
67.96237118283062
18.805777759556012
18.85019968410979
83.03540976963639
73.0380260492848
20.160743084335834
26.617634495302894
93.59419832686069
84.35048075437804
29.23461057968014
48.746879370596226
113.16571925825997
104.78082835115083
54.2241209234729
58.53805955090975
115.70265181319279
111.23039816979232
78.33739909924516
48.877962090357855
112.7204874910557
106.30609823045384
60.149478032056926
34.8909385094407
100.45363614827751
96.16656466436474
61.855796955821894
24.904285289316245
84.66357499236052
79.03488256629775
40.54596925510822
45.91761737967581
101.35798299599365
94.7412955642837
54.208842685636796
51.0238796536378
105.14534533303309
99.48786273315308
61.65502987099736
38.62463205305276
91.08918093173328
81.90969229904145
40.86937958873193
24.92747463815435
86.8226583482255
78.7502248654649
31.327838397994462
61.332660869104025
114.19961758124079
105.21452311280221
67.74375481949434
49.57011970332576
98.73658685887175
94.69343230559389
75.9969110926582
64.2282921601479
116.7818368368099
114.40990455893147
100.84239225942525
64.05795184304371
123.44687135276507
121.81572948503427
111.8901771403159
56.49228674789187
124.13316799856372
120.60355890399042
97.27644128884305
63.39317125393499
136.57894571317698
132.9858071193798
106.76778947760265
37.481922685160505
106.23950515751179
101.81962278067827
73.02994592581446
27.382037518406335
102.6381113045088
100.47618801469974
86.70973942091379
34.133016333739214
98.40538437552289
92.8631134199482
55.20930054876114
25.387087015997373
82.72508190650821
75.18128788832082
32.44355771947463
27.984367358117904
89.42158479220934
84.33074797253066
41.05433197324791
20.55229689532183
81.81079484141355
73.9200882381101
27.748658114320115
13.620795340180816
73.94419145833463
63.38326258452894
16.85657470342164
11.929011773143657
71.62174420482096
57.84284446992733
14.103616997781351
14.214483628385105
70.63675903043925
53.84567430840935
15.488000239512468
17.7780598373856
71.64179228739344
55.99300188644726
19.557866456104197
22.39870707918825
81.82825418266376
58.94876986452882
24.424179015174985
24.661051221126833
88.71031650273726
40.549012394930465
25.912541966587522
27.450545529570306
92.74003808827534
46.94439172458043
28.456164099112854
46.86491216464227
107.41203268234617
89.74212427996977
48.60962682998911
32.95829232116119
91.32823340063058
75.84573528427491
34.69643045236498
28.160845948355824
82.09106110572289
65.48919597811631
29.137431773947593
26.95044746143911
88.83381627416334
77.70060837334678
28.06052633456266
27.77363504063165
87.27642161675467
79.927883978278
28.730500616490176
30.16045420228082
85.30930539390309
81.25621564177644
32.27567005082371
33.10613393199711
92.16294196907727
86.88941140259303
34.60845489760002
31.80790540527053
95.84849451069549
89.89086843031033
33.47299014088335
33.398814543921354
93.76024918693571
88.51053968373265
35.03825563845934
13.250720559787904
74.09906693069213
70.38260742410958
15.05025504355552
15.20359215372777
80.22150669052458
74.62347317937193
15.824964782696565
17.780352095562034
77.66298383259061
71.09203428504708
18.348003603678762
19.90391047452618
79.44584603883291
72.87364957892072
20.55271071453195
26.772096569046475
90.25214634822801
85.7027726160796
27.697333606673936
25.108340275313985
87.60627564330699
80.30176178880971
25.474498920382977
23.615947533444498
89.31751267697547
81.8639317281365
23.972530257747295
25.157024122785465
88.14185496715601
81.62181689135883
25.614621770445375
24.050858183698264
87.49162841442012
81.11544781095922
24.579751141586634
16.40017131289757
71.58160035698535
62.59401175654234
16.707967215412197
12.680155862003835
67.0052142211299
53.40068476610263
12.90920444106939
19.946688020959762
70.16565511530645
58.601170792633134
20.520462004998762
13.140606129864423
60.55525185066049
50.937286976657
13.676624571786798
13.469648789429353
58.6256218726542
50.396545117779596
14.062623906470476
13.788892502284922
60.08509979889572
50.02597660739583
14.501347414803227
11.974071806128807
59.42917565068793
51.22202680330449
12.762148378522129
10.412149936739054
56.94004701651074
46.31002309549372
11.065526837278103
12.840933030041906
57.015314430448306
46.32816251162402
13.632684217904064
15.439649806456025
59.127048720803934
43.46322268334197
16.015588941150867
15.81901794205909
64.17085681263103
45.264533629472524
16.466996216552527
21.562931983326727
79.30580266646596
63.778567383418114
22.832989453567567
15.715948799474132
77.07058618172167
61.67349754340955
16.85985711048396
28.047842799086595
94.3027680071992
68.2881132939123
29.560180629492237
37.682695314901686
105.39637373930034
89.83100739738758
39.42742649807022
38.92834959382344
104.63057742130236
94.10956035587711
40.884521064128315
52.43781971743773
116.05155829520132
105.63040370987306
54.149023984045115
59.454751226983966
117.39509046117874
109.13097825901363
61.66213093641233
53.099377877086944
109.19923347040465
98.23673553108507
54.92346906782276
66.49916111494758
116.34944337268787
106.23843126872072
68.80162576136178
63.44460224076516
113.818963621884
101.7317638583466
65.4958099725419
55.8931196150976
104.0310092914918
93.94719524768824
57.84579873737837
87.15577550689834
132.62063509311758
126.90152316013915
91.29304806662508
119.06069014839949
165.32302151714816
159.68984403171157
123.34750930081005
80.11112283638607
119.14590400199322
113.85435675024269
84.27199836328938
67.73686014601182
110.4182113075888
103.9335741477955
70.21054922697284
67.75923801158146
112.04825084902293
105.02669056277209
70.10007301278665
63.47721199999427
114.96186359489725
102.24644975836989
65.14116495844083
47.282123122089914
99.31303474445762
90.15653648841311
48.65516087051162
52.23727147014867
105.37401719111838
90.4079677478086
53.68810083881015
43.092807202815074
90.09148938321853
76.85349420857501
44.63625156855782
38.2486799031805
85.98523399383757
71.72200000235554
39.62455314046505
51.402276743066764
102.62306478386799
93.77503575685157
53.54770081383008
57.691540332184466
109.37635149633432
95.66356967623018
58.767582914138316
69.32050359500337
114.52243534750504
104.60594913133498
71.73583321228581
55.75384456281306
108.5438649002941
100.60145658487953
60.05709480285289
51.636704907995714
108.68896700303988
98.72747419029636
54.952189410734185
50.42453884575543
109.80122248958529
104.47156426848564
65.09916899607818
77.4057075917936
125.29649637713277
116.6652649475255
80.3022286028026
86.98434141476613
138.01099076091285
130.15519367092983
90.86171652888208
56.398038783901356
114.5855412926964
93.1068891869761
57.27596327551008
54.488037850484105
107.55091083488655
85.07554987093621
55.1941138001967
50.92816084645751
106.63321306681314
75.84273259542071
51.3816686556677
46.50093034824912
101.34678716830796
77.64786813462361
47.103486595533084
50.16731851629433
100.00258540110084
75.0493372615545
50.776148628264984
43.88282852902066
94.3444373486459
77.98745212769207
44.657085882424134
50.26685923715894
100.73584056137425
86.26223508735055
51.603185108847285
51.405932019737364
107.29313468739983
86.60659443394526
52.527413955648434
29.47222749276241
86.60451973558145
46.61350111106911
29.862326799818955
29.40977532148432
84.6784337473664
56.88138946190904
30.097594410572746
32.910131985809635
90.26736489327207
55.27602218271053
33.57427741846124
33.203445890112434
89.26120483765405
51.87971778201424
33.95335182712148
55.434035971960014
106.40082987141018
82.21582131215641
56.41725014232887
70.39194535723679
123.79611197416432
109.50587046980684
72.63161804790917
59.870192476512486
109.27610051029275
98.94092437112512
62.30757692232932
64.5556703019392
111.55421818127633
96.40346026797728
67.17631077482456
58.85886533130708
110.76772954547494
96.67404186865458
60.467654350837115
79.19759105438206
125.69915078366999
111.776426998382
80.56799334831102
51.73476557040299
103.12725526029658
80.4575421443505
52.47268864732701
73.31650440652774
113.8197004780135
102.60387968436872
75.25932788137295
91.25826940720265
122.6374551915503
112.38926320431534
92.77677177843579
83.06488270052017
112.38311976646052
101.1295540251988
83.95349354077148
84.84902539928231
116.75633719931307
100.56552591354844
85.67819630681784
76.62435487219852
110.95109916029567
94.81362934370964
77.82497895890901
67.34269396253319
101.16339617586773
85.98203101149221
68.3473811614905
62.58320373520318
99.40130270744221
83.55537513563718
64.25346735366134
50.75946728904159
84.59147380596787
67.34102237060034
51.94796782339021
35.336034259439515
77.05234030424494
57.44759657774623
36.333501181822534
51.802976094805985
94.58851654141493
78.93880303638153
53.0911710821029
46.5692516168796
87.02346231481738
69.61231823325967
47.83256446404551
46.96591981998243
84.70134244052056
67.67579793536568
48.03130861174275
39.83096015325062
81.6102160268573
62.751614042378584
41.354795318752
43.00908736107704
82.60528887951163
64.6974750418254
44.168752176373985
35.71639356596774
71.57835348958763
51.03402845164659
36.25930643074135
34.17336867444852
70.5824491346123
57.88876650782415
35.33538854513352
39.1882427317801
77.11632509219095
58.31629594453988
40.45393068655239
38.61967001344362
77.58897521910367
64.05081449325596
39.80557967500684
30.952593190012536
71.85353066037713
57.04105712700633
32.19059534273923
36.60934030308815
79.07571675113799
65.30395304838976
38.3200309472042
49.73839952381315
92.58228030983122
78.53724588263607
52.329329498701846
55.19496514859244
97.48314651921018
81.0930247180332
57.54204972454429
51.563777163645874
92.54776594237632
76.21317885675442
53.72662127743942
46.87580312049833
91.07563721054966
77.70867604450586
49.94939382689317
51.56965070645808
90.29688867189128
81.70899397592757
58.14719964937716
76.07429277926367
114.87174146466532
109.31100085251904
88.42949175369014
80.94055408370555
122.058817679708
115.86714353551518
92.40892023151861
70.44981256624637
112.89792277732546
107.52172370075091
83.6793356225608
96.62379166242744
133.02331206093172
130.14528482706982
109.44693931307216
69.24389906959935
108.93175321038765
103.73464588840349
81.45733246439964
75.1541084542274
110.07948704312925
104.91308765454308
83.92840944805212
68.04948028212179
102.1167114915633
94.68143262033544
72.76741340783
62.17075577443043
86.38399438238734
82.57842337802289
66.35817212612365
67.96929384062771
89.1494830580619
83.45134271234781
69.63807878059548
82.48178751571037
99.75629996120202
94.76401796671449
83.99855370789298
73.10065200793336
88.58914268233248
81.587228481856
74.1498372750467
79.9699196436642
94.90259904238656
87.56476493571928
80.82144026787864
89.10039575231498
102.16430969258249
95.38680736227342
89.78724290568441
92.79806994076719
106.85587651107974
99.2740100220369
94.01492610859692
89.52210973869218
103.40068979584169
95.24431693850403
90.76312396493333
86.99753189339303
98.22965864673061
91.02204265770929
87.31026943771643
92.21047624480572
102.20970104561296
96.21932367873369
93.24236229205384
87.4367101598832
98.83894870490606
93.20147625307425
88.5325884407912
89.60677123994408
102.1881011809677
97.70484732137784
91.36801170846576
91.92805355903599
105.08713843677535
99.32545445794318
93.55749409708277
89.14745461473171
104.78036603491971
96.84180570291143
90.17367653492437
100.54951508702833
115.45953489726878
107.70352875596029
101.84456037795815
95.46435406073489
108.9387149148933
102.9622581868385
96.74983437907896
81.59085505515812
95.66673254128783
89.54982863108847
83.413338463514
71.86291583427554
86.91351369118752
73.96560699361834
72.07235399519156
52.54737529096702
77.4358204250763
54.53391348515057
52.84835643297364
54.987428172342604
76.58980294357836
61.568179120064684
55.46700919932216
46.320665821483615
67.30299375877917
50.142949474608855
47.06642546824582
60.390858271173
83.91261966010279
66.6809905036232
60.934985714312994
64.00602912439653
83.39937805541206
72.26377407127512
64.61102356928028
73.87391434729561
98.16560573708891
83.15945406388039
74.41120264874995
80.07830964470243
95.09105202356086
84.59279898335876
80.35511268025458
75.82331666423707
92.99721895622766
78.9241207970706
76.04362047752993
75.55022300724474
93.4407577735987
77.47942537562604
75.68433182914012
66.15799254701878
81.48101463621896
70.67325127432773
66.40191515052591
67.90251111758572
81.39293065414606
71.49061106694954
68.133917402548
54.67115930624186
76.86073341750483
66.03198692723495
55.02136436791141
80.89358149135427
95.9560565277943
94.06032136558143
83.12349640552931
68.17282109234067
92.80151378341984
90.02836540827526
71.82304842903174
55.79305153214898
81.52261306900137
78.61141031739493
59.927799779960104
62.968723637039794
86.97825720384458
85.00801963481518
68.76063427257824
56.25847940308313
83.52609358192869
78.62914223442125
61.60202823922037
72.47830529166514
94.74815995072689
91.95190775216243
77.69136420919654
57.08208724680064
85.81934404719473
80.64000252905804
62.59113026365546
63.91077190448329
87.1618393704715
83.90689068514328
70.24399954271594
59.92607198353711
83.11486954134936
77.947298516309
64.82181967178768
56.95224156922716
80.23299666402852
75.7306328425696
60.81628452810475
59.564280299997954
83.34141477231441
79.08771537654695
63.28308722180768
81.71106489385089
103.49323793666437
100.56908316557634
86.09402045163337
76.4180094405859
97.7619966516026
96.175929469406
82.99445575500887
76.88117925536314
98.91620586735147
98.08130069386237
87.92607085118269
79.69505429966453
100.77496301403961
99.99152270874811
90.65656542818373
85.14097779853313
101.4248373000119
100.70541748743604
91.88949170849764
67.44933874497669
86.3425990746187
85.29443058861123
72.4348537622248
64.71868565888654
85.87754177795729
84.83056651323632
70.06102756498927
60.7804669736023
89.50938208548904
87.28931570692865
66.71139227789261
52.19222136490789
78.49830765650637
76.8412773755718
57.35978597022475
38.203624339484726
69.36642550296439
67.70910892181378
46.698954732426216
33.087939756060194
67.2731216966689
64.95534672055726
38.68015338434494
43.030188876231605
73.00265898810441
71.35734624516144
51.25491279010813
48.87627869577109
78.50872412145424
76.60783410153664
54.60721812379407
53.92223450528687
75.45637670398575
74.41118356675887
61.18783760060788
50.467134129590015
75.89410151509801
73.9936245020232
56.34077417269349
56.81771301499397
87.19543013099745
84.3122125000314
64.05081465735152
62.99144123028353
91.54287772554635
87.73694595363254
67.62912054827679
55.72033807905399
85.39547455801494
80.14830710189187
58.586213815514185
48.07460823930981
80.43313317211022
76.02655568674716
51.478288252748904
49.635135952377134
84.70857040435493
80.85897955349627
56.217053674016725
88.82383117375501
104.59780383618931
103.92815614890108
95.32256637582176
33.164062245512774
66.64059722625751
63.37166068082405
35.976700717988805
36.37416083741505
74.36152527217897
70.5059554122516
40.89660903843023
38.55139403995856
80.08012449769645
74.30389118983919
42.08905380697596
43.019875761860476
86.0016092881312
82.229239927929
51.34873009133694
21.70356546120155
63.187087237945676
58.04327629970034
24.773420813568336
43.60306931169686
85.14063355047809
81.07793517857542
49.587060016163626
38.53755352803631
86.38852935526336
81.12333230251863
44.170549031088434
28.589269316365765
75.87960398531841
68.77649048435588
31.387243496638437
36.330700052400495
78.08167183367843
71.8837335337487
39.60203469699502
38.34833248641163
89.91883164129791
79.10059841158078
40.52584869084437
32.1037441632067
92.6709302345606
83.35165757376215
34.49118171518548
39.66636997634247
105.52057068084072
94.44134616406308
43.763586687835385
29.805872587713704
94.7433054484194
85.81246545304657
33.84389967469789
22.347589885676094
86.05317693864893
80.01892845237015
27.28137408511327
24.75500393790463
93.36031127497654
88.37579060057882
35.48505836440328
23.361599073336702
85.62965438683369
79.95897453257506
37.226019231934
38.689596287715695
109.0330918510296
100.45110797795634
43.796890171322595
39.84667482254694
113.62510580369776
100.53306163142169
44.242775168051374
41.570285355334875
117.4644033937589
91.67621638782113
46.37685917376659
58.86762849382404
133.16805766824666
109.87331253701448
63.223794006631
51.173020282800906
136.89014103837133
112.54321147416373
57.1921684152719
36.83690621861892
119.52879577427028
96.93479513534128
40.34374271865998
43.36689189407336
128.37880208114856
85.49404203964535
45.48316648726511
32.89903847487572
105.78865699411114
45.93805568710295
34.18222122244389
26.202666086931277
101.62192243444133
40.63420410677746
27.032017381177187
25.010266298714996
105.84515075261717
59.86941105805208
26.85868764096866
23.772042544594285
89.93394666889075
48.23181070105001
25.513794509395332
26.22646135192849
93.82835649665722
38.29000419170603
27.223388489358225
29.46268443762217
96.66831726205717
45.37815031766101
30.65103915096746
31.955404036071098
102.57707552929577
48.37694376443608
33.40451403796631
25.49508844731742
103.88864669551205
50.18213380543788
28.024179155700423
25.589868191188913
97.17863194990387
48.57889468708041
27.555528617908276
33.31131646051418
113.87143254363171
85.54404483407193
37.15412033544442
39.25780224579025
123.17456804101612
87.6619423577966
43.125886991301165
38.07358849926314
120.10446838470519
87.52694489973587
43.75345434730765
35.34983991627317
114.04747503071385
54.164640291385496
37.32339947544626
40.70470966512305
117.37643362565069
66.24799021352648
43.43181748417809
34.07480350811982
114.59136672909106
56.99491494079613
36.81344048491048
43.99801421883802
126.51799031812524
69.34164140188729
47.54264957739117
36.54201162375168
117.02198012207953
62.65735944089766
40.06628763742063
27.936408900815255
110.2349064803107
53.43016944868082
31.877499897034685
28.29531060626839
100.96350010487737
51.1922712446723
33.34685751389352
29.57694028552371
100.24792940468475
52.92532607243735
36.59688341180985
27.13915765966503
94.41836821620792
37.63147751911276
30.495550559427805
27.100694007066643
102.11808967806827
41.52097335638552
31.68363163264744
28.6784285666557
108.05753595475458
58.159618660418765
37.702874794020474
29.458513442689647
119.73138846670918
62.11954847414559
38.188593068956756
29.620191433208916
116.55135072325758
60.66046473967714
39.93075200584494
35.45185325545896
126.56736532708598
84.16013625265774
53.54427024361525
37.13728106911187
112.67199356731575
62.71818644738795
45.63553176649485
36.820592343034356
108.219992402446
54.22661878063252
42.19481000952644
49.03089260237753
128.85220872950325
66.89379038626207
52.67759363065358
38.079545806713014
113.9410138541159
48.96393200294245
39.89402095738761
48.066264243843726
122.31562097646527
65.05710880245427
50.48530195587948
59.43816136465993
139.91470992275907
90.42556899451735
65.33865818317402
64.34082378778922
145.85130351900173
104.70434622955095
74.05663840646962
49.38377084079963
122.3397682678799
88.55667128229261
56.99263800688611
55.79198054213629
132.59003543194137
79.31307344485374
61.127574198115646
45.744260590633935
117.87884995331429
67.0364602239307
51.90411862330066
38.70697609417524
107.9428624399874
55.73616998754407
43.64342006132018
44.66836282509595
122.55858673108807
72.56114209521215
53.63812054635557
41.02469357834216
102.32637416439051
59.30279898765352
46.77810157424155
34.496460579768126
85.54650112328174
46.679561404255125
38.241766749596756
36.38923801933192
87.4549541681585
51.21040924402527
41.197289378062194
32.63205316899943
86.65057028999064
47.596083075334185
37.87786192677472
31.753366610797684
87.80207753050453
45.775304518523136
35.320549544632776
36.70585283901684
98.44421540309636
56.09855321947308
42.9768200474353
32.30926602728622
88.88977792020883
45.56271414863892
35.626325299524964
27.675603342271526
90.16271337578254
37.60375654251462
29.730868385114395
26.12967046947132
81.83010191439536
36.12658865767804
28.62059306013003
27.816519812251087
85.17363125541416
38.68091192741233
30.190466602860724
27.89475045847421
79.36815832133243
37.8621238718399
30.539485813429266
32.167326400669616
90.30228075393124
43.33447202611016
34.603427009471325
33.01148377784068
91.8828929166236
43.58512701084277
35.552186708074636
51.92343545600236
122.93873672059044
71.59915747430215
56.12380243118491
55.986076729301566
129.12799152362982
87.42553750909238
64.56275032906404
54.26071148093246
127.28399428807133
91.48261828215894
63.748862503034715
68.127148237017
144.7248879790713
121.50405610563192
82.04262850383918
66.93158105386085
138.7708313657555
119.64517947556129
80.95460299912793
62.27001398527423
131.90167302113275
95.06372914953377
69.28206769982285
75.82565441734137
147.50741553645457
126.15758304448167
87.75580384231058
70.99644380913504
147.16388892483516
138.46938795783257
91.71156895645115
61.32646687939134
135.06171116005814
126.02679867757477
77.38562696542493
93.22492858550086
179.97511488313438
174.35471147587333
129.11819231161917
87.05632823120776
178.30277236339595
165.09290163029502
109.93438634393955
70.96801106685004
164.51533710730837
156.03903880329895
100.13593611773256
77.01734371045052
173.4659064235812
165.0582471940427
101.39118748686815
59.38052632658219
158.87544801515986
150.76625124131755
87.43063040070129
101.94559299271931
207.58820610537123
203.59929333706663
162.68313607763167
140.40184258967517
240.18307292230102
236.80051835987146
199.94691564472382
123.1522072979933
214.7161921749233
211.3599398099716
176.06325311089458
104.7963820450813
187.5595393693247
185.265503652859
159.53599957325807
84.74739558076756
160.02554216199346
157.35029238099028
133.55338879007456
71.89192640727511
152.43157731976467
147.46527226814723
101.21354809567325
72.32147912633438
147.74033210013997
141.40005197665033
86.36702374074679
62.026347364017
147.76790326708806
136.3906208377057
70.47624739907474
47.63121486531738
121.77188323761128
108.70954152612387
50.959610496138616
55.55195416382049
135.07196324248022
120.69407285981434
60.32765059626185
53.95482787811213
137.5948757091056
117.10514678839778
57.99213264613492
43.59511859098698
120.29069193636053
59.90081671253122
43.92965831679539
48.41931193885407
132.60963554995638
97.2534267651389
49.32253771643839
44.47151337386308
114.66137921444584
47.91241206254677
44.63652820657592
56.57884169128834
140.606027609031
74.13315563498146
57.177872415677925
48.3363788609879
137.1832487238382
71.12090760340084
48.871758434881244
48.07682332101714
137.9528826313479
67.7137663301084
48.481781492773386
37.028918787741894
130.06434757947645
58.282878387999205
37.39394570106144
45.10381436842582
142.1674492091102
97.20270863446189
45.93850982581302
61.75589401470741
168.70838562272874
134.71075327629384
63.827906932662835
70.67440376682852
173.44152276210596
144.4599900553536
73.68251168828823
84.16970780297522
176.2445920444654
163.29651754577694
90.55113744125124
92.83890105155876
175.1110391886413
163.57509709154706
101.82055424040233
89.01255391473758
176.94658926313755
162.17471950451556
99.38874548434367
111.62074581660505
215.73902350520572
198.1820852950398
122.22532224996343
93.57203042705028
207.75543229096377
189.76199197105947
103.89150746090479
100.88276588635492
217.76896546096418
207.6490707607377
123.30932604721148
103.24997728671256
213.30165242375307
189.88830671040654
111.87459517316958
89.84167759745654
205.49011080099314
173.67151908777296
96.42469616100371
125.36681889194891
233.65124135074942
211.07407418581954
134.86438001674
132.17357916570165
233.16999753408518
209.33977018637785
140.17390487038352
146.15490771161188
247.66882366481047
228.34198105904213
156.1632721138801
155.98426537889813
256.1856666232947
239.76572746225017
167.55494170798355
150.34066510333082
248.85074881906604
222.76080645157643
158.4851574525839
137.71189311683221
234.66652148933093
216.81669882436842
148.03431662867516
114.73666122271854
212.7593380302848
188.81017433875456
123.89187484041919
85.71466843829772
189.31963172396306
169.08016842364805
95.89506799302256
101.41273862528185
196.2196008747064
170.4683645221657
111.11575596312717
125.35836821290623
229.64798171621115
217.8716607108365
146.94899983904983
108.52964444077766
214.37018652500063
187.26085985661967
113.41701618520233
88.27525031876564
183.96030652700216
169.55328802251915
94.01186673500277
86.6554282648602
176.85351057089662
167.7226353722881
92.79849990807175
85.31618509570232
183.7288685803428
164.31280831466782
89.63032760473571
62.6641904690082
155.77449973427335
130.823965028127
64.68910344393296
52.049373094956636
133.77565301958168
105.18380816440833
53.083181324836914
46.170360982314456
133.58487152804346
108.45639373105365
47.16001286549513
44.1905072528837
133.46064649480357
94.64634312315219
45.12007716808297
43.80696745526681
141.99021009603828
81.64600761577785
44.434406561822314
44.65273832209559
145.10724884893617
96.831213268475
46.25029496271613
50.744400040573524
149.4933336643885
101.29374958584462
51.6356421430466
53.83822464675647
141.6834240678881
93.3892823066329
54.93253717128251
64.06152667067462
156.43231877776302
101.67195805912908
65.1132891134258
64.905605027523
145.8718490780878
81.51580428999357
65.77157537589089
65.06538350629299
150.45607937252763
102.84327579995268
67.53206870744496
70.90220693764671
149.2730335291063
80.67018856701968
71.4922343674967
80.46925182638655
155.27839623828314
93.92849641391754
83.13052369643317
75.39809424330645
150.3534685555282
81.2121695831005
77.09460305996281
97.05272923463055
166.44582313497554
106.84598441820161
97.72444391960147
132.62341412359916
194.7818397454235
142.1816665902157
133.7678623329179
132.11438842115328
188.67931021693394
136.55243649137316
132.69910335170468
133.02837007140377
188.36222297109202
136.88276855754256
133.32620995075578
150.33046833705598
211.31065520356722
155.0543813708372
150.81693272897633
145.12799547413832
198.81383304106532
147.46666219718483
145.27883369022555
171.06479388989527
219.47749499323737
172.6964324239581
171.1673451990961
165.2185387353437
218.49272837251834
166.9138448914159
165.32007282270365
142.8334243840485
190.90166274749015
143.6701637741547
142.8884396237862
157.7320658759054
197.615952899073
158.52780484606825
157.7950299741087
163.6277651462191
197.60679647401568
164.12636145019889
163.6656403191501
163.2174706372294
196.1118116047168
163.83813377310145
163.2601297727844
167.86872631266343
199.96713793636295
168.47049455397814
167.91085195331127
141.08902456318194
180.41087751037307
142.00664447306613
141.13969099728732
152.97459679739987
189.47888766939073
154.27464917441074
153.0634796383253
127.39197032694658
161.99356845389514
128.39655449063875
127.44056272603376
121.07633623936817
156.246647437959
121.99210246548182
121.12420794841775
139.23033277638072
179.36859129168428
141.080962617147
139.36159919367657
124.11655696160567
149.88498330863055
124.34211850665004
124.12450569243556
141.12126435336725
176.22608633873367
141.8657150924452
141.13807557259184
124.00871179205794
146.41615933446909
124.34740294085528
124.28651437055922
139.4349786320308
169.1480195857169
140.12384397816993
139.4808170825957
109.90932558687432
142.48218585856242
110.48680476178195
109.94162240402228
93.91219038320735
120.18345608163911
94.40887624065326
93.9247130846147
83.01656429901246
107.56453390431942
83.50249745462355
83.03603846025706
74.87639521026578
104.68717253422002
75.91507186218551
74.9358980785936
73.04306925866726
119.70907026123271
74.83175654896912
79.87681156997371
71.31708856993023
115.1241413810664
73.53003313269473
71.66897174804137
71.91239387928714
108.0104864173085
72.65518750555798
71.94010836652856
90.83008703889233
130.42689797588756
91.55047661634028
90.8646859833584
77.41186099244382
110.93099638938571
77.80395529558568
78.80667484410807
82.36504081011786
117.42002724399755
84.38312807517784
82.40796850472837
63.40919230840572
99.42205457312988
65.305421870318
63.59187397772101
77.42869461899998
118.49792471844599
79.50605660946572
77.62382974983785
76.74129728324705
119.1095779233462
78.22335053744149
77.15308828942064
95.03551892470497
145.92555708906735
100.58258217276621
95.31640977780215
116.94211901457844
155.3048706987005
120.65573005028327
117.04396428662851
140.51985006970114
176.80485001377605
141.17128638140045
140.53675214923382
104.62994195726206
147.0191221189985
105.89761611289136
104.64543624492752
101.7305820672045
139.52592066078333
104.28198873467036
101.75261465302079
101.35446235245497
136.15901502119604
102.53811168966963
101.3640754301528
93.96803210735774
127.9378885241558
94.85237766695037
93.97902972251376
74.29450873338243
111.43741539813047
76.14862431276842
74.30444642782284
72.96629870643977
114.76315970112866
83.83400505191001
72.98789488972835
88.57545195481714
131.69376368728047
113.99417376801816
89.07992256826503
76.72199291612344
123.3164556517295
97.01700191887413
76.94338338730867
70.41798571894938
119.84452688058244
101.05355991071899
70.51464531803872
67.4348082011742
126.60663056821812
103.21570212554211
67.80490441382887
80.69156755669648
130.61187929905455
108.11914286526553
80.77484530473201
84.73274629881854
145.14433620286547
110.13177062011398
84.79580477603241
76.78526146490825
141.9871513822793
96.28987584071315
76.96466413266464
69.85162677604302
131.53561527330558
76.357720843025
69.95066439241913
61.91640404788003
117.26123405850143
73.73613484299585
61.94017283228318
69.6611764546019
114.21453109137495
76.76749746532553
69.67586392648023
62.575101597247624
112.4989990153376
74.37454029448448
62.595286379856645
65.05103691714598
106.81608117547232
66.82483613932075
65.05918712701055
56.33787055429139
94.2213195677085
60.95236070478733
56.348425665672956
46.9256011165784
89.96824740070042
47.79584961827348
46.93303300405309
52.08681103063026
103.92311852896744
52.48277520316065
52.09058677764014
37.96165839946679
70.6298933712412
38.30057423485752
37.965429331139376
38.73771164319704
77.92693414260845
39.99350206705294
38.74647515999553
38.560121388527975
74.2014776483332
39.142091978780705
38.56450322876826
43.551817921508636
82.06166396870765
52.08363188841069
43.56092405548821
50.72988430957124
93.94717827282054
53.55506619002582
51.4265866356903
40.419552554479495
83.84522804276584
42.019319323042474
40.42635702655042
37.515654922296584
82.26046789069309
38.24171996797867
37.47448818374276
29.69745216250474
71.45237526369202
30.437220437499295
30.56419801888999
35.391271718320425
85.36453826946351
35.91115297556969
35.40180369400325
33.015154924237855
75.88526205874238
33.14150781769392
33.01724469963526
46.61183814354908
104.25315061615028
47.82431750520661
46.81943847664252
52.35890286975842
106.29870926117576
52.82857692919389
52.367434603445034
69.52348023637343
144.93608087782087
99.01940165251254
70.24551006989128
64.21650933339335
135.20728249804515
80.18496146821977
64.39864538899657
68.34645743970913
140.2564175691021
102.35722470835888
68.71754301349999
58.61199647333152
123.6324280395353
89.67676982355277
58.93616799028045
33.32344446255256
98.11610776906926
72.07047133156279
33.56295334086613
40.496371458221184
107.7543968429359
92.08843368477082
40.85988031489679
43.34790419699991
105.65262317260735
92.01435538125595
43.73712374957773
28.204090036081382
85.81375532606167
56.27330406193971
28.31935064640206
19.338328582968426
61.33483562411982
20.15825693532499
19.35359222485813
24.38193917134707
74.11215730671432
26.666562881448417
24.427988653990546
28.100734636950754
79.37033943700632
30.754342758394383
28.127469362867267
17.62681576242686
51.00346670798923
18.059239805544337
17.628605284716663
14.596022212907712
53.856538304514594
28.605306172661354
14.608542179583498
18.887116623400466
49.061739987364014
18.99120693411514
18.887634785724252
16.286508092521732
43.02644122626986
16.45686426568268
16.286498291550583
26.60850195827087
57.79473287082126
26.88084161042203
26.608056360968757
23.40185606597012
56.738691466574195
23.5021836256861
23.40172992204113
21.818127906622532
52.63123254306273
21.852655528373678
21.8180702517072
22.966754940936582
55.00336328346399
23.010603514039193
22.965765765765667
28.948009092929578
64.58117234770795
29.049838469008392
28.94844876710503
16.57954044188558
48.211200852797226
16.63717572931816
16.57964567984736
15.456312688599894
43.51539756179179
15.52413692213868
15.456422168221156
16.347120998162236
47.56727799002318
16.50008139263895
16.34752841266479
10.48961898204417
34.261104635627206
10.645956071487236
10.490483626791997
12.054694416002665
39.004059915692814
12.80915976564497
12.058418031183427
13.463779343049678
37.91058816022096
13.60573328873797
13.465742482702408
12.94690795516632
36.01883257886661
13.046055771258574
12.94864630494214
13.403075598978361
37.24182036959482
13.562780466696704
13.404721838408715
14.652029621579064
44.6356962218571
15.07914610792689
14.654742151346001
19.937673125267786
57.61904380307569
23.97299891577916
19.943928779978016
26.943580714444366
68.76903034848168
47.16093356378873
26.973095302457864
29.509484431051337
69.41659316990618
42.98490258591201
29.527940871979595
43.06293989022041
83.41842580557984
61.48609796294438
43.10485131123358
49.22795571143029
91.08015315183451
77.2092763673639
49.341236521361694
82.22803287717437
123.54094176551212
112.42118041345078
82.64237034371544
74.16652908413134
112.47804329650273
92.32681655154532
74.24333765399126
107.12547080799794
136.45117162025593
126.49390904229162
107.36760286871595
118.58690248274821
147.05973341918943
135.404702507046
118.75462570524556
155.11726586155314
184.17650709195235
170.54270969504674
155.25633459408098
155.8365513125997
182.53515850526443
169.92176963387502
155.98690140373677
149.29123503258563
173.9819054897337
164.76990598910342
149.44828876400814
157.50531019639345
188.78805769133658
179.00918857277352
157.67645970306026
159.3434025066921
185.4665832038656
177.86947764494482
159.5044052423742
157.57998122485904
181.49386353708448
178.42049971996224
157.8539854356652
162.26505887108573
185.0015427924573
182.34079104709014
162.61201779466077
189.6470771398954
216.61410738812384
212.7153404844487
190.0286669290355
149.6785917008545
186.8855100042756
181.32517540384904
150.06884150216828
156.84082983951052
207.37622349093706
197.44529755273473
157.29872353063982
173.8562496771266
215.22812210975144
211.25093900652243
174.66024555371317
176.63864626279835
209.25221692657328
196.5781055983046
176.99730054315708
160.70622117147104
192.2872730909408
179.2445021227427
160.90407901192242
165.13800058561336
201.0165379512345
188.60277998617082
165.37930808503262
152.39722350710844
180.80407262901076
173.37857188299938
152.85002345943388
132.5351108391298
167.06984176778047
156.2286323143713
132.7184720028685
122.68409364254646
155.11579453645183
136.74711070214752
122.77652013548682
155.41683631486262
188.09420583964788
183.86586525831913
156.06661498613113
153.3677959259368
193.40775900097103
186.14762412486988
153.8847082541758
157.86187920754494
186.42856329917228
184.14258138630748
158.55395678313724
160.44402536862836
181.9952327393236
179.80060256412003
161.10701689264513
148.272636327024
166.45956318439326
163.68243051661938
148.73232572375412
156.32643865808555
178.52707112797924
172.15096517202113
156.70091256207834
144.94531837801017
179.0137223221339
165.96656738609366
145.5019537069427
129.20946835011645
158.89913586861203
129.47381072837447
129.21671215099533
148.72191157295686
179.6519029347291
149.05412737312002
148.73219124683024
156.23893482214072
184.92916114164234
156.5714883056213
156.25462374564947
169.59262115086452
198.40381466302964
170.00653767387374
169.6041310471631
153.84601261298965
190.4338220894632
154.40003265889194
153.85791518011106
116.73699786954211
157.5059674312443
116.99522296212103
116.7411154151801
89.33541799032763
126.99273390985545
89.83096376246479
89.34558138613521
87.39910477920291
122.37588533498972
87.99530373179284
87.41053812636733
64.68066311315222
95.90755800893699
64.78573956957503
64.6860490840547
55.9954976185749
89.82450729513452
56.140132838572384
56.003428605798106
62.41775946231454
105.9818039380695
62.667599848562894
62.42733310257902
61.78558640023357
100.12191816949807
61.97989566075603
61.79205864923883
48.63596175207192
86.49144398287217
48.75413801888385
48.64045089706387
56.194781274973494
100.62784892033417
56.37783775040703
56.20209097761302
80.93368539965121
123.74634224870017
81.48945263024359
80.95157798217787
68.0325935935934
107.84040392369141
68.28764602372162
68.04283549513111
72.6009950092228
111.96666869679743
72.68063951832872
72.60860685025331
55.34185567246855
86.6175977372987
55.37700590507058
55.34944103101984
74.58063703972208
114.7084858204296
74.65477008793106
74.58635782030365
60.020007938884326
97.17416747544883
60.04367408938939
60.02011483261663
85.97656858263879
129.77409300438615
86.02640791525656
85.98448927377432
47.63339274031722
92.53547375984552
47.65100105652399
47.633519297661515
33.51591300803073
74.27966555637826
33.533382184157745
33.516138022667214
43.57428856381628
93.06578012613818
43.61767048853377
43.57472173096615
41.73842900508919
90.5697216947476
41.81162180691355
41.738943760614895
47.829118534993476
91.96287786932889
47.8648810350722
47.82994315810995
31.227664867932905
76.4197683403971
31.284902379427646
31.22797741195069
31.333353896284216
76.51989490777883
31.424996952570673
31.33407360908824
34.69783300748119
77.16736058189409
34.880745385442076
34.70022898662939
34.7402183890946
73.16049133865437
34.80946455235062
34.74206465853814
33.97909082633154
63.05053755414594
34.01876233067606
33.979932309575545
30.997968523396676
70.96342695093382
31.324486215642406
31.00134875870353
20.7323917190052
50.97316682991229
21.129872333835994
20.735709515192745
15.959061195100551
45.43267305695166
17.181614390555414
15.968488508349429
17.76250964790696
51.74977820948731
23.554833362146013
17.79265156042359
12.221808736089965
36.234471950879346
14.117882656823426
12.233601842751035
17.462007179137615
39.82481653199626
19.28803873466236
17.479082908905603
16.14200756488058
36.487102985387025
16.961777147893482
16.152321784710434
18.33695820792712
44.20746415646834
19.914293065772657
18.362267808488284
16.98475639278244
49.65995256676969
23.70204335214346
17.11469628148929
20.654134636035085
55.792783662645505
23.08315427568274
20.711441832283693
20.509812698329345
52.68885145278667
22.035564042550664
20.544586389718855
23.579348244533787
57.00221989751886
25.928457420964197
23.623609778057727
18.22690868081975
50.261041146951136
19.394880515701914
18.244100314067623
23.945421293505202
69.69751295149774
27.561041053470596
23.981113554198146
38.798471274872306
93.90961178863596
48.060750490691774
38.878991259533876
33.664644272255366
76.1340172986128
36.6998504593937
33.70897854090696
25.046574467982584
67.8689069740004
39.24323618990475
25.120844191372935
29.956490176616995
68.02996654279485
37.069754396074615
30.003343982824212
36.32348913862017
78.52086783781029
42.254674977163354
36.384416826302264
50.984535010868186
98.99008629487307
79.14671370119605
51.17204194202131
47.94789751406805
95.01094948186515
75.556052857123
48.00067075213118
29.555896496503436
67.91058330687287
44.46665265374454
29.57761624573308
26.133159628462295
65.6024636312525
39.046933174679374
26.14872624876735
24.509601352597745
62.19694604796715
37.83582649951148
24.51717035830312
23.46870535295895
60.99982751318223
33.368104720201046
23.474067973908912
28.31547460955209
69.60893056701501
35.8469769420984
28.319951524517265
23.845125163198645
63.06037514704647
24.991698325179996
23.847871267131392
19.044692294372815
60.03905317035767
40.82264519126098
19.052891364398494
19.76688948583471
66.44315803951787
30.264752935892407
19.776732038410238
23.212011662986594
76.72780760741936
52.34995776673772
23.22638090244468
19.17983286182732
69.7231439203404
47.141060481426926
19.191623446467933
13.269913315635522
56.946330581896746
36.56058356771874
13.275521099388635
14.525665340599785
54.52528531957145
19.176921283072346
14.527357881131966
14.956395589874687
57.79355884596134
16.866020166547642
14.958129457551742
17.139376865897358
54.885275942712255
17.7026168222256
17.140760495059162
16.721778185779666
50.173144831879355
16.932940549707414
16.72303912066641
16.230316978960094
51.854539559094036
16.463854224415226
16.232565963902196
17.30230677938333
49.781260098674764
20.407165017531984
17.304475234331417
23.281835264294156
65.98662574464201
29.68564336096399
23.283754431549493
31.57600829255055
79.46781928351376
32.402256933725546
31.579167472900508
33.24294876251681
78.67974030865949
33.68665986296676
33.243307383516424
34.417386494688415
76.00024552639778
35.31415725943799
34.4184604473166
34.93281086324113
79.21315107001071
35.37348991437179
34.93297677736735
33.02870367909108
78.0657133820691
33.27148384084405
33.02930244025687
39.551757805982604
93.7415242623253
41.82871621668747
39.55678124363387
33.41736936381869
75.27283363645778
33.71817608489265
33.425909298035464
26.739632791327114
74.8603148603467
27.093298883861237
26.743489429704763
33.50710307225327
80.71884496927156
33.60581814191685
33.50942518485655
35.329276924267475
78.55005098072255
35.5682154053633
35.334657168339675
38.6309209545824
90.94478863219405
38.85423197959498
38.635405036412735
29.827909437674336
85.84582816698513
30.044533825548015
29.830564228812634
33.466488028868376
85.96558771373614
33.69528933521784
33.46802790247197
39.64269721162171
87.89801544193553
40.224880176620644
39.64514881260166
33.72734902733817
79.36746699310432
34.665834448237916
33.73099002035227
34.05874423638577
78.67436044872579
34.644189275380114
34.06358701186819
30.300080955057496
74.9547344434068
36.77419813151434
30.306431197281913
19.179675814526302
58.59529640182125
20.859739996946633
19.1821141032838
20.359898411257102
59.040633670928116
33.99918690187841
20.364070145173862
25.391018470014917
61.545336156955884
37.245653007133335
25.39584367278239
23.684080594397386
54.613739951892356
37.078316390136465
23.689514144688776
19.36688945583644
51.86476536768073
30.39321781802386
19.371912239507353
22.58618375865192
54.30608365214815
32.56471428560011
22.59202436701003
18.55965061811166
48.89699272911007
22.881422791094323
18.56257123468124
35.34818008363126
72.60246395663171
55.565831586028416
35.37142897223732
35.13764253666465
73.6338709007783
50.39737607757384
35.14898397722945
28.961774846480793
69.50042170546038
43.55581050649371
28.981399060238072
32.607803311937445
71.31386896685595
40.971612116046046
32.62405841071408
32.207726338858436
69.06016778647495
49.54679428189886
32.26601862494273
26.064728980473657
65.4945138757093
55.442331742197425
26.455651650775472
19.014232612247383
47.833878575163055
32.27533215233105
19.04213577440037
13.324875266956633
41.78691969243732
24.814810676371714
13.353813055547732
14.08882912721733
49.932866780797426
42.10704881205173
14.447716160619631
13.01063206195942
49.603134111534104
39.54729199969915
13.292730959601526
10.438529698370761
48.2504236546265
28.604700941223975
10.615341901259995
9.955533342446424
32.21494917942136
10.412026536771611
9.9581664291994
11.68919668692277
41.9039096204676
12.33229912636842
11.693563937637878
12.014604377551445
49.748781813725884
12.753579603674973
12.020918181460452
10.309924921011076
40.91188983755421
10.55077683642047
10.313656635407863
19.850575137276245
53.40013059476851
20.39670585395361
19.860137267990783
19.84452858142169
53.25993784001906
20.257608203227
19.84975682744047
18.341807031525875
55.5148005769855
19.061396225377415
18.351576704426698
26.930517846009398
65.2162860552722
27.70554323409636
26.93885986225274
36.38935090600539
75.60995944828846
41.94657692184568
36.41673029302111
51.48833000928969
94.09712524542283
62.491197417786104
51.68069052329827
38.07119143559037
79.32690330622704
51.699054689915556
38.26962189902306
37.642932272997534
83.0993804716817
53.552056417468286
37.88441594866018
45.03264536858382
86.38797893503532
53.039329959291564
45.22965231322986
40.995259616599654
91.1238853832808
50.61324769603107
41.48101753396347
33.935206346498276
83.34870778389208
48.825676467912714
34.62012235463425
59.04142051236946
107.55326661684647
76.5081677867061
60.287316199107686
77.25352804847485
119.88602610004274
102.49634812576363
79.18946509418592
76.29509494673488
112.59982095526604
95.48100976334628
77.75963188655923
78.79089188558758
119.36475134529036
103.57482902660331
80.69446015669611
87.14035090234846
125.75843387838133
115.16514415611273
90.25738695866477
86.27462136075866
125.17769997483393
115.44558284164812
89.4963489454544
119.22291171281996
153.20109672811006
149.634376481648
127.3154566297157
102.45975972411311
145.45762270808447
138.09183915214243
107.4827801342124
83.14445128942205
128.5371385342427
119.07269626005325
86.96140367235975
94.5189495201168
140.03797202184052
131.2583402694683
99.58194838820116
96.57697968520648
141.1321049020026
128.08442081367127
99.79067241434232
94.04092711848712
135.30295824917553
108.55943653121766
95.1106519101207
120.66858833564562
164.81895912553682
134.65143575088842
121.98250617717211
123.18769212618905
170.3569248514207
135.80926494247205
124.57294879673756
152.3620658547372
189.59420813187106
163.00589309568034
153.81748730515037
170.45175286806105
205.29093025705566
180.22499868932928
171.50364753154295
166.84937954925923
205.04717448719967
181.94363605980962
169.0865256662418
171.63234413368218
210.20761727192783
192.06681664490117
173.65145914325228
158.04937050377515
204.1409462622992
189.69635154215064
160.61936907686027
153.4138488731987
204.83032631151463
157.94627004779687
153.88399705322
137.51378070425227
177.20793087950165
149.31490095467692
138.3649388499063
188.19458711338427
226.16134905797392
220.88077711188643
193.82601632865757
157.43637048434556
198.34943762713104
190.65879716149735
162.22969788875452
169.60242025320306
202.43836602337663
202.26299613382324
201.73666596929596
169.5098323705351
208.69142568516406
208.41736894804333
207.49837671054252
171.9468277570867
201.307924618563
200.7409857224022
198.0112081516659
188.18995183197458
211.32306609159946
211.08044952772022
210.25316432562255
186.70133772954782
213.2381945769772
213.17191469476901
212.97313488001188
197.7312539603395
224.77456768053744
224.6983848230041
224.47379335137586
210.10155426552026
227.47506743082226
227.25866693141057
226.36703043708218
161.53255709879744
186.56172060072697
184.24415593999024
168.9885252049229
167.00890220541558
186.21951818749068
186.14674376607448
185.87883950415087
156.71186979419068
167.90815889764684
166.23503470418902
158.4203214333256
155.90070660370748
163.92596363150017
163.91027545811977
163.86225591026638
154.23540297838395
163.1609660362661
163.14045503334148
163.0744456532954
157.33638069625687
169.92153198112737
169.70558033086957
168.61663438270145
124.41609127083007
140.4896768662262
137.31923207414326
126.01950786986255
110.41122013195633
135.97192760510487
131.89149630719436
113.03968009092792
93.6249957336226
123.34651294985142
121.48494996963375
110.3742710902555
72.03106443266195
107.86037068940308
105.28471604861967
95.08611361896921
79.75110480369129
113.1279369390389
111.27315056004166
102.94802798651767
76.76577931534662
106.4084333288993
105.83650571627673
103.79059885476927
74.87244339080375
106.51372341916509
104.52723114513307
92.37243437944846
78.76780502209576
108.21022306053992
107.49810090506729
104.53141760066046
89.80470424528073
119.60178830864835
117.31426444557957
107.70168824268646
71.92445534733639
98.21886378253697
96.26307342918753
83.60226565040911
85.71349580592003
114.90482906060885
114.0728527710379
107.13739369861169
73.31035249510741
106.10716495465603
104.529454291548
88.78601992775798
106.23679921937583
131.8314164170949
131.19128321453923
125.8902579997716
113.03635117965295
125.34299664110155
124.82512992621861
119.8122183597961
99.84768201376724
118.20267256898101
117.21463493006891
106.76690938952451
77.4255226999343
107.40821806339723
104.67625838627508
82.303847343433
99.78905016992609
118.04233696192891
117.2395619765083
108.01911261509866
107.66101404716437
121.05142450026733
120.54424850858287
113.51684598917521
122.37086288649763
139.78200087686798
139.25333395002593
132.5119125472398
130.3123090509223
151.14949095348126
149.97090147130734
138.14707760204837
140.5464281659436
156.08104057645085
154.93334192712982
145.0686243370832
148.80831064911712
174.28698442693855
171.65116319091902
153.93966749241864
149.85025177368112
169.0168537937763
166.74744531185198
152.94543602032795
131.56429206256558
160.89117059908995
157.5566585054672
135.8537573267132
71.31620724949573
124.12832666889962
91.05510896340459
72.331440370592
91.54255663099612
148.07640452307336
124.7176809436775
94.11346906281507
59.8181228100275
125.53767823875509
81.18479639114872
60.94430735075344
45.53095558499495
115.15764442564443
54.55886010952128
46.07876194587372
90.48921690001335
165.2675055271182
129.01466644596871
92.46269086165456
96.73138808927803
169.11817010529597
125.54349482653356
98.16679909439729
91.62598582876336
164.51163471981445
117.79663336372225
92.76491326366558
122.42728395187494
174.86162336517475
155.66681281285685
124.94171842396575
149.3625002686539
191.0540832253601
178.9648989236248
151.99135313988688
164.31316120100635
198.40481185040235
183.29982185790493
166.0076047477227
134.20230150374863
174.74634290715323
157.95566542057477
135.7148200918888
120.60552682284465
164.6067995521648
141.49421497473435
121.54952463705135
125.98621656953857
163.5521710741327
145.3864692643162
127.25984055022933
126.39099081896966
172.50066357009706
148.30797339632144
127.67059994753501
146.62154598077296
181.97154427028556
161.4885781129162
147.770458922537
112.15052350120902
151.59483879561986
135.81621462900335
113.76543656174697
125.79297929200703
152.32013328449452
145.80629056786398
127.73982407162754
132.47175325165742
155.34656875336705
148.66547873229706
133.74852407629984
134.6508144874762
154.7308811635479
148.27532123826074
135.48055038764198
128.06861554830138
153.96029317674515
144.98893385288014
128.56583745455373
112.09032593217071
143.89120489379684
129.3393927951869
113.02368683977944
133.67790845768346
157.71642170321982
148.51507657582965
134.83218927646655
115.48347885004637
152.8953242319674
141.51621100151445
117.66633151348526
108.9788632920694
147.8918563683534
136.61759497380396
110.50987661575462
111.34978453868183
146.41904999212304
137.93970513197453
112.50187669907949
102.74407320122123
140.1172626887823
133.43904022702904
104.5104412420045
62.273601533130524
111.27024517659635
98.18446370824712
63.344270997300036
87.02489547926967
131.30093393128024
123.81589071967952
88.97066342095918
117.62799704335913
157.76477215231102
152.21548857879026
121.44272530406188
122.59682763618824
158.46518926943105
155.83413974469175
132.96770422310354
73.25557315081124
120.208964826378
112.79809167335709
76.15665903838342
77.15791308350289
125.89686230893491
117.73481325361494
79.48753281480181
84.80064761832233
134.9308760137791
127.21738872952658
87.10607186918263
88.93545715248814
133.17135988230115
124.77618978850413
90.22868490725018
