184.877623140985
10.405947512073558
14.58507149701277
110.22349243904766
186.15724042426265
10.775085191721779
27.595128564273086
155.8446896186874
185.7168917480152
10.739437568024186
32.79013078365768
169.83900988032724
184.01515884027845
10.900846744624092
49.4358871416218
177.80465302210405
187.051066885872
11.23034645760118
78.51965085929302
181.54746515819667
187.88146207437546
10.546028127030132
17.201791101512942
161.57734103257184
186.0327768689439
10.512292562782688
14.660356464199788
160.59356897646546
188.38461815748485
10.63024192468129
21.316196169171295
168.45627409882482
181.29410192909896
10.88006222007569
45.53203113834387
174.59497262940454
178.4786132192231
10.854376068850074
48.12641077404053
171.4746152374476
174.71035257894604
10.998557560895689
69.88505483652747
171.27837680611117
181.5312430570772
10.958370066866108
43.43904530665024
178.51774786687392
179.56860721036196
10.787592795345088
29.5282054014244
172.0895504345596
179.3581231494577
10.810352233789517
44.76315423535425
168.935871198676
181.4922911489412
10.958084762925166
62.922255633987355
176.09721835161733
184.87096840602774
11.463240345057818
125.84488794910263
182.74547339208527
184.8179616292369
11.570771826095584
136.89064934578772
182.57432956044417
185.22648815489572
11.332416105045095
125.13324958017122
182.18355016664952
189.3091542184502
11.098397086574867
86.02472748796396
185.15706448568397
185.336038883885
11.100904240188353
81.11826417831224
179.53643130796198
189.77007411964985
10.90169928355204
47.37815471175193
179.8460795337998
193.11936562476444
11.139134973460258
40.672130428522834
185.63144730786644
191.21345980537652
11.074285012593396
22.69763586938396
165.64157372976402
190.158719928212
10.588466487357811
23.98819457051432
165.61633392624833
191.0121264453224
10.725654807722883
29.927456851051666
165.42845023431724
189.78527581110558
10.494373842812422
18.355335088568047
139.11001156287782
189.1711533510219
10.72943518509148
31.77693792012751
158.1076714388247
190.47693799533425
10.774053645911495
33.576721694428365
162.88290262640874
187.35874098006366
10.583008679040171
23.481363593386828
141.33461915787518
187.33787019415917
10.590190070041174
24.64133692089957
148.65112775657875
188.62528829950085
10.588096470313538
26.197930928828228
149.39804818273706
187.2752262954786
10.53754482762545
24.57466065343295
152.025215789569
190.09050845075564
10.819216993972113
35.364205632768005
168.1234375771103
192.6632042023924
10.407943984137576
18.12502673925376
121.70667428686448
190.87426985243746
10.27610401289827
14.272613639562552
88.56476168924249
187.29189647824654
10.78740689409428
12.9364641407121
77.13548224900771
182.56836011187957
10.13106283008075
13.10819563104615
61.84620845247852
187.6156412510206
10.212349369055831
13.806327032424825
78.18054628551371
188.94733747181346
10.214228624451097
12.08370027733484
56.808514761583645
192.73715589632272
10.309628922024821
13.573181795241677
69.07377965305707
192.67044587042042
10.315797010062093
14.941155740220779
68.15969842296481
190.224781884168
10.356264186482237
15.094064243842636
73.34616198271607
189.6938642245737
10.151012366019494
12.973483717046452
52.160605008498486
190.91720474285634
10.39391876790948
13.992975528179738
64.06299502773824
188.98076585589163
10.14485951139679
13.68163962126655
58.41862718633709
187.71129379669148
10.117217588680209
14.573381283926421
60.677170452572895
189.66903845767655
10.495512950086628
17.875527523883697
91.62219545262934
192.51596878616692
10.831460417138365
19.49286016860391
125.46395196851023
192.45213875578548
10.721740299352302
33.30923190026779
169.75112025962483
189.57289247308782
10.512318327858981
20.83483942576498
158.91022385175125
189.48943661915024
10.494305921634965
21.9409982674148
149.45509176811095
191.92837158048368
10.40130685726693
17.89242692025477
126.14365726523317
194.74933557394797
10.300003273751122
15.278506022022638
103.87989154390019
190.38510229593493
10.117236462267474
13.110201330937233
66.39045445424917
191.7585460789741
10.218348535969533
13.47701020093295
72.9976169233021
194.00728510900296
10.22126888037537
12.818535173075848
65.2712243535719
189.50165906957537
10.226052355667726
12.829830871873828
61.47492950969023
191.53874088871527
10.157939118007798
12.256451857615959
54.37808791191425
192.57428747176093
10.345403188319596
12.266916117239823
48.808317903227774
195.11561507805746
10.408034281871998
11.5258357280654
35.22260416982555
193.1868015428202
10.15243375153371
12.762302915056276
43.34545620109085
190.4706610920024
10.717058376685152
12.451759770518876
41.69351559441329
188.39114359220792
10.304139187880935
13.266082889740224
45.99512677737352
187.5862724426401
10.431432428550362
13.187252206450166
46.90699701951447
186.8211843376165
10.12810028341311
12.962167339276819
51.79463613895869
187.8530007803529
10.407038192586262
12.583342188925055
61.045217102677945
190.82318644587178
10.466608990258948
12.142348012159887
43.431834005688735
189.06282438952786
10.225286816834837
11.26522196494515
31.654491140974788
189.39548290521822
10.30184893081071
11.183641316500191
36.418547096386924
186.32947074593972
9.958619489647393
10.98318668207039
32.726913289549856
185.07718847691896
9.856233740552607
10.632577554796317
23.56079027140088
183.18732096754403
9.836651846075574
10.511069161518407
20.372181412567716
185.13193240641027
9.866167269115863
10.51486920334632
22.03792730852691
183.40040554244504
9.835381640993624
10.603570789895116
26.651541489054633
183.99466302452095
9.896594181592256
10.874478452352434
33.030133509963036
184.06046520997188
9.83897049318149
10.614042923540941
25.194213589984418
184.15303164074908
9.968876906603969
10.878539422203412
32.82165675820211
185.16522352118952
9.99634584215924
10.921815441969343
29.52094872153225
184.55373354756148
10.184203197981684
11.281459355473418
51.53367794118967
184.7936389863248
10.116442749774968
11.113444898403959
40.89764657423934
182.160797623743
10.097329149783912
11.23205554691823
48.12153741604013
184.03972910911932
9.934852869861775
10.646782649437753
26.013610083486338
186.3324125557427
9.932630273351988
10.5459438982589
21.493392660963703
184.021715245984
10.085235816892194
11.254025274451948
29.433722072292845
187.55288304296496
10.368697549483448
11.668046206543371
60.939050334594896
192.65747842684357
11.051953442753478
11.811149145691653
62.22851863255347
192.86892516614014
10.817684556522284
12.971600311032859
78.44041909438883
194.30345677092419
10.611430011081048
13.099961690181642
122.0692222860941
195.76567721819242
10.804965585346357
15.684830872346213
132.79452734274406
193.3203213597132
10.62169989046112
14.045347681728078
102.11970936100829
193.9999008309552
10.638925220820784
14.067109611353604
122.68457228475663
190.09216930286073
10.560112432843454
14.082170616695315
123.95481753983798
192.13369750787223
10.614469694581548
15.285217386411912
142.38962332854314
191.94163904073216
10.35129355132887
12.035087970962323
69.62731299684219
190.40352599158567
10.315839630381468
11.417106631095512
55.15546054707507
190.0034290641561
10.367593123438834
11.425438930932819
46.74912721126374
188.89385964009708
10.387852554938895
11.40082831884788
42.48463779424753
188.73466472537206
10.408902073899151
11.337989730616183
41.877105819057284
187.49510848672386
10.334909472421835
11.189914461355277
28.95830550524193
182.37501302777608
10.37292470310485
11.324932710894469
33.472918631365644
181.54222360352355
10.412256959663635
11.413135939371017
47.703603320149426
183.10418423460635
10.48833727340447
11.741272028218653
71.71482693164394
177.95082809050814
10.532802553635415
11.86675805040913
77.92719947930928
178.6479929301839
10.401550302006118
11.442225188422697
52.28549917493517
176.20485156085402
10.263508358955791
11.091951063994937
35.475260934174436
176.52841075189662
10.355686597472959
11.37323124649435
43.83654428979824
175.4066297995451
10.370697440237489
11.431714729379785
47.387428847196006
181.94803758897314
10.463485622302754
11.744214754555571
69.36788997231204
184.8774468544492
10.558623085797223
12.185496026864222
85.3665539682108
184.77051703137548
10.58001140049789
12.61736398840006
72.11397464631422
184.31225374252625
10.753516522896168
14.5210953709336
104.1752604613084
190.187111560289
10.666801394411342
13.145522992095199
83.39998926515952
191.08667567107756
10.685258899909988
13.579533753464782
104.36676500392811
191.393738083397
10.829149359299686
15.582691291753198
128.53954409142773
185.9875235253844
10.746420508277472
14.971541762288473
96.92633105468343
186.75181936780342
10.664646542457874
13.81411906555211
96.29720221441218
186.27049303907938
10.678972053911904
14.810719758090098
95.45465665194106
187.35428998137672
10.763151924850385
16.48827859417893
99.69881395262321
187.98161043862518
10.744608908243823
15.888362770729135
93.895814133784
188.81402167315335
10.876545727009786
16.743570011127908
106.71981105886977
186.05991570115626
10.938476908974641
18.759159011064135
100.23180696185277
185.73408779080782
10.908070870715642
19.53749925539337
102.36267401471628
191.85109767488717
10.727791458509099
15.499412633511493
77.21566405879817
192.16977454686798
10.632023561363422
14.6507847201037
85.65004073298206
188.75715715271622
10.635973947597465
15.020055996982354
99.10070937576154
187.74749323831327
10.538866711148138
13.390255375087635
62.68204011008138
186.47521515275884
10.515784508918895
13.016651775294836
58.24493527056097
180.0818839316195
10.533050371666496
13.464372752802914
60.02390399329174
177.79426809247008
10.298796249990978
12.091729718881371
36.50825000267244
179.4015813767586
10.423148531805708
12.601086989400121
45.93079386650125
181.2817103174308
10.24141775408906
11.475950581831247
28.784157706762524
182.428398832475
10.382556423738935
12.354916763387472
35.90320932009014
179.98268553949603
10.388325553233352
13.28131486853033
47.410310046831
181.2570715433464
10.306933452059972
12.671780681960248
42.969914601761936
184.44301873059436
10.514103016633658
14.668584306495992
76.12911975551171
186.62504628658473
10.404793421391187
12.95599434178018
41.87154505789099
179.4290622950411
10.472034807272376
15.868223190394927
61.52573296116729
183.1166917845414
9.858214756288087
12.20857632830415
24.380658040678895
182.80187297306492
9.733041329337617
11.167607208530294
19.994349607978023
183.98905194392833
9.624461100745881
10.46243522210306
16.116581928093556
181.13571378610104
9.917320024836593
11.463445686209397
23.992550323975607
183.78725489880543
9.925522702740198
11.147322144892009
23.09591556609595
178.9699741892812
10.01346157609064
11.837143165314025
27.570254820499084
179.5558066132488
9.549025455242456
10.367269508674184
15.970524331751724
175.30905968408052
10.193972930082543
13.060478666150601
41.8222569032467
176.44402540496029
10.437756359978476
14.809251576216676
68.14374226963743
176.88346456277338
10.31627714159124
12.79728919890681
50.43195519824936
175.47095734142027
10.364530727871893
14.30248354426183
60.73978014501609
180.3067459111769
10.484095114660217
15.07018901467353
79.81164892388065
182.19380801244816
10.665806721577596
16.775959692325543
95.64243535492997
180.27572889808897
10.990110370250324
20.687607094349914
118.68578161027762
179.97490867206204
10.935176025515576
20.079186064644713
103.95025176218124
178.99885837314196
11.016655742665014
25.101545077308742
119.05864738309586
179.50399624299266
11.832209117837222
46.99828608174523
144.7157026492166
178.5360780000865
11.670008387878818
44.72938031794852
145.41638766138664
173.36895785544795
11.458495390610054
27.293071865958755
129.38268188587713
176.0441771427327
11.080048768359687
23.653196631038938
122.3562729847543
179.29902101500517
11.020881081705285
23.736021413423384
132.02598061607983
179.95677715362552
10.823205863938414
16.67796481381586
120.02291060277679
179.0905693670879
10.71557173307462
14.188265802358229
112.18381461754771
172.44213278413758
10.571645706865898
12.735686797646803
93.04596825373329
176.8760039748752
10.569551736353167
12.9598470520787
108.31927856625555
179.1511293892646
10.974905106048942
13.600657586156954
106.64807314441165
178.77621802936318
10.619450894487736
13.03156358761056
105.58296898873823
181.1432769550752
11.410570714234067
12.247499762564658
63.810325986455794
183.8699544925035
10.610263121791906
12.634970399571685
94.82468616503735
184.42277177776688
11.345476065860895
13.46041116931107
103.39259958968145
180.76079439179838
11.633310359874917
13.867155378195589
106.14091953864386
181.60815384378884
11.091764611820285
12.67977401616748
98.3141479137229
185.4066735612723
12.899512435723093
13.168324699396399
121.4430216471655
184.83743536712052
10.71886885942445
12.908683042016248
121.60069270312452
181.5379261613369
11.161813857160853
13.003815154648082
116.19301366386019
181.8851721147596
11.229899080917008
13.33182809943534
112.64031643492197
186.46038008739657
10.893836021512127
14.939891989802902
117.15603091974188
186.8202606182335
11.653928924045973
19.029177262754484
124.16098030430621
185.66811884326225
11.356823465828153
18.673900556674106
114.02285692422535
188.72716952942045
12.575826145024541
16.71249906782702
100.49814131835059
190.0566378686262
10.927166964348437
15.202141939698413
96.6185591408551
192.3722311798078
10.920394795803253
15.45959884346306
92.81290822412996
192.84107315470584
10.911102142842397
14.241463262312841
82.16781783893143
194.8065742403544
11.04874817821424
15.414370030378413
93.44340926878591
194.86655857400683
11.072823449792446
15.556026141009319
105.14209833652976
193.43794687335406
11.41190445021955
19.162464715488547
127.43817242506182
193.00950417889322
11.264021091563627
19.763501484373514
126.05894174854356
193.3594462784152
11.801381012271762
16.43873572984209
113.89022863380714
192.42698590460012
11.969741648814141
16.53498359206688
116.72368906332815
191.24557793862218
11.264398268853073
21.066536470554386
128.84725631111672
189.16622912245882
10.972353545689792
16.513516499026302
120.56801226286976
190.44675107771363
10.900107545111654
14.353406343933468
108.07634271858248
190.98960110245315
10.795240000914182
13.916957603006868
110.94237196779795
188.94080494976006
10.610995692186279
13.52639540797924
101.02132741604424
192.45452738545882
10.751194298915152
14.567154760827801
106.9006658171865
191.5358713297456
10.641488797076963
15.01426859486508
104.33391843986956
192.36530463846566
10.8799900898962
16.052813309154306
116.99750603925719
193.9805020788988
10.730639710149262
14.703450832467487
109.34300164481186
191.29665220600873
10.343375347184425
12.831480640827928
83.1908306420197
190.5068468517474
10.293862113445591
12.749258831292067
79.06248225896381
192.94207789494234
10.425325105966406
13.17368785534521
80.55146959831428
193.84473233710162
10.558006487176469
13.439314728800762
96.40167274224407
191.27358912770674
10.591121278535319
14.133983156458672
92.55675226807259
189.27292300979062
10.718649067089347
16.561982567843824
113.25823461700465
190.5058474173625
10.455091615926312
13.751467415883385
95.95863411860175
185.28300988135334
10.485960484974733
17.20529966121674
101.02748710632983
185.23433170480178
10.44921447938482
16.669513118191176
86.6133576468518
185.90857148491193
10.468907263942937
16.778815190045737
81.57045921939678
180.06572314133498
10.411514075903238
14.742185873541338
77.38436608334348
173.7233791637588
10.556078088168638
19.075830049642835
116.99429397349388
169.24545920947907
10.34016446896242
18.188216128934467
89.80076529297276
173.55509330491466
10.139529391931823
14.55189099754197
61.88263110106676
170.29876216935682
10.230426949298336
15.80778940790669
64.98940019274022
171.217568665665
9.920720948818335
12.390704855546794
36.777868499182105
162.70295098692293
10.354842401662165
18.015528960564936
94.13748416455073
162.44733963262405
10.338962684378968
16.992352804526035
89.40613782168549
171.24898249720317
10.706931022661509
24.510161691989282
129.06592302732525
171.46520370381276
10.791956597439954
27.001429791161954
134.16444265489437
174.8058166891372
10.755621719848394
29.79552380900425
141.6803878412661
177.36200027400682
10.534206186600864
22.819434062767883
130.7971918351436
177.23025541177591
10.499872365172438
25.852743730373604
135.53366576372807
179.58696429642023
10.211320702893342
18.375052092510533
121.79274178097887
177.07551491573372
10.0591278944354
17.68046100755395
102.30770163026996
175.77704416224307
10.313277388344346
20.883399363813975
112.38479980521929
180.70802238467033
10.901581427741803
31.406450802338455
140.90390583485498
177.96524026715434
10.63703722675583
24.430620362458246
122.34165456836232
180.81310025316978
10.66257529034528
27.505971963038935
131.72403942706467
181.32023719169274
10.883766516440772
29.521111949151774
130.06150179091722
176.49616953616072
10.501096365997281
24.18347719194394
120.72711207077599
173.04927539878074
10.23458900853635
17.640173520165927
88.73293453635576
174.21768829665157
10.163948280899056
15.603741060081163
76.231567126567
176.84154134492485
10.392249633160754
19.90012138850647
103.45578158079529
177.98239065115843
10.383983244503163
17.193642926817695
99.72956603666282
173.52864032438868
10.414872689193826
18.731839253412826
110.276149554686
180.22755227551943
10.746141548647019
23.016140928385912
129.9587347111266
176.12540695550638
10.209293716228592
17.289214781353653
91.18302524837937
170.55576858152392
10.296532867564371
20.414555106579435
108.6634187610476
171.23709676320902
10.398998233024944
22.917988723378375
121.70012027439213
173.34996050259878
10.681628453422556
28.71568333770954
134.87770978525907
173.12298025085263
10.607538289416034
27.703505788400175
130.28657006980325
167.55178677219675
10.894293766218025
30.133196387106906
126.70720521879913
169.89028578360347
10.988581609334831
27.24684484334815
113.31409861717387
171.85499827333825
11.179960805275256
31.885074096671826
122.62284010547316
177.0271011019469
11.102950186159982
27.33117936867552
117.71369651508542
172.76188053532672
10.94805137100977
24.123571862596275
112.9236688204689
170.66178157380318
10.994409240460127
26.009460339881475
111.75453025588843
171.51638847991558
10.992002746521623
27.7311888064083
120.57021741848854
172.4111431521297
11.05872142059818
27.454740251396537
118.5632019490318
174.32746301029206
11.017985088418929
25.827009301216094
118.02136404548536
173.68242631442303
11.243411026350016
33.97589271883647
130.82591134065578
175.10144311277776
10.812034507438598
21.12712193858305
106.76365690954944
173.6922942871862
11.089267904736058
32.33956315126139
131.79704973479846
171.26641058724596
10.849150918274328
22.58742204384431
99.96951056781757
168.7733843564826
10.925496459075323
25.159872553688547
104.78432027060595
166.46438797562507
10.930571740639548
25.06644281275411
96.35897279775085
162.344941580313
10.854246248804392
25.896981886264662
93.2881435664629
164.24350062398076
11.106377620402407
29.48300157265981
100.52730124113803
167.855612062877
11.199429717482083
29.506660488247196
99.47479676577285
167.19599156555512
10.983355124618946
23.23032587951415
87.04334281742985
160.60882862706023
10.551802288286499
18.304455043868668
68.1935967551001
160.2987622066234
10.230307501730675
14.770884191628147
51.75251931985161
164.45559716402857
10.448340535777772
15.277777085874346
54.494454850694936
163.14663839879205
10.31078775774598
14.59692508555451
52.276132826798715
162.58762767691297
10.250015584601192
13.63151066512703
49.453197356794654
166.30039602871648
10.342908515644801
15.389855555094197
50.81431069008377
165.00730419873508
10.324445250440604
16.095929365446228
54.92835782044593
170.40916913250123
10.294978448811916
17.412892399658126
62.58153880903944
169.27689558068937
10.139087964848342
15.320893513396301
54.670467963860496
172.89522998525058
10.283859526226802
18.30409997754124
87.50080041169747
167.55729523623341
10.15565702210217
20.02895094219756
97.34119486078448
168.7122727002087
10.530489406361037
29.68651675538352
114.13114570227637
169.24296878716177
10.6290589482782
31.188788181426137
114.10789458625825
168.62445887405545
10.670115316290191
31.299959101426932
113.7451610158864
166.3131349184493
11.020384678885607
29.903366783768483
109.11391979171141
164.83495880435947
11.159692037881616
39.738317364499366
115.3246111717367
160.65380325010253
11.104410947050317
38.143199229752696
111.95682328774097
160.17048947946682
11.262013869980883
39.99355679176062
115.08653763521453
167.68936100027378
11.242094941913757
33.03421697924641
112.16702002862269
167.3057329915653
10.590919550696276
23.363181803229285
88.47870579658552
163.9841903493849
10.785327276118903
27.06990719030017
95.18852037722942
169.33439254106958
11.055429089246774
32.5450214153938
117.97978826474454
168.25242939982638
11.35231855361311
35.10191892549715
117.18916183390115
170.39361464519808
11.13277644294373
28.596556896695624
115.94296455000145
175.67449062523121
11.15007826623781
27.845377865716976
124.65117856968024
185.23957016361953
13.033317334296992
51.853720952763716
167.69295339017506
190.77840903303016
12.305055175736396
74.45777437549008
173.98451578799757
188.65544188751818
11.46841181376693
30.11853002509801
155.34905870675772
191.0212304789634
11.664033161533068
36.78959200517967
165.4940753744101
191.15515316100155
11.70830689714305
32.45138000607159
162.73532560582527
187.96716698518105
11.557490983831679
25.444303306394843
152.64939972281365
185.587002233065
11.733200028413012
27.519980585744474
154.6329365352009
186.3363881095015
12.053347884721656
32.7204630095182
164.7707877838849
186.8297436181879
13.106190114744875
44.08673956634626
171.95870332636417
186.77284650847338
11.95548102730671
58.394578383753036
174.6463904945316
188.22522446211082
11.409990737320706
32.50807156047588
168.87161258527726
184.57277851707
12.969772366775722
35.759826513384226
165.8671010604395
185.88696538427084
11.208066349027881
20.732912709087614
160.025593681224
170.77411685816008
12.211507841879712
15.442228746975667
100.93469885827236
176.35072886971307
11.533460453806345
14.692814059898176
102.93703881335242
175.24044698412712
11.260855315724626
15.520718476447858
100.12502697694558
177.62741291345935
10.62894416835506
14.222838036173378
97.07168894579034
176.97697852156813
11.439065323448581
20.075224404951783
121.09490234814365
177.02696594851344
10.924895137569708
17.42142891993382
108.04772028130151
184.4561492901581
11.065019815699335
19.640101985944597
123.83489445574546
182.04564077155982
10.696018233712637
17.83420393525518
100.8402929536133
183.1228029905502
10.852045007845351
22.00213240856032
115.73669741642017
185.45491642744565
11.184179909906003
18.488236986074572
116.00377167685232
188.99225965368655
10.666697560500406
17.06571437963223
111.9038757080009
183.82387242809227
10.298567074777594
15.335803987027372
103.27214339543912
185.2420378480253
10.006580217288189
12.433558721121786
56.05885224277955
183.72620518806036
9.91227168090684
11.112075651654056
34.56367161619541
187.19993926780253
10.223358151385794
11.80472659625232
34.81532575163401
186.03743275849217
10.160185388279476
12.111747841052917
43.112265929431445
189.45917332762102
10.54748012667547
12.482018132822406
64.0609007792919
186.71716641733053
10.514244957360418
12.238294152773076
54.02479744403284
187.59974655357848
10.230922960312075
12.225845433572118
59.758119918226825
184.6018048349601
10.232826491128312
12.157325993291751
62.3210384133365
182.98971881875073
11.576462869878998
12.313487063618636
43.483575475238894
184.9499440152519
10.257222195042562
12.40783085733644
52.093766853077376
181.08582078688494
10.259820732751795
11.926057392348987
46.40785657937924
181.82833952517416
10.188548149749012
11.744105069619788
56.47044737823806
175.88798452137527
9.919176998806503
12.466408224631945
45.907022364105586
173.56307064502963
10.370648238316889
12.88564059688163
60.18021020721171
171.08461285105642
10.001183099298327
12.99814627668703
67.37280158444148
169.61437447854337
10.152218400966575
15.827189875379457
85.29362753395225
167.40884588800444
10.341636550007264
18.30957459828746
101.73921291076604
173.72987398414583
10.587588072885127
15.37685100569257
95.04082268382685
172.79201485509114
10.012116583407504
12.358032396120176
60.431004991758925
170.80244150576857
9.843003073011802
11.220383117677802
40.98412839554763
182.26897721318159
10.213567523874405
12.987013026748329
70.70775482566879
176.13590899521674
10.321012740877428
13.823563287113553
71.11306405209042
179.20051489441613
10.4393770888248
14.379606576364887
89.0689839030945
177.04344444855823
10.088121547145976
12.303507904628688
58.34119183106881
181.1714257498702
10.324579914226579
13.264386462142324
72.09797402631607
177.2929411392429
10.090539396799361
12.90237591660031
73.01553066658627
177.24801149204546
10.160405404185973
13.2745516741047
69.24310588496311
177.14813785469772
10.381093993991342
14.66259172481639
90.59454209866232
173.1000893121819
10.390282926060566
15.379749040946914
96.22194068533224
172.5703854684313
10.631278404913198
18.313615660260506
123.00460117737654
176.967132384249
10.552010744783132
14.597820362916751
110.83542389510265
173.89270454311963
10.49172855135285
15.143562859459045
87.42899001204513
175.7464817526872
10.45263070679793
13.718033648556569
76.40775899736674
178.87887009102994
10.303066360529101
12.17446254608975
51.907804254609054
179.73983992045106
10.239644965825025
11.443886880279088
41.34964419660955
176.5051385296021
10.206266381891036
11.761808058944002
37.17473029483803
174.3638890764745
10.462278309929992
13.55320079502489
65.43066049415604
175.3675858475861
10.565995139919993
15.446653991686166
78.04454964724499
175.71699904877855
11.01327188912158
21.95261398562048
104.3770506205259
171.2273496048747
10.809276994283417
22.794616408420435
106.5124910632459
173.05556271893693
10.738936361011064
19.608817389254742
90.8756039829691
174.36070433002982
10.837842991883347
18.99462260076049
92.32033978581026
176.70684423363787
11.57146043559304
30.918678173940783
122.0779086372568
178.34705055224947
12.321318139680221
47.25395865524352
141.38929531359219
174.54499854418074
12.617114449084987
49.740058173976436
137.56377135127568
177.58791003205533
11.88010895804177
33.835423392366515
116.19654332511325
181.2505886781559
12.112958274782386
34.48007476792898
117.19266495868204
183.79041204488152
12.320590106541367
42.319018818601656
137.37305777007407
179.8329023916916
11.970348620881401
42.84524141329138
135.7167562137358
180.53168632908717
12.15832449633634
43.74148974401007
137.37138757512017
180.05174569259896
11.891295016826529
36.819947591636605
130.5564779966464
183.60623675552634
11.55489523453983
32.481829133215236
124.9964077871068
180.5551569583515
10.926764743193948
20.897037196882568
102.29917469901054
180.91150087361223
10.973881482110476
23.015876636896472
108.68841421656555
179.12368651547555
10.897233618159259
22.339400143047044
94.03275775174045
180.90255740087824
12.058786009397155
38.58972455936801
129.78707669778748
180.5997253953409
11.86030003139122
34.85101313673297
123.43088320678098
180.57148887161972
12.375399771500334
36.99559461224223
125.05453286045713
178.9832558903559
12.338218615403456
38.80013782272194
128.09829338415392
181.23515999396284
12.30001961571568
33.5843691787008
120.20651245931879
183.19568210627313
12.765683643585092
32.72177548362533
110.28959307724355
187.191580878128
12.475505622988248
31.634813841083744
108.54488069135033
188.86444273197927
12.33009182665165
29.326461937217136
92.7219895057437
191.95790043571128
12.7805283285133
43.27816649621808
131.06826604389977
191.07440921127395
12.138891991319877
37.63253518595098
124.27296539435696
192.15429374874333
11.188023710038273
24.743428809015445
79.41113006528644
192.3576606062609
10.931294133137724
24.44048778589283
81.71314084039014
194.10365285257194
11.076717083538332
24.61721149739818
74.6618644267894
191.66555959568217
10.412364860315348
19.98048601820335
45.51522709619852
193.78341151299924
11.410530217247894
27.53712509146232
95.03759882981024
193.945163153359
12.5228657744613
38.30978940041859
136.23328769792917
187.95536526718706
12.331347791298738
47.80467220002494
148.23899637376118
188.92846628360883
12.30650181205522
50.82356995753951
155.2307028073066
185.43487725128162
11.97459672246431
44.95355035351955
142.4701357969112
181.84921485446807
11.190547619928028
34.88657883585404
137.67687178735673
185.32990135951943
10.670581224129295
29.40636085100344
135.59324973520935
188.29072530827918
10.292656082241031
22.66250913998129
130.40918509370732
187.2403643501293
10.791600691165009
38.7709409535415
155.63037309688252
189.9100021137859
11.079006495239765
47.04091761361242
150.76004483567172
192.4926209038208
11.258739728098778
47.65837300192942
154.86875761941982
191.6184642638435
11.648591710167754
34.11770042117002
146.0216506098275
196.96932739061765
10.586416266029328
31.99592441531261
146.4598948418407
200.52249450244932
10.770052120488987
39.362092254889234
159.0231522168525
201.64954097916842
10.687523767451204
41.56528234986674
160.3423214237033
200.0959250412828
10.700283228096657
35.10340838089624
149.0596989863102
197.04242892120533
11.800872810431134
63.54093773818701
161.70156986103416
195.68117415907997
10.972731997480073
40.761153736269996
147.22715052579218
195.18040377771166
13.57921166851125
82.32926515264158
167.89095237045186
192.15791083298006
12.662656674620253
73.29862285353947
169.1747103536773
193.31868198071513
13.959556793374844
82.12003494227181
164.7526939243112
193.6018336054958
14.142459804186418
81.11514764429657
166.90911387003104
195.82906738399893
12.502874523804893
72.51498776613977
166.20758638021164
195.1658084033694
13.946114078199086
83.537203088614
169.58090907515805
196.10670189465964
12.96611935291826
76.09591254133207
166.3481637225122
190.13072257385457
11.515173495437905
55.52694876576197
159.23208388726545
191.23375161383404
10.763171399982953
29.982458535917512
133.830306639262
193.64011117456403
10.553380025293928
23.383512252847257
123.04942219590652
191.9157818259093
10.272239099838949
18.05114930989928
104.84608822373397
193.5031253456142
10.312913132149076
17.241653441748966
109.51654187292488
194.7901329099913
10.95781603597998
27.067531799904767
135.95747870525858
194.19843705498346
10.635307715551518
18.68801890628152
113.85763722205252
193.45740069838104
10.154252925389843
12.750448925073398
75.14751817190128
193.78344553950657
10.126503128536937
12.531907217798684
62.28217122571783
185.74179705340237
9.969921314965115
11.815492311434397
41.383408222169834
186.9448184412994
10.122940869097668
14.155860602878999
78.15624157560379
186.5790372571459
10.055853118310544
12.299199154765983
40.35638336027064
183.13720178151695
10.220924718938624
12.672156390761087
52.5188499372555
178.35784335010527
10.256975073495225
12.702726544592068
47.905764237297156
168.08344029075943
10.786790838543935
11.720307557202128
36.38390391139614
167.45589333739346
9.964754601901511
11.357359238673663
37.10324942531733
167.484652082652
10.914389312850789
11.352267555280934
35.405956878023844
168.24682398952905
10.462795787771093
12.55063201565483
31.56490328280863
164.4588372046164
9.953039715728595
11.417492085986664
31.507119015899097
166.13715871754033
10.212791867978446
12.588703411172304
50.957944705394304
171.45078358944912
10.352874956352851
13.43809528589783
60.80678809120923
173.06207724828556
10.638904590934974
16.086816930872388
77.9060128414963
176.7796512603723
11.071442003414125
17.49103773875801
96.67545001025857
171.75102984834396
11.251153660710772
17.815243807820025
90.24335242541046
171.0888133402379
11.066458854432318
19.3634169808767
110.43445460185421
178.9946815455126
13.740820614655181
38.074703627749635
160.39275432380444
177.00496436837972
11.171174436877157
24.047700572608196
139.75826685182528
178.22225949729963
11.955946110638692
59.98754254224997
168.97104648249925
177.00773347417183
11.627056200430621
41.8403020793343
157.87206690086543
179.27463790135937
11.33921412072165
35.807179987746544
163.36316698372792
176.82714096511182
11.339626775963719
39.41907514692045
164.69706791142568
178.94533036275305
11.312577642990854
36.212465291920424
164.98180109903393
182.10740387537774
10.921395378068535
21.373334069820693
153.54973450627105
181.68225860335718
10.781294438765162
17.67008160740254
130.24787853876484
179.36091551237396
10.719487879312263
17.084418359591965
121.80166205159745
176.21698805575886
10.562226556614423
14.110182233949743
83.73419743950518
181.23212928428396
10.55294010846928
13.885107686045219
84.07030649433091
178.77780232839842
10.593793242677116
16.05171409196949
99.60235956876885
173.5465671481881
10.612394480048577
15.956837924103889
97.17074229467823
173.26285991100679
10.653424862854077
15.051960350244661
87.23281471962414
173.7986747538009
10.424166412236902
12.468566132760781
52.52782956367372
171.71227048991315
10.617777242698832
14.6775796416205
91.92041924292627
174.7729732766506
10.674456123354496
16.491868792732816
110.18737919159219
170.92463202861975
10.569471624159975
16.2249923932962
100.27254286660158
168.67255068684284
10.598136546620417
16.57494917564608
113.90505372738322
165.58660909156163
10.553581692015042
16.544096503152993
99.31648188791569
162.59814792095673
10.454542466275564
15.665145963805546
85.60840259427577
164.1349694980647
10.50104062961014
17.219814529523674
101.97499685511646
170.47668537343034
10.462102800624233
13.772247420705167
73.86117121218233
172.66260362402576
10.55440957239839
14.905219793480232
79.2071489714536
171.96325284958237
10.531935090296592
13.98638428404117
66.94136692032387
165.93066446349678
10.569851993352911
14.587354258263728
77.46926698585452
162.83431887087534
11.08982141385101
12.547565088022163
59.2012527969644
171.80957968133686
10.62751722764984
15.092304268129764
107.70956763888401
172.156053561678
10.555345150289291
13.085545176653804
87.0539054217414
171.40648612671143
10.426706054052392
12.665464553418728
75.49479321621864
173.91686709344802
10.612063249888225
15.824364366541689
96.86755525959052
180.2527878321867
10.772619361214034
17.44772076503521
114.43313273100861
185.04069345322876
10.913759344780647
18.866585523029475
133.8577925001589
183.94293757436577
10.852193254411088
17.704251890659688
122.84825193539609
183.96722986436995
11.094686939978526
22.57367515347973
133.84695088177747
185.12430806776393
11.25733078286426
28.565413729258637
147.05849519928515
183.86137884344507
11.093688038320064
24.270893722989175
140.64166866442787
186.74670611894902
11.02818071174169
23.62725929507816
142.82145475052897
188.21147698038135
11.235340094763316
25.955876300136264
134.5548591684501
185.4939186041894
11.487731121115258
30.52353933967933
140.57624782808665
189.93925449238986
11.548601444496656
36.830571364650446
156.70570258649775
188.24898852071175
11.201110833003542
26.133322152857293
149.6344846358223
185.75427266540908
11.817678133674343
44.93008019155156
161.29500535003353
188.3305429735472
11.589094849204036
37.32736377105066
156.90199227791015
192.90791200567824
12.092470601488653
50.747490374082616
160.91887158098064
193.01324280291522
12.122359730990842
40.49346743346665
155.3196533414745
191.67479846308427
11.810081973171838
42.62422973357958
157.32026919501473
191.69378379548633
12.703985219066976
70.48406163102126
171.21699025978566
190.0984133875028
12.461224041694415
67.36121741899295
170.09187287630078
190.38008421235844
12.36029657912423
59.73620341625074
163.5955391054435
194.1262640856046
12.891768539084959
79.35129670908356
177.2314330584732
190.8348584953209
13.62164423839913
105.76054769921632
179.84016877552955
190.11568371231576
13.430390698924986
94.99338110407302
178.044274059116
194.5393847879191
15.049894708196467
119.97093921993982
184.9781872922074
190.47675058747163
16.549582821859442
127.36390182038994
182.11638772808314
190.8078930803421
17.914477549534425
137.31148251364735
184.24310275294283
194.97886337282281
17.820678982863313
138.49006631388323
187.88911491729468
196.278702336127
17.662315792251288
139.9998701555704
189.0284324299459
197.1729373279312
14.96946555628616
117.25640364285658
187.8286270929753
196.41140852691916
14.191372757435532
101.10681468980226
183.8062409320196
197.88351016988247
14.091972824211906
107.08762157273506
187.61568655797234
196.61289943916935
13.65833344252173
100.7052713550787
185.91610039838264
193.51951254451137
13.566515997714683
93.82182260879927
179.70844588657323
195.89821128519705
16.490259084806937
148.64674383666625
191.43685934706886
193.76443714332908
14.621609439962407
123.47546798005328
187.77667512470012
197.6706910610926
18.23003137805652
159.10407709155916
193.86735959135862
194.25226699348468
16.265702328424183
132.04131369321888
188.1184946668567
197.36393959372037
14.480233729106855
134.189704896732
191.85281000936658
199.4261998117642
18.49556906178866
148.93687819154246
194.6406598957445
201.43063174142125
16.17664928754222
135.32849893724276
193.97295925166594
201.87379936444938
15.280661161787553
112.32942138149289
188.96482021392566
198.0700538079002
14.220725531385561
100.07883241807326
183.6906402602276
198.35769613948634
13.897345260000542
88.19031405360863
179.6113331112302
197.14994384892015
14.327806112898648
111.47733720704326
187.55108268907617
195.10523756970795
14.921483161506426
116.27618938088557
185.54799823726583
196.51809857539732
15.239842440867529
128.84316752175775
190.4248718844388
196.43755541820778
13.59703562250156
80.70538934389091
184.4165581504724
197.47682717008036
12.886276412110071
71.96456530827228
188.16626646085157
192.87303592121629
12.38476658562412
60.42298045589277
183.31730026187557
191.47551821552582
12.891004623465882
78.38759030061183
182.48626666456795
188.37750191453705
12.21348663283466
43.9047020374976
170.3967964833019
188.88869500063532
12.20414061420265
50.50775864660177
177.33116580108137
192.09546930900385
12.891501811911052
103.57401153696104
187.99497666931802
189.24903941918944
12.1452321360634
69.52513544289249
184.7492746049026
190.50790788356025
12.18111546154827
47.68111121275696
183.59613250065354
193.49416497656387
11.919331322392207
67.78456736594427
190.02767980943906
194.9251074211944
12.139609197239825
71.54758182672781
190.25918212370956
195.2405264407147
11.8144170359661
43.60132304545654
190.66272554584287
195.36690320482708
11.727723208200812
25.019826203539914
186.05355278247006
192.74509623527157
11.304348657815968
16.90855637806701
179.12075987954904
193.62222482462892
11.6629066795644
20.622241749554902
182.956472415226
192.32576287536904
11.39461813850945
17.08635682392639
163.73506929441476
194.84928148377088
11.296520889428596
16.374799558466844
154.66867836486898
195.19315764542554
11.216666755464225
17.1735045628386
170.14445956479005
190.86033750209762
11.299258719239369
21.90790275797819
174.74498131199084
191.9371143746295
11.354853744977813
25.421062662302255
179.35852895332494
192.7724552113459
11.606078133989293
33.39250901669318
186.5956791524079
189.30847844786607
11.58909904894319
29.93606617524043
181.60573269072592
188.97232579288791
11.712111977021438
33.83645566209686
184.16669602410005
189.60828970617246
11.370500737265923
28.599737778381982
182.20557479560523
189.41775442621952
11.926544118757405
50.942656545107056
186.46567914339101
192.17688355886247
11.709202880756113
33.83208991161336
187.9417886617518
192.73296555868438
12.054349295104348
63.494469177121076
189.63893512315127
190.33614223396086
12.362233620258518
102.09035819431607
188.7514681019471
194.49117217927633
12.429919085564837
88.64038121843464
191.67916510748063
190.72032082913216
12.074061650339516
49.01013548093739
185.7581882808558
191.77745148706867
12.40160648059926
70.39280886586955
189.0716292772238
193.09951050557441
11.728337231618191
26.89751497985025
187.37673380355966
192.4767033569509
11.952626827045187
37.383305294836894
189.04378809044
194.4003412472871
11.807024397022989
40.586427812156366
189.3326633568288
192.98239988572908
11.976861723157311
74.13595048062139
189.08840761295215
196.31720273283835
12.2450359610799
93.47882864398098
191.59662577248105
194.58827832750006
11.968481509017147
81.37594843065907
188.06898943388924
195.62453538459243
12.882892746747075
146.1636347875998
193.89228155325435
194.32758811111043
12.090873277144137
95.8020595148713
190.97844193838705
196.06326597773972
12.139522386034963
105.41359994643672
192.15405658629044
190.50354875361586
11.002435977068568
26.329849052594824
163.6785760944723
188.75609318942446
11.103575427085458
34.29917373262459
176.03105467873226
192.18141269415017
10.99008528384275
21.47987981789997
169.1835459778285
193.0817723439791
10.915875256295255
20.940943764495344
169.14915333746728
194.46769840041193
10.864218675170473
17.73003459763127
165.41312092968653
190.9205066311504
10.727504661788858
14.264997914734579
151.55135425142672
191.52376994210195
10.716715357297556
14.123296129661204
150.53475682332032
195.28268642206342
10.883576363954846
19.65529766698169
168.5627176268152
199.17997915799094
11.292703051255632
58.67880315168769
190.03296815356046
197.72257899885022
11.052373552836448
35.15270222835206
184.84070391957738
195.34883481424276
11.022573768676516
35.42846101433222
187.92676551535862
199.1397108819753
11.334366362266586
53.614212490849
196.85078193249277
195.67128373980688
10.8456647573274
20.31131146719069
189.1508748120536
198.99445026614362
11.777843578638729
113.6792156984709
197.97036816649586
199.86027473810915
11.774336963772052
77.48956788860505
199.4733005035684
198.54064114656632
12.510353941594138
76.7021003221189
198.189387721593
198.47183907612884
11.811851438960637
120.63194660103254
198.34034203271887
197.97120017710097
12.58957599000039
153.97644353898244
197.77897190932265
197.1080096534481
12.772192264513137
153.96184040964005
198.40270576593565
198.01985121988645
11.73988977013098
132.38665892630587
197.5791546355104
198.00673672657285
11.984158201340003
134.2818137573932
197.8101015819659
198.6125765841821
12.302966486556336
124.80529276484437
198.40225007504387
197.01916109483335
12.143145667466595
90.19064958703882
196.16706848740066
200.56178250507546
12.084724531761523
77.71489823860098
198.5094564493538
197.22604331544466
12.133588088049287
37.3282571466461
191.23529960760453
198.50617072199515
12.280036993959598
95.1248954068707
195.21251361130572
198.00160934047994
12.065358644242119
109.20922904282723
195.17492405401887
199.29775248127518
11.872586218404397
88.88844569689235
196.43092826159435
196.19853365405694
11.534800614117277
54.191399298993595
192.7255610841639
191.60173415423597
11.416593892499218
31.787280772402912
186.24938911121635
189.0223379812519
11.041153588137723
19.85968267372214
178.43028442227813
188.29264508355254
11.196799390009401
25.103975496864713
181.04445217225117
184.05254008064549
11.289181146522402
23.303404032859092
173.39375617237465
183.8943877897142
10.927265895001842
16.241595511591726
163.87411278446177
170.95731197643826
10.742853928294831
17.014507961064922
148.508006598432
173.48787602455553
11.112965166437808
28.277464000141357
163.7830374711149
165.48767148211175
10.717247980411042
20.559734991036002
151.94850319488853
166.7077045510062
10.741212145153899
23.15547541643259
155.2713673307057
164.60564929903592
10.773094837476856
27.666186180368122
155.99428443878065
164.90522764688882
10.743062745493974
26.996977245605386
155.56158560442805
167.37130292230597
10.573106447930787
18.897458655086474
156.3177057119794
169.7607944608416
10.572750909970914
17.521616468819275
159.13724522536984
167.91910879897685
10.55766464361882
17.03788490421683
157.61073386899096
163.33436230632248
10.421103141534589
12.730492350354131
148.43240585448913
169.1204881194483
10.325000281380923
12.566534908587457
149.9862597006707
161.35952239700248
10.356143159346555
13.483678457061346
145.18119313745927
163.85170991937423
10.418027628275286
13.915536573571924
150.34162127954562
162.67402747766738
10.49303097945048
16.86914170081073
149.58655644936522
158.9826659067789
10.400768532269002
13.388457314719622
138.331742209805
160.98504553189582
10.722397702665962
33.45393690526405
146.3907917334602
162.81019676147235
10.716877262267113
32.663442814944005
152.65780581260688
162.1702916041781
10.669874408754506
27.429836358927176
149.6854125144984
160.41305552591533
10.505015731868797
24.429477590713194
141.51669608249864
164.05605816093717
10.606283810816542
22.263667139578075
153.3976769810301
165.0106067907427
10.871103916445394
37.65477791555325
158.51991169362788
165.42395002601222
10.593685512745452
16.087111356942277
135.04355139665552
165.38733771458635
10.667391998239475
18.390516946719753
144.5570413464946
163.7780143425686
10.549605138317911
13.42495691188459
131.26160609640462
157.63339888500013
10.910636034335903
15.574352010597018
127.11437973717216
161.77991196143176
11.419165657278715
18.484004920555464
132.53417086006084
159.79361013580123
10.587753444761438
23.226865612599777
138.53032200438025
160.63160591785328
10.707903132691516
27.305550116692043
139.97821289183514
179.2876003908266
12.15159147211781
138.85273346497945
177.87031592751546
180.24371120652407
12.785270783404586
139.25335073244403
178.4357565355198
181.45012136731032
12.326820830585586
139.72403112606767
178.97942548184835
176.21588851098045
11.872791212301868
132.63332404270855
174.8223158576363
179.94517655754711
11.691133568555497
128.87916316368648
178.42041061295637
183.48236324116746
11.949670815800987
151.349196903609
182.95434502754946
183.4855450354574
12.033829304687085
126.97606319708672
182.53349041828668
185.06900676478756
11.392554446800672
116.16141140375443
183.87975146055965
188.06459075486165
11.723268518257502
165.0670899323825
187.06317890241314
187.60197150781312
11.614721303094072
159.0859468193623
186.47940243806386
186.2718786458368
11.573525700423799
149.13090858331202
185.00009760294762
185.89082577717767
11.550950809740748
153.99348856125033
184.98648557949446
188.37884316386572
11.596148435855126
163.81273157319288
187.7261940469043
185.22950214530152
11.66613954915026
156.14539502150822
184.21110724241254
181.71420780908701
11.437755985765634
135.2937511349433
180.11849463180675
186.08905544448578
11.933686530845776
152.35236524439125
184.63406866926766
186.3573678735636
12.463370104198294
174.07049958631742
185.40803730927738
186.23773821437777
13.518556068665518
179.89310692632628
185.55678239157257
187.62222800329516
12.469361288171095
182.72138459013564
186.86627271581034
188.3341794818969
12.762307130486409
184.30880047195063
188.33418147885806
187.0776068903336
12.216228223296211
182.0359436999953
186.13645144307173
196.90062515811127
12.387732711647883
191.44371716518896
196.84844974241304
199.35503351627563
12.42159977823104
190.46892084433077
199.25736179721443
194.2913463102069
12.244989651584662
178.22642552514566
194.11287116956308
194.77800897209636
12.149324767449752
164.1702794596489
194.5192599882276
192.62886945757054
12.852398149575963
179.68297239479188
192.4908196931366
196.74795103279249
12.116982988056758
171.23469250507762
196.59409943292613
198.08615232115815
11.932598093080138
159.2947096696753
197.7362814182697
203.52512795256146
11.916367769520688
136.75690978049656
202.72945872684858
201.53557601400144
12.44175638500691
169.56314442305444
200.63587370582204
207.03975271174826
12.552942226231274
181.31752300767081
206.5638445279558
203.4004664909259
11.842165870369602
111.70662203870782
201.30906603699594
205.4453787467397
11.656533812284811
86.12515419699751
202.46006153994
203.64182317725601
11.418419438844913
39.45231790705723
195.6623675379659
203.43096832278053
11.348770375193018
21.930533345223086
184.38878132606078
206.9656164536601
11.606147775404926
27.666121492379293
193.05147822102117
207.40825282787128
11.62487163896412
31.49285437166441
192.09491519254885
206.46058103392483
11.81522789085748
51.16707034123298
195.82449753438092
203.3863012164331
11.719819540232095
43.486126042872364
186.84695094000242
202.0557401073523
11.367792119925586
24.66572826856709
166.17547846811095
201.89125004922386
11.613260415636589
38.865862018121305
180.22354577448598
203.22626961799682
11.818043121585614
47.985034976272274
184.1066130911516
204.8016870489681
11.748496681426552
34.70391388655427
182.4102604443342
202.22707635743848
11.818747815846606
41.45021878597818
186.88589442647816
197.7121154308444
11.698991472668833
33.26207006457552
178.6913779792394
190.88320398187622
11.722931202331061
33.424626482678086
169.93503684266565
193.23207191394192
12.026576953246503
41.894782414877355
177.62312539324046
195.03623662671427
11.738735897527167
23.3636323447335
165.53973617427488
196.50129380075774
11.71850515696753
27.99778703817028
176.24430008563849
191.35984560810027
11.631269837685469
35.582439467628795
174.34554374172956
188.27638343352652
11.269506822751183
18.68045964685914
159.71561237315362
188.15156012849894
11.42639115299734
18.468636601457384
176.1487170087193
189.6793613202445
11.668767672899792
23.047279372639476
179.89729102511066
190.60911016880863
11.546236133005161
24.498675637917366
183.12473569687916
190.4576986924449
11.587793824255584
22.40837163802338
185.8079376313854
190.0603120316987
11.458238707328578
24.56066991621711
186.5632210072049
184.72445891950193
11.79941367933445
33.158995678234035
182.81970635452427
191.32583567011903
11.627634642508394
47.333269765824575
189.47160025005172
189.15921341771337
11.211481412016
16.822344763280263
183.63906491261073
188.78208002597472
11.281005405118814
27.796570339461663
183.77288530282016
187.04666948853097
11.179818367045094
18.296861143853896
180.78206940026163
186.855191268822
11.304127742353394
18.309155259311357
180.67535641233684
189.5812789829335
11.3036306388906
17.422022631987787
184.5876351711867
194.37580367984674
11.687304155528864
28.445572360425217
192.480174895637
191.77277433980277
11.956028079908828
38.413787850674765
190.64148289368805
196.87995516638148
11.980360162962207
63.07457536977462
195.55724177031345
199.45884232311874
11.964204295297979
101.47544769887386
198.15884728766824
198.33526250572328
11.876124218178388
103.03404499974658
196.28524999705516
197.37135503509057
11.557251169905749
27.855655185372086
195.2985297613851
194.3752465685511
11.590474280619198
26.309038476594793
193.04650072336278
190.2290613030804
11.701776907848148
62.80433144074091
188.45527135764223
194.09141674716977
11.881863078626747
83.29633682721439
193.41600737614596
190.9905317930385
12.073038161490373
49.63487327789871
190.80567364253326
195.1719572216877
11.891235535531502
80.17851706917165
194.50265032930352
197.0660099870239
11.869481044487857
104.99450433709633
196.50890823291516
198.0434096408521
11.4758827698024
36.330148459330616
195.2227025704895
197.20850909442697
11.814025441360148
111.74560793637795
193.6578926208811
196.46334514487552
11.649195902006074
97.6267722274606
193.63688907650703
192.11659897046317
12.012469471526485
160.33199019288935
191.00826530654203
194.88590390166547
11.799323017299606
136.39726513126237
192.70789708546505
189.02286189574772
11.802964874459052
142.90036763795217
187.5611055708834
189.77511077206793
11.696399271611932
140.86985603510226
188.69593202555643
188.35578598196406
11.51785021631118
128.279536699566
187.99158669569368
186.43580627805727
11.405135577875944
90.26627120130624
185.47150992584
186.81532033493954
11.364490687723242
68.9776210651134
185.1815998410698
183.91955607127636
11.356779168284616
89.84891054452973
182.5336727071597
183.37188278749838
10.96561879559033
39.052007218876625
181.1940219833234
188.11848975535653
11.097986010775685
44.616584085833786
186.09303661932492
187.99089656644333
11.00006637116569
25.075373072300494
185.00853500027887
189.81153589416482
11.061980506320873
24.834930653835634
186.19269765939197
193.72604549761334
10.958354353303173
19.50685936490027
189.5436205806844
194.37948497709138
10.938266766054355
20.888388522163662
189.6458941232594
195.3225591983462
10.998192331470284
21.78840182595238
190.72035608109826
195.3184787691189
11.031751530132494
27.619377319908253
191.99353683874398
195.11692156558266
10.789327380012951
17.03092485136282
189.23075854930877
195.0066748225978
10.817433421582319
19.392837408703194
190.46263622871817
194.8162949681873
10.78507078730318
20.65385500302662
187.4520259647729
196.31898922801508
10.965142237986612
24.24151021412049
188.08599904952467
195.49883264558537
10.797361588500493
17.388524072231533
177.94365872726377
192.00810213923734
10.549478686920901
14.297641267615854
141.65136022258088
196.92068718673136
10.879344654377979
16.878655603049634
176.98099599048868
195.45335395760435
10.835581234509245
18.788510826826116
178.64057140840487
193.85390330718917
10.481982389383832
13.324165301938487
130.51687392411884
194.174481283786
10.521867341815948
14.471487051432566
125.24007712189137
194.72659706277443
10.687858528065385
18.716070431707603
144.32094730940415
198.81619307695073
11.301967354470452
36.98872625068358
192.83864031832
195.7101856560971
11.356472961986231
39.34792609505034
189.31590971397728
192.81384375481449
11.305789935107402
44.03847909156252
186.82877655624554
194.79408610440208
11.704527318150753
75.61128471226186
189.863700724718
192.92376913113188
11.669745965915691
65.19560701563465
186.85197683827448
193.1252220447018
11.687989239951358
71.21121636411328
188.58759390702102
191.56043003576585
11.533471516473075
57.39218699440929
184.95516524112853
190.81496387339146
11.631010402681015
59.95437563922141
186.08634352225312
190.58813319748415
11.44672611511417
33.25731698178304
179.92058455641472
183.94829905767278
11.549959163661006
34.16446271284561
161.21278232341226
183.58925188360624
11.40913606578522
30.543860142571862
156.86424619538957
184.04339031681968
11.339281071915531
28.70979756839621
155.14606353893606
184.43890546371128
11.52230819555178
36.33027314036837
160.22790722374725
185.26016517995603
11.862403512937593
38.45855651890884
151.35303492401172
185.36549275947203
11.688515478336582
33.67684833508929
138.636902285933
181.4670849226148
12.237638741693619
39.25063844783919
137.14186909924624
178.71272657147563
11.694761185668117
30.517307831625217
114.43084740661817
175.20016122184822
12.300842040273666
37.999270624415175
127.26947503835254
170.57571237370576
12.158411429679568
35.984720588173445
119.01936064722629
170.49140940048875
11.75814965418748
31.66693660646567
106.4212337343891
175.3194694454133
11.58668401234309
27.648035723159808
99.64566241908706
166.96413298716175
10.940574758082171
20.356897136634785
67.22589896059944
167.40665427896204
11.32765106977762
23.94094081653767
85.42529085440523
170.86487559556366
11.473915146711581
24.93970702356661
96.36997843718794
168.33752736418887
11.59415040213199
25.34389506234988
84.96502263636843
172.24529100362787
12.326602098385981
30.891362965207914
99.73943784780651
175.70102276105033
13.04092233239516
43.4901461221767
133.1211591255658
177.0739124739671
12.352554341731414
43.86382880021164
135.85104162322773
178.95631125214132
12.366186869500185
44.97206531014115
140.40787460754018
175.18788995180438
12.997707026957748
52.40376946865598
141.99235375136746
171.34191693312326
12.460270748094668
51.55988878556812
140.62038658886138
176.69952392505903
12.96366960013566
46.30206655715411
132.5740950794335
174.24316886224554
11.91359238855375
37.67539741755547
124.7356391753076
177.86165482188252
11.019510902803361
28.808053563871713
121.29918133486917
179.76075655388678
12.59180239984049
72.67803076645693
161.11700399652233
181.4531014505882
11.856433062008819
46.50182119967749
150.85587240007914
174.70590785965695
10.437988067347602
21.59830847176332
90.2728859136891
175.27991822023228
10.540146026543335
24.913825103100347
98.33076548300421
165.1864099833063
9.394641027628332
9.7980566157134
11.209598313853116
168.70273914366243
9.429288432840448
9.949050483459141
11.948658755965987
164.95862517019958
9.57443750261202
10.927984836918784
16.510181986691475
164.9863370300988
9.431576051692414
10.025041184501188
12.175816864689152
163.96865947349923
9.33051333857826
9.47821366712639
10.057647623577248
165.42101758868625
9.344679100473634
9.514581997237043
10.168919676774502
166.330256679665
9.511980240623625
10.482834630993722
15.019346003356985
172.93538030777165
9.916227691320936
16.860236599261672
83.52639504910867
171.1531646617624
9.379380723936682
9.584524471325645
10.636118684029427
168.2324171095475
10.265543102037913
23.791559798900103
105.99329485445897
165.63980676352583
9.31922426868948
9.446536727308887
10.004036644606899
168.57538591844488
9.330699215961806
9.453079646523614
10.048057906420658
164.514481655966
9.527082737851291
10.701903113260732
16.388564526097532
167.9357374295712
10.400343205467992
25.53737819340353
111.96705081538599
165.80685862117832
10.24926795791537
21.549101379751768
112.13842755824797
165.0594916585249
9.882791220756008
13.9779730788601
38.86830184453613
167.8013318437287
9.930754460527307
14.040137661887323
30.45698626175919
167.03833651739777
9.88948932088573
13.673157623367528
30.18673834521436
168.6811351301734
9.575734105418228
10.818372075738395
15.361830730636758
168.72128321884003
9.981838683847416
13.585157115676646
36.97012883533417
164.85843780477575
9.73180647078141
11.343957304478682
17.928457259211775
170.17765690850229
9.96766431407874
13.887357535017395
29.34834028643353
170.90163114262504
10.108689366993188
14.135477410645358
40.91223931517769
164.26994653819042
9.939448174309325
11.774240759228563
28.390778404525836
171.83770354132778
10.011815019701247
12.066044940881874
38.93699769727679
164.85332290598421
9.969005456541531
12.182659986211826
29.912595700921614
166.22780195272014
10.07239280833747
13.111962846421328
42.36633369847802
165.68015342440526
10.185092597832304
13.580123625120741
59.10305111775677
179.07429449971568
10.488225617463636
14.269110390588454
95.7945706181221
161.91555173407085
10.242949540032994
13.689360942949246
59.57187651063179
161.93657718448276
10.214510313418812
13.176790993571297
62.8550368626459
171.3935336868461
10.051182925019914
11.904290994799805
47.441126566487995
172.29618215259808
10.22349372418306
13.541352623105217
63.01045396864148
170.65477175444926
10.469003436108563
16.204173031066833
100.79291429763353
169.39979861602922
10.5432391581435
18.09066764668671
110.54524584194257
169.3542880971732
10.41572837581291
18.750051475565858
109.41719379301497
171.73953085578262
10.376663771796954
17.560667026474317
107.72247869300645
182.04951851910906
11.336844220108778
43.03004378106856
157.25748562695
179.8184179559695
11.14117471546526
33.809560932098805
142.6440745709282
182.97672402371376
11.480044173650256
43.17528162815672
156.57568312866553
187.03504519260719
11.646319165615504
52.0667711357785
164.66332369109148
180.32938624063627
11.120288730780077
35.214467151830625
143.54710243980037
180.013604061274
11.308332732005937
42.10641871945405
150.60961574220377
176.6930442444997
11.335806526802344
45.53560510646349
149.38921173361848
171.02565188614398
11.06039403613421
35.17889313030795
127.35339282165123
167.59293737216348
10.77596339765464
30.92065440745064
126.41757488065728
167.9799099252415
11.054764215875101
40.192192892469016
135.4736578087415
172.06672807793504
10.866833240002366
34.40813905880795
137.0604365467028
170.65581246781477
11.22284390802913
42.075312802703046
143.09926731493925
174.12329257574996
10.891696889151369
36.75754782427861
138.0814132150106
172.6057480875885
10.758784090857715
41.34523921489203
148.86234561637764
175.20269930984205
11.080917464444308
45.3140888128449
150.02884746708264
174.33671684413784
10.728911822104227
31.13765762338711
136.18452973929334
170.689780155427
10.463848671334022
24.610666850891736
117.93795639374738
167.92705527705965
10.524618852425823
27.670548194960645
128.21955518342062
166.00328697737115
10.467375657909447
28.222047721220875
128.8490969113996
167.34525214015434
10.69740422386558
30.852132559621715
140.66005067221303
172.0459763117795
10.6878219921883
34.551262936043116
141.42195941348808
169.27339729307874
10.80047166207184
35.34759173642177
129.42928235095576
172.61440786950533
10.59239880871325
25.77370756725554
128.30924165487022
173.0022755293699
10.713674971483888
23.214547968748597
131.63857365071942
172.82016949119424
10.765688638701645
21.482535831201446
129.205439452009
172.00660185859223
10.542594428586323
18.318346713542898
114.39152708614549
180.6420771603178
10.832370256017455
19.9521549993987
124.68935040005033
177.47249314985135
10.748246980005765
16.655108846022237
107.21421191189758
174.05522395982933
10.666730595233993
16.600552949607778
84.19151106151588
171.72826682027898
10.451043387039807
14.394257126996097
59.3449778764396
176.86546464178878
11.006442788219633
17.567770727807893
103.145266429846
174.55914571596327
11.021670508938067
17.96297099237319
104.49856460022869
178.32166750467627
10.962600247571466
16.57519457537316
103.72721768418653
179.12456971088363
10.845491559307177
17.677665283687922
122.05273171905341
