19.74546678663628
19.74547879695517
69.9049000490908
115.43380177303094
19.599093683706016
19.599094894122043
75.81889904251346
115.72178751504865
18.75663597800903
18.756632727198614
72.18314867205163
111.05062891784449
21.02148605630395
21.021478787690423
79.83952800248737
121.84594079139876
20.034897304204073
20.034896436245116
74.56417737769358
116.26027715259472
13.661662024297453
13.66166207842249
51.18136107877424
79.36211014411474
14.269891832745815
14.26989104503792
56.23221982004422
83.7676707112883
13.983787723401853
13.98378768325001
57.922318162972765
83.18308471144748
15.02975832888497
15.029759011485618
66.86658630793369
89.20726399975749
15.644461835196857
15.644461835196857
68.84889538858053
92.36581714763831
15.196502199013839
15.19650219904498
63.3026901633385
88.6657736173215
15.44387304360337
15.443873160720615
65.4624006809674
89.29153857177258
15.554101076455579
15.554101614738062
60.747307952724675
87.37940556356864
14.14072083954974
14.140717570190404
52.30606370115882
79.50521218605066
16.012255443374475
16.01227340317887
57.64602687692156
87.99768387864731
15.9608411128762
15.960840854668476
55.4364029329125
87.25837113725268
15.030103323122006
15.030086683927717
56.49897177105454
85.44619449240308
14.7837489083702
14.783783413920169
58.4532625729251
84.10994231194132
15.64972541664201
15.649730268913848
62.98676027633015
89.99954728284968
14.966528958127526
14.966519995318603
59.73410147790116
85.235508831277
14.929121966954911
14.929121926873558
61.08087894395411
84.07517035775388
14.720240490865889
14.720240490846395
60.16160351403979
83.85337875282183
13.642832212819464
13.642830741754064
53.777437241615026
76.99473891624747
14.698250925519737
14.698251654791195
57.90350015604562
83.51974823729802
16.31510744355107
16.31511746819945
63.72446434813399
93.59745600827274
16.166723134234427
16.16671162263949
61.95601468358542
91.37817614056526
16.64060137070452
16.640601052342525
61.36084561583091
94.74718343056333
17.147680103403534
17.147676490789657
62.47892434053588
98.49799974591126
17.533044669623262
17.533049084480336
63.6685428809196
99.13279839760101
15.929448928709915
15.929436909623734
56.992037784569234
90.43750317679745
16.271398395739073
16.27140677821483
57.04198867432691
93.24455126239067
18.743934565150408
18.743944635253136
65.40644634387415
106.51973297970402
21.757406751695243
21.757418564396943
74.09465996364392
122.97345098279094
21.066673239194245
21.06665595395515
73.81964464945082
119.46924336501841
24.606817962832608
24.606816909069124
83.50854425657502
137.9657409282819
24.81376541067551
24.813772534256042
83.57957722408305
140.01128013568132
25.66766820005952
25.667674302649843
90.91931908544674
147.34944436793418
26.03528019793445
26.035280197777375
88.43544936798719
148.27716787555505
25.311974122660338
25.311974594999075
81.20521384611814
142.92117326199022
27.18988993776098
27.189891677608713
79.8268802628691
149.33851114999902
29.07414670178976
29.074154155110318
77.7920629059911
153.5500787047033
30.68927365110825
30.689273460298466
82.21584569912055
164.76721138390454
31.72612055688577
31.726118154671116
85.36550414604567
167.7582898651824
30.28155147181227
30.28155326425733
85.08197476983027
162.49378594341735
29.982674049529056
29.982661639751417
84.3317344518521
161.01619011134048
31.493391204265603
31.49341186576503
85.07584117663757
168.5366278766047
28.518761010850426
28.518717316484
78.15073066795817
155.41124771997133
27.574773764033477
27.574795033433745
73.4461962136926
150.75192918393142
32.35438898959447
32.354455688727576
82.90781731708627
171.0032064794147
36.19313357293109
36.1931362501674
95.36689301653665
190.05925072207665
31.850679864670212
31.85067613326442
85.46249052375333
167.2466136123823
28.093253129432924
28.093223691524248
71.17332548812253
146.85177824905767
30.689209787400742
30.68920997524338
77.48744732610524
161.1851275037096
27.682627496906164
27.68260392055172
69.92328006859101
143.42277592350274
25.734317103608323
25.734316793852486
65.18707135584411
132.46359228310644
25.38246342168561
25.38246345007062
64.36082800793757
133.23277294512982
26.170212083722102
26.170206717880326
66.81828215731548
135.30732265570117
23.304897405162887
23.304904399851083
55.0771884674941
119.26742350698117
19.5208464544466
19.52080623328898
48.572010607540136
103.71205085643095
18.067963082743052
18.067962612827422
47.7758241376684
99.39270338838635
17.378281007792022
17.37828100652954
46.535799462071964
97.05089100882135
18.4420757260797
18.442075129098104
50.96407562189778
102.54756492970046
18.129731556803787
18.12973134154051
51.18088023178627
102.81872424647024
17.285360652177594
17.285359377931368
51.53401407574329
99.94488167855575
18.716596462477252
18.71659765736952
55.85795641565903
110.59005444317846
18.14746506142933
18.147464333322503
55.274188903615816
109.4037599016162
18.75895605258917
18.75895737514534
61.531429308641364
114.17557791863486
17.766703800682524
17.766703798964116
63.264636946268865
111.0936339276017
15.41239658436194
15.412406196600028
49.79085707252849
94.97742906156793
19.134077985216706
19.134079835804325
61.283975348703315
118.31295993786868
20.77985715864711
20.779858508313904
65.43366727371676
126.36826294126016
22.264438894183556
22.264432812257542
65.26905855612402
130.77534797170824
21.837855115266883
21.837838347158915
62.41854047090934
128.54430416928116
22.43089756394483
22.43090087709879
64.57425210895335
133.30334508885875
22.149447149475314
22.149448752448496
66.14101772966558
133.54696922091597
20.21443630697244
20.2144454700394
57.54011489420882
118.46558272802078
19.670516463047356
19.670516444397773
64.05694734835431
120.65951914660626
20.66344727503603
20.66344724236295
65.85195338394017
128.22569405039556
21.942872717404036
21.942873418547507
69.72469344545935
132.86748827453656
27.21631028361794
27.216310628895624
81.95462578502278
158.94084931174217
29.13360858578743
29.133609114653094
78.70321692087276
163.99436223585596
27.96731277567404
27.967310093656387
76.64326596380734
157.16827675219463
27.78559564527782
27.785596229057926
74.53883468039794
153.99022801392817
29.988310022791463
29.988317139215912
82.44096818319201
166.92156790680278
30.99521608319964
30.995215932774705
85.95798689460005
174.8164455244363
36.4577061151255
36.45770828575237
108.34802150496914
205.1892214434729
38.187025044651676
38.18704414907959
107.01678840420665
211.8161955518919
40.69716324158231
40.6971545166982
120.84404476238855
231.59830035968392
37.543025919942096
37.54295216466445
110.05766866480324
212.79363569423822
38.0080862609563
38.008085445285595
117.42848520404732
218.48994126609023
38.076379163441935
38.076378442173805
116.07344495050077
219.797103183105
38.07826455608945
38.07826471159481
121.9642790413357
220.799517280469
37.55344405618405
37.55344403400346
126.63245829110964
221.81110489915233
36.23789335006672
36.237899223710365
115.19997054496709
218.48250981357077
37.26655276105863
37.26655225297253
118.57251903986102
223.4952688082503
38.21519143924458
38.215185381937374
122.0868200275504
229.5916294624678
32.29739507113196
32.29740628337402
104.04135784080921
191.898462315651
30.26446366826711
30.264463776526465
94.96080386515219
180.08180529710415
28.824153978817694
28.824153928503755
88.83920658053574
170.48927228687987
31.853308882327
31.853318375414336
101.32583601681596
187.95428730551583
31.13260042632861
31.13257593241811
96.51454383918941
182.9208057885113
27.436965297453522
27.436997768675905
83.90072989752797
157.2936892628216
25.54384738798321
25.543848033652445
77.23000423322866
146.3728236919735
26.050720510898277
26.050720782650846
79.6720227888328
148.85722052902995
24.622816073150435
24.622816041118906
86.1808007421659
144.72663646144997
24.265287145443462
24.265285820473867
82.78982611870599
141.7157235459991
22.061802811112923
22.06179528885398
77.41810611569613
131.9093708867071
24.25011849767964
24.250118508652815
90.76716991125079
145.23689577480147
21.406561033255457
21.406568159029458
82.15352948282154
131.35668387287495
22.815699417005717
22.815692557395078
83.89794075613968
137.42478547954812
25.727001939833215
25.727007078738197
95.12415262149862
157.81956329631672
27.37209286744634
27.372092963713243
100.77075667978738
167.11044617711994
28.701604432724206
28.70160993908316
104.39906119887502
177.5361126672491
33.29904357778904
33.29906624082999
120.64283812420341
205.09040418223734
32.338104144495524
32.338104390700714
112.67517325436935
199.3651890988243
39.23627162727488
39.23627248920788
132.25289582717753
236.3398524704537
42.239778009024526
42.239789529854576
135.0527230828102
251.15067215455718
40.73758378319287
40.7375975932274
128.5090913925465
242.3190600362362
38.1933189449101
38.19334816503917
121.26616858905491
227.08217717273192
38.92460296181209
38.92460295627937
122.5472135255075
231.24251661221976
37.12437293737457
37.124390042665205
125.72375004791658
218.52305958698165
42.358580960696834
42.35873845179787
136.46260805364093
235.5156020889752
45.91905140434531
45.919053589221846
137.8001471064744
247.20622035832932
45.38313200747371
45.38312771257712
138.34160064699333
249.59581890542046
45.18836679720472
45.18841755882783
128.32430874639482
248.845751373106
42.9321566379605
42.93214900307623
133.69313601020653
234.7479993763475
43.78732009550637
43.78731829105443
149.36184401326193
247.32166449959135
41.615773952242584
41.61577310543272
153.1173692058827
240.20301788326626
34.75067810184897
34.75065906017653
131.60388909916222
200.34655585235646
35.28606106909795
35.2860554747524
131.4967469486778
200.8601574017078
39.223163186177345
39.22318877443629
145.54492658828684
220.47449498845552
36.35805849162678
36.358048895311136
143.5946947483162
204.9526927932227
38.1246256577412
38.124623065665354
155.4199174096638
214.998844482015
42.247350370489585
42.24736388152159
170.85329105798212
237.63587717449485
42.35378772147799
42.3537696008727
177.48922282765753
239.04301898568096
41.932008381824225
41.932039661680484
171.87789111290652
235.10271547396795
39.59926839963944
39.59926644507686
166.09785558098963
224.54272356611017
39.848527517494205
39.84852761185591
171.05147417275984
229.92063825929827
36.54415313351638
36.544152004032
159.95242579027055
211.5337203196605
36.75145034672192
36.751450324202125
159.7805621233897
211.01686408580784
38.18757195793856
38.187573921352964
163.06448894415047
215.52973719846904
35.13558172955766
35.135581333242605
147.8510187064453
198.2354778178761
42.38903862802077
42.38905698717024
185.4858221971792
244.84892476186383
42.9542799925014
42.954287765776776
187.45148963624098
246.64112710077737
41.85939557649849
41.85939462300786
187.12447727120826
246.03869158210196
42.43302987980272
42.43307406129276
187.20080343414025
246.22994741769594
42.315898954532834
42.31587864119624
186.4402479993253
248.6706943192187
38.996855284075075
38.99684130312862
167.28781802810133
230.2113514914219
38.43846276444739
38.438468675558944
160.40529553182023
221.64384423905256
45.583141850948905
45.583318981975715
180.36961719245502
251.00575527414554
41.36440101371269
41.36440700632392
166.40573767411655
232.68354175401518
41.62321708052722
41.62321117245467
163.96347569229815
233.02380873367508
42.33850759345433
42.33850798873968
161.67919440856951
230.79969817993376
40.0357407020486
40.03572431363661
149.21124921077978
211.84061718990657
40.545685778137944
40.54568568492147
152.89917720405947
216.11469584702982
41.51601475740762
41.516013719153584
153.62207255391544
220.1573380992941
36.34865428121279
36.34865360842916
133.09229543993808
194.4221089239487
36.15662423980241
36.15662454835049
136.6356445483978
194.3779471505864
32.708705169699684
32.70868865489194
129.16137564128718
179.85388893268802
34.77101470134926
34.77104314817817
134.7682592208017
189.4335361611677
34.2181526535531
34.218152583519455
143.0979672430213
193.52570697263334
34.253717703513416
34.25371807143207
144.47567298434012
196.5525951036935
31.661530669114004
31.661530674462718
130.0200141339096
182.75769542241957
29.656751836962986
29.656751863523517
127.27168716345076
171.07348830235682
27.25318233330714
27.25317672647649
119.32710405424112
161.8432384518717
28.645784200516882
28.64578418772719
125.60059946835602
170.7264713583891
28.817614835328868
28.817614286392878
129.4596193163056
169.8951611459339
26.912379940460365
26.912388282543525
119.84660428152473
159.83767860337548
26.072137095389984
26.07213679582761
115.88668390929482
156.35628231388216
27.391809716166673
27.39181103509831
126.99615371974362
164.8282155652136
29.53166594213792
29.531666003819613
131.927007756159
177.09309588113038
27.516066684157906
27.51602036502173
122.48178239114017
162.50778849108966
26.066864616626535
26.066866022711658
114.31292552146468
152.2507223643664
25.779998247744665
25.77998997857221
111.20933733205368
148.50301786463936
25.99405457001022
25.994054898015523
108.05657037778953
149.6787645624581
23.805398972370398
23.805394457990932
96.3150921963803
136.1093339057487
27.08829428074938
27.088292588455502
110.7561215831202
157.11582092939133
29.053169546099
29.053162432644974
115.77759284949042
167.3920147069032
33.02618669867508
33.02625492429212
132.62530781641334
186.3421371948977
30.855783182607652
30.855782107427874
121.88232912386147
174.37708214818304
27.582820661553313
27.582805163185522
113.60034392790064
155.16817888847686
25.484598673368183
25.48459245419913
104.10496657680304
144.44767995802388
27.813764144773238
27.813770137257464
108.63063583348261
153.39397621676483
26.328273066830054
26.328253004046438
100.00659973403336
146.59644511840824
26.20319151327669
26.203179328490904
97.55663315492625
144.84379748228255
24.1487878892375
24.14878790805264
90.35871454601387
132.59991245329093
23.874774718086226
23.874774921855334
92.75936421674815
132.15142042081933
23.690645002949385
23.69065137255582
90.89117458443614
130.3773457448871
24.36217750033394
24.362178471817657
89.65788786772339
134.10850913021628
26.078180964901403
26.0781909386512
96.67415167124157
143.75822743893423
28.006527479109515
28.006532095040722
97.8424874807047
150.1959355329647
30.452819015744836
30.452819713991225
102.32033575503975
161.25340566070525
28.42497253356145
28.424985729886988
98.3758207968897
154.65368806920128
30.069391055195148
30.06938756300407
101.87620557292485
160.3965319574458
30.32027413315865
30.320303510819883
92.20519871073218
155.75260425358312
30.654906927761928
30.654935400922536
96.8748969838439
158.02182188012276
28.930532522144365
28.93053634837335
94.77627364525553
149.49103686900762
28.744946830979536
28.744943826728775
88.9259899491844
148.0641216202073
26.782414268595836
26.782412682042754
86.5921599574586
136.98420840288017
25.189049034740282
25.18902845298983
78.54343420416997
131.4203714108397
24.640682843126246
24.640684362048216
78.43894712902357
125.6558898474165
26.765747998677394
26.76576683924299
82.77470727954777
134.576651693193
24.266567134551927
24.26653408474953
75.6976469631385
121.49270459249108
28.137672045687086
28.1376767036171
84.14013145942005
143.83747508121135
28.27504986970742
28.275050700360296
77.53735358018862
142.26889302612253
26.76509759912159
26.765097212005493
71.04615147940676
135.8251867644944
25.83775100957575
25.83774560574263
73.4869200348541
131.24977314957607
25.077286600659843
25.077286894581423
67.67825997344576
125.51668319968077
28.18600367046016
28.186038473263583
75.19222821212567
137.72356960727566
23.647321302146135
23.64731655502388
71.5764704322405
120.35060433612593
24.920522624405862
24.920527543259546
75.19821616485574
126.22403085730518
27.23129858082867
27.231297948268455
79.96321822434464
137.3664282285907
27.97240636078619
27.97239816038189
81.4694854226702
138.33183528718493
26.838983833740503
26.83899250277667
76.12259244543887
132.97676590292772
27.91613228035224
27.916128433528666
79.1455524247887
139.86740521569715
29.590876711316334
29.590876861999956
100.04954185929711
154.04499049957062
30.59570902560151
30.59570936904378
104.66270138427322
158.92537880992535
25.258277320814127
25.258222564656354
86.71608741783852
131.47027964082412
25.348154063801232
25.348140901350934
87.17003843165818
133.4727545838533
23.980675945338387
23.980676260375585
75.43275389346321
121.8557469952742
26.792774649509777
26.792808706043534
84.56197550652091
134.70039589479882
27.637476944926938
27.637478095110623
85.50703714615733
135.7680519484307
27.535509978166594
27.535497650754106
81.17997908971778
136.65883053286203
23.7538603635019
23.753862068771873
70.72495520069033
120.21822888502851
21.788020255405623
21.78801793382874
69.84799481919514
113.10481184522776
20.094723343148008
20.094723538260247
66.4426653874536
105.40395801159413
22.630762493788215
22.6307650513392
73.78087464762154
116.9543675036721
23.40501306935431
23.4049982828894
78.31595266539783
123.50648711181074
22.386347471584827
22.386353000436998
74.86393899022595
117.46058253015087
18.445180245858552
18.445179165116823
63.37438058882434
99.47588844033224
18.01191705404212
18.011953941302426
62.847411247492275
95.77486682232275
16.047319238076053
16.047318649897488
60.34822806077994
86.14878646002192
18.813448072348198
18.813479762089518
62.30624726560378
98.59097917873838
20.817409767351684
20.81740353229316
70.63353593441055
107.79034452369469
20.42710316711953
20.427071187833548
69.73311135874557
106.5438113498523
21.37556004270432
21.375608386370377
71.4652074834243
111.02782995021636
23.00849422906093
23.008506258598008
78.61446020866563
117.27933376437201
21.202409284861577
21.202427156490028
72.430982054759
109.71705284596968
22.298586384229
22.298574310093276
76.24838980870673
117.71282673088879
21.496288093338958
21.496280866680767
77.19447878515152
114.51033390799161
20.210348066640606
20.21034760614034
77.0035084863065
109.6217986273468
21.95237434267649
21.952384462370333
81.0041174888433
116.65299181249601
19.929780342964985
19.929767667175703
76.72281627733138
110.06116688120949
22.454705801180797
22.454724855629717
88.6235350934688
123.97203696322293
25.013263949081583
25.01326368142867
101.14052129469238
139.56929264846443
22.23728451582584
22.237278001208455
90.40362374895469
124.97097103768068
24.165734905796704
24.165738032724743
92.46404643189133
131.61215803544738
23.90458574696213
23.904587242717348
88.75730229354993
130.54176104370933
25.53986623363993
25.539866034971226
100.4717778830463
138.50717942864554
27.032178782893943
27.032178277669363
111.10872066504795
149.30213909050457
29.467336487498176
29.46734032692573
115.31528818791996
157.3413359970593
28.219871786420406
28.21987186292925
109.64851682323784
149.68393915390365
25.297131021265667
25.29709934354316
98.81735436117249
135.1485358753465
24.70949339927473
24.70949598280959
96.79192767180716
133.2087595967907
23.480708183041045
23.480693311892008
91.66369965692971
127.2002088831243
25.371541198646046
25.371541221543172
101.32519482212673
138.28970958931444
27.051379806073097
27.051386862261694
103.02448328031977
146.22690129929364
25.498927212397938
25.498955419451487
91.97777491510942
135.26278228030708
25.120860616467382
25.120875571590616
86.60109297722396
133.55375959041663
23.117810542668014
23.11777558308688
83.56958677669435
120.65387335311782
20.21729196323443
20.217291005371763
77.82672746677497
108.7886209322152
23.929363049055222
23.929409343773056
86.1745305624017
124.8425556632787
25.777145879283424
25.77719731688151
95.48321291194499
132.65291991494325
23.160644849982276
23.160653069385713
86.87366822454203
120.65144377614016
23.340636655708533
23.340636670369413
82.85238555635287
118.26679946306874
21.341492651725503
21.341492697548592
71.18782078347567
105.23990809675196
20.468412243351978
20.46841103528312
67.88269599890714
100.63310873565189
20.076004309356346
20.075979282959196
68.15267180217981
101.25186201423105
21.21587689490171
21.215845960266844
74.26108920892615
106.97391395161924
21.613549186609955
21.613561603809817
77.51514913984269
109.4977982817334
21.632541621341282
21.632550045996158
79.46524051208733
110.85448420293629
21.587415184156313
21.587411192843295
80.62341840354024
111.9824993789485
20.865877597194824
20.86587759239036
74.92313051764945
107.55260528879802
21.89728953195097
21.8972829608478
77.36624165510628
112.50229291645319
21.681633423455928
21.681642519297746
76.44969159428983
111.70208682721139
18.84786259998172
18.847860910945393
61.371471897445936
94.24657389325479
20.071705891559503
20.071734799545187
68.97120280837699
101.05090674989422
17.124962284626644
17.124948515397048
57.788820602827705
87.79538295859932
17.326565855610568
17.3265746292105
56.94164742089816
86.44740418606848
17.38106846417125
17.381087415201996
54.139063004545484
84.46665865153147
17.561473351623878
17.56148014914346
53.521507755675195
85.74914195133718
16.833084046633612
16.833084046572875
52.18853533410246
84.13870132476944
17.388742359984466
17.388748279007327
53.50954600592742
86.89326436266997
17.139016833145128
17.139016986904863
54.74736098973279
85.74729960513399
18.7564112169397
18.75642804680002
58.22694211110148
91.48456582095857
20.583847492216087
20.58384944089366
63.03391316940773
101.67787399289243
22.997159777165038
22.997161146766686
72.14158110144542
113.08602357292862
19.69156890766263
19.691536507757004
61.77915229717926
98.10028163778895
17.737374252642997
17.737375308782894
54.998455733152
88.24943167744082
17.043158552107563
17.04315811379024
53.452520305455764
84.59974587924467
16.48151199086762
16.481505543304287
50.42584525062532
82.71344318808951
18.8945312689235
18.894535223150566
58.58027192350269
93.58979680312665
15.8194983184058
15.819487295710465
54.86101683702127
85.2339520772345
16.90575414823279
16.90575462617675
54.989474943702106
86.66498525780557
16.550237406656077
16.55023740664119
54.18860407670071
85.34483234690943
17.598894816410123
17.598901901564062
61.120180592509186
90.07434953541711
16.81700646699609
16.817004678467715
59.941891236938716
87.91907884329365
16.25046128406241
16.250456297396234
61.304278672666996
88.28520990271807
14.053670026363315
14.053669984278324
52.99392525046496
76.24175037061181
13.98810613712161
13.988091297280606
51.381645768867806
76.00059941459295
15.658387780681146
15.65839563792118
55.73372508558345
82.48844419466204
14.693989290942152
14.693987656245667
51.980800056383956
77.59977514135478
13.52198255347225
13.52198250512775
45.989964955670395
71.941653297313
12.479494934103926
12.479494703777908
44.021686401982805
66.80124951613395
13.491195661541173
13.49120328702986
48.944118728765524
71.34316950416846
13.094061711438886
13.094061514183998
49.68587321605433
70.9079538067858
13.248908523784214
13.248908586190746
51.949233540431806
73.59818003727325
14.362634578556623
14.362643888621541
56.323245524070764
79.27745424935438
15.94288324013822
15.942884522466123
64.8775511116526
90.02115827509519
15.943453377660951
15.943457898107269
64.92680573275902
91.38291009108211
16.42887704098942
16.428872744253486
67.56702894722596
94.24365693227277
17.126847336249234
17.126847162296052
67.83741424947625
96.12764122716082
16.16416456672364
16.164161751337325
65.75769131475167
91.84489871676047
16.51733846756114
16.517338467600663
65.61402600410914
92.36363489149187
16.047377379563116
16.047378053575034
65.55412955466316
90.62592021189803
16.729651898248154
16.729662235439996
68.57168707783951
94.29423155745748
14.951420881946905
14.951412893848339
61.54217391568174
84.14180396129767
14.121394398744233
14.121394364980631
58.56088200742719
79.6618419352595
15.130084294056068
15.130095372368226
63.00277795555173
85.62446665018243
15.940243468056602
15.940248442486226
65.48438919021667
90.63798835773333
15.602682944263261
15.602660038621016
64.94246070006767
89.15024415488888
17.757918739930307
17.757941716336354
70.03444745106697
97.77209633907538
16.072820198775343
16.07281424357002
64.53696971840277
88.34252069901659
14.733541964537665
14.733536662689373
60.04297502445391
83.12354339738044
14.610836832996647
14.61083685925936
60.227929586023016
82.98873155377127
13.487267161604434
13.487267149761314
55.90371200446749
75.9222638625471
13.94864836569323
13.948648365693169
59.427410731547916
80.27122799934138
14.865580263828651
14.865580040762415
66.24240286092706
86.72035600967385
14.352959761538528
14.3529519095709
61.09784527931854
83.3723921991753
14.385096582859061
14.385096581250002
55.91233036682366
80.94440091708181
15.04517272476983
15.045172273363928
61.808954794587244
86.81733557941165
14.775695816388835
14.775702848479385
59.639759585170125
84.20141217903299
16.009389957835555
16.009390147716992
67.45425829362331
90.94865229623676
15.61042506609207
15.610433094586488
60.097441399602964
86.38281558617649
17.996228103944304
17.996224878610096
71.82669455591
99.97002774426453
18.0850829993522
18.08508314723421
71.7761481033674
100.4695049562322
17.71460173773735
17.71453892179647
70.57982791286577
98.99885818917394
17.16039297415101
17.16037914202274
71.46325743158242
97.74263819337172
15.498533381327896
15.498522995249507
67.70599474453928
91.16989830935276
19.0559738717373
19.055973852375356
77.73859722751341
107.92621410041097
17.719794611542724
17.7197914536576
72.92234744677839
101.70848762105527
22.430081768768485
22.430096369840115
87.51938639328685
125.97886373796773
18.173388414006926
18.17336955845583
73.36805980014981
101.23446034618964
18.050404314289842
18.050406123099396
71.47689284756045
100.23252655189007
16.64829424970312
16.64829598472311
67.07046998712197
95.2361285952273
15.238128418151577
15.238124524552626
61.43297242883285
89.00131311141179
16.097424054211285
16.0974077213041
65.28713164333269
92.88139109374029
14.952807007170458
14.952817091539414
62.29892905627531
88.03853289814074
15.200549075226961
15.200549589114427
63.61912459217456
88.2402693144354
15.25033595682719
15.250336090039955
62.845332443206466
87.98998549758117
15.16435996501226
15.164359281046673
57.61838860860107
85.57542419579524
15.655945022739758
15.65594120227471
60.88174335520096
89.47513394775923
15.975320547455539
15.975320535768773
62.081946505427695
92.83953898281374
13.968112201519657
13.968109646644931
55.250289712371256
81.41565092221796
14.313702123710206
14.313702851511096
57.62806003617805
82.89434148116165
15.292507691576517
15.2925106567575
61.03029896618609
90.72340351537223
14.735793153592786
14.73578988478852
58.23743335751929
86.04618553654666
14.747278536022078
14.747280760608364
58.364935284290844
86.69154036608148
14.166889241056046
14.166893948265553
59.166614906139344
84.24329070141069
14.986775532842973
14.98678121766982
61.54118535287557
89.38763019861484
16.991391755916574
16.991392852342372
62.10656351535115
97.16728673256546
18.23729048825551
18.237291085648334
66.11221144899024
100.22799158027588
18.538673119351966
18.53867123789926
68.03369787374436
103.47587814140228
16.86470383000688
16.864703190914675
62.306801135990916
94.65854732355479
16.44135646141218
16.441350804205786
64.88199324490179
93.62901473113435
15.52743774188273
15.527425234152751
63.77259843046164
90.7417380763628
16.45884557933124
16.458843156132563
67.82456089676222
96.58431941009839
16.207134191068732
16.20713382408921
65.18571873693703
94.92611669944844
14.73008256215216
14.73005015512248
58.41983858613026
87.17458429896051
15.342459541309886
15.342459997010591
60.706313671106706
87.81848361770355
16.05862942787305
16.058630735911045
62.684917074924655
91.22540202776943
15.611891851534907
15.611887904230985
63.49247230487245
88.94013643949734
17.25357114021098
17.253549510251197
65.04755884351552
95.78581908237749
19.36339429348613
19.36339380460361
71.41061217312061
106.605810973404
18.9162134323646
18.916213502398122
71.9314134026335
104.10895241228977
19.41984936718217
19.41991337033421
73.91792272173997
105.31679834656597
18.39397212541074
18.39395892128593
72.26800668608651
102.37164438023679
19.944919317714064
19.944917660353635
75.8760122216077
108.19187712841325
18.953460024688447
18.953458227109312
71.49837338556148
104.34958395563352
18.229457874511628
18.229456597779347
68.117428173301
100.54255750031672
18.789464147101725
18.78946954802009
67.69535798390493
101.02686774822897
19.120298334240648
19.12030509766298
71.51775283708844
101.74828476371734
19.160218361929854
19.16021678198279
73.80049888219123
103.67468511619737
18.713223718606063
18.713232427890215
73.2838649303194
100.5326207432752
16.701224872487415
16.701199783235605
67.30935817295273
93.69121449305965
16.087602116823142
16.087600845411874
67.20538087090576
91.01124183647958
14.657199349533775
14.657199134013014
60.85256100749747
83.04314840516571
14.464927692644812
14.464927692074733
58.40414841616442
80.18810246815161
14.194219683898215
14.194228637343082
58.66818723825681
79.19092577015887
15.987590914819831
15.987582112054271
65.677478414357
88.65511698375998
15.751068675810249
15.75106126318508
63.68781204006861
87.46217654715848
14.723789573358642
14.723789360534079
57.84136473163384
81.17084400359221
14.525263296114183
14.525258877610296
58.870905034407
81.07484317846624
13.694032308464461
13.694026063398061
56.55431417687319
78.3375132016629
12.64268006633655
12.642680065347095
53.8361960597663
73.51304450354466
12.809371526998813
12.809375097687663
53.265686003107135
73.65150234696699
14.451993128700677
14.451993140624019
55.53235567883043
81.00038389593345
15.97554608081485
15.975544815459171
62.98023484227262
90.08745774719114
17.676852234000748
17.67687085058145
70.55389307354231
98.38031597893216
16.43745957416472
16.437462949313737
66.5965659200645
92.82961903318875
17.644562698500405
17.644576225476662
67.63706276116669
97.08682757196024
19.60156069748931
19.601575643318547
69.9620843483812
104.6512119195291
22.270669088182295
22.270669621098712
83.85896896251658
121.64084393290591
20.943267092701124
20.94323522480929
76.26226865536593
115.79047735078824
18.25509363580577
18.25509333883755
68.32532652167087
101.21616994196626
19.929544023097574
19.929543627621495
74.92390361429926
110.95035786099415
20.9572301734657
20.957171650072276
73.2786019779211
114.91755124778983
20.103343801129437
20.103343705899558
69.51416559021877
108.52594821791727
18.753077594418713
18.753076583993
65.83112538785663
104.8180487017536
23.906311658389807
23.906350137881944
81.33382675032233
129.35272741144018
21.612875418548416
21.61285710056438
76.23883835501653
117.99638052388451
20.597705318294572
20.59770400499463
67.85040652562293
112.73565919148253
19.388761855334025
19.38877441695476
61.93167765474265
104.31502724055274
19.386533900986475
19.38652966755305
67.2870589753739
107.62446042415945
19.967877589813654
19.967877865888486
67.95760844027738
106.40329641610322
19.7166182959162
19.716617687666638
72.03243952349949
105.09902652458997
17.1482388657549
17.148249794249946
61.12681489237038
90.41017614850081
17.372908125118823
17.37290661437435
59.55989768415215
90.35494889137176
17.233193577590654
17.233192600427067
59.308591300078696
89.06598824857248
15.98972447282069
15.98970749221979
56.61139858237404
84.69025190435472
14.974483983926884
14.97449155184332
50.273375270525726
78.4441045059311
15.563258637373977
15.56325973685267
54.34122282512412
83.30957648173313
16.546971499605483
16.546973719197336
57.880071885387686
85.94785760421928
18.185556382050276
18.185552829333293
63.9447176628029
94.66554789441369
17.35415392815761
17.35415391231471
64.21633407119094
92.9150231484665
16.485464004781512
16.485464003182805
65.48609908479085
91.46406319408246
17.315368211014707
17.315368196262813
67.10091407072488
94.98999797450806
15.147596352207705
15.147597783166367
60.54571243231834
84.38330238762025
15.441310505686355
15.441285246296625
62.36768704538542
85.1884490071717
15.456614415024701
15.456619205957598
62.37638765296516
85.11636469511653
14.51625287019394
14.516252675901532
58.475053552895375
79.40930794025176
13.308834705240864
13.30882496982833
53.72944457902793
72.9190284614825
12.096206532360648
12.096207564442869
46.58777579532371
65.85315754836844
11.801239834404269
11.801233404004007
45.28210401714194
63.590661350712566
12.252757778795244
12.25275781069524
49.44627990890872
67.76300559566218
12.795264411297355
12.795286381731726
50.715431656667484
69.59493432161344
11.793491120726845
11.793492019663471
44.641435179266004
64.02533830081714
11.520854152117478
11.520845602192333
44.51340038460736
62.62298872396704
11.165922797603669
11.165922880892612
43.2116487122811
60.66229925172948
11.769621181074205
11.769623798034678
47.26913958067762
64.80244793105385
11.39427930071068
11.39427186230867
45.80129592846215
63.717228683098725
12.272694170474503
12.272696249397136
50.072392066473206
69.541676661325
12.30093460019125
12.300941924266013
49.95785537257619
68.73265330282837
11.754609034769429
11.754609096838655
46.90429543144041
64.49906373214645
12.31094837424712
12.31094884350894
50.27694001128393
67.94642534276066
13.41825028531326
13.418259948811096
52.9429524770358
72.77201782129
14.081187452868015
14.081185434029571
54.11639278953294
77.37390054042723
13.220724852522888
13.22072448548421
50.73942850386698
73.14708096891239
11.94186127003294
11.941861113243197
48.22013208524011
67.51492308699876
11.919958770392135
11.919959117951821
48.9272358130913
67.81125607288448
11.187735676884156
11.18773288348331
46.80051716099501
64.34100568141841
10.293030469337046
10.293029359189974
41.92974092881279
59.3499261905531
9.00217357983133
9.002165584895238
36.58870264850646
53.13517784504203
8.564202383271738
8.564202161650146
36.5817550538724
52.10567971293368
8.637254328996757
8.63727211434992
34.00123393306273
51.65622894679912
9.212350476262579
9.212350684374256
36.17667700598812
55.21810662183322
9.731490897971472
9.731490352427492
38.83182065174706
58.571363307581485
10.009459672837968
10.009459677551508
40.19361567464508
60.21320217650624
10.071846445105333
10.07184681440313
39.9657009907482
59.743276697026964
9.52480303625363
9.524802984151524
39.70360038436302
58.10477368761087
10.363320280144098
10.363329461109947
43.054470983063794
62.25851191283125
9.839608777453263
9.839608286490744
42.817205780820466
60.23099502684595
9.50864257003972
9.508642160437736
40.56399952279191
58.393294017091996
9.728743401909451
9.728743355538251
39.560174158229174
58.733968273725495
9.305080356359555
9.305080209613964
36.303060741686785
55.727046329964494
9.486673343813793
9.486672962958913
37.01575152683397
57.704317589866335
9.723903188963716
9.723903438207374
39.231389750481554
58.595743588754935
10.025195327159668
10.0251952873017
40.813606238529665
60.5786628964599
9.998385221959065
9.99838526211837
37.95415043278445
60.085597377909984
10.429617214382613
10.42961487775946
41.928306259245915
63.86019059630071
10.301201540399362
10.301201520076166
39.69552146709233
62.25591518281905
9.892634019785223
9.892633717891373
38.05539812874593
59.45356967496605
9.899324490035339
9.899323814735714
39.94860348301892
60.992300317084705
9.664684450510098
9.664684474256353
36.97865577156987
58.82254992069094
9.079198328183976
9.079200332804119
37.41547880724979
57.069044336139406
10.079363781719543
10.079364865151716
43.264714251068554
63.5276439958352
11.111551880867788
11.111552451308677
49.19786051126359
70.47869377527334
10.575464988102043
10.575464948178944
47.452715826822875
67.37062608640008
10.370294966731166
10.37029496576139
49.81358559805064
67.78852252766366
10.780457426578586
10.780457712271229
51.19573092918047
70.17140199836167
10.646565336548933
10.646565318766447
48.372632312609205
68.71769109224111
11.252261926065575
11.252263075545141
48.777565253424996
71.78234086359345
10.961813537875063
10.961814561357222
45.58668910517739
70.85321434020756
11.067982376174918
11.067980242717125
46.635521315264874
73.38423522405449
12.979497053455717
12.979501593941148
56.19047591215419
86.20757337249597
12.918303771466292
12.918302331572015
55.48790376628767
84.76927798006304
14.599976342245913
14.599976668032065
53.92432055912392
91.48223307033628
16.523779352125736
16.523779404598184
59.72921288977659
102.2635221451325
18.70910012094099
18.709099846562264
64.47856320237969
115.95829831920952
18.90576635733801
18.90576635717435
66.67798670085152
119.33944438243401
17.72177323442576
17.72177321908735
59.55833816761814
111.41916390187497
20.737807680402927
20.737807667672996
70.18449072757367
128.66453776385154
18.9307159334179
18.93071590746542
64.08327549095624
117.35067300281165
21.308196165265095
21.308196165258526
75.15324727261199
135.28798351032347
22.6687726069092
22.66877318203052
87.16892588552993
146.75451866520189
24.28471197837232
24.284712174377386
92.2497011176166
156.56984801356302
23.255586388215182
23.255586397887658
93.04285698814257
148.86789959941748
24.010358901601553
24.01036104801113
97.86486354041973
148.77781299322638
23.338462233734138
23.338462305354277
98.52683830316946
145.4920626731331
24.290456381495478
24.290456381241327
105.16151947721627
154.00725954665214
28.072816510502292
28.07281314998978
118.01175762353242
176.67999130238297
24.64936722192725
24.649367218924127
100.76846684920098
153.6657275718206
22.093031017312562
22.093036030893252
89.43157996218797
138.5425793192774
21.626612807084655
21.626611861475308
85.70009627637361
135.51738089528237
23.749776102413442
23.7497762865941
97.55740087727666
147.43026020904003
22.416778518012798
22.416778513714767
89.42393662959157
138.938514104674
22.65418140082702
22.654182218866158
91.58857563489471
138.90514278905917
20.532357242505114
20.532357842732225
84.20681190536237
126.9666847585133
20.955616530910078
20.955616096991047
87.40055631471792
128.19395203921204
21.072611421626288
21.072611417413015
82.85367136971568
126.27962630751063
22.723240404034296
22.723228464017236
91.17676828334314
137.41198264337226
20.478406737246626
20.478408681830167
85.08463609471391
125.12981164567275
21.482380244610937
21.482394965476548
88.38050536775637
126.19054564558247
22.9861719898527
22.986173516597137
95.90014781435964
133.8005380782935
23.870266940844722
23.870276413939372
95.33001752617687
136.50816151890243
21.911641046700808
21.911651346103437
83.30334318648362
125.26298937432465
22.662686962152808
22.66268493524304
92.86479232216587
130.77222737060393
25.279052529882946
25.279053439547337
101.11175941403403
145.06501230770763
25.20172429753788
25.20173163670276
100.43285233175922
144.19103385258836
25.008998960006508
25.008998120864913
98.24527080763244
145.720542476703
24.388998766872156
24.389004242819993
94.15438023111071
143.16735939467125
25.14197973113264
25.141990634779663
98.99389750524382
146.63230722607702
27.80739143071938
27.807389882773723
116.63713762357614
164.44439960836377
27.583996650043392
27.583991221564908
112.65593654858029
163.2865366728664
31.048758954106184
31.048761051589224
121.48882186516396
175.95396426463165
30.55940197834847
30.559412417788387
128.21820712509685
175.51895671717813
32.96096552837729
32.96102829693497
135.26026049154765
184.66972645832183
33.150482795837256
33.150497014287865
134.311156113136
186.52861806429289
33.452671823958816
33.45264223007034
134.9211072215049
188.03370700601985
34.24960082211452
34.24961848936285
142.67628293197842
195.57464859329343
31.416648687184672
31.41664900358494
129.03062946238714
177.82937480483523
29.54519207890232
29.54518628752321
112.43986999271115
161.36492908962617
29.12172236132905
29.121741455058928
111.5793594001102
159.37657325259013
25.10689263161332
25.10689482728861
101.98824503957101
139.2651315124353
26.212232642605915
26.212233201824855
99.92993349358369
140.95288973442447
26.226601252476936
26.226603313318552
93.25258599483499
138.51307402045194
25.595801223508484
25.595788686301244
88.98741423318089
134.81648414765192
25.623852984876592
25.623852616917596
87.6306713648902
135.31554671875435
28.997861494097947
28.997862457836053
103.23829665216137
154.60555072100135
27.710107695055854
27.710102117497215
95.11256737006546
148.1036627914343
28.87810656436503
28.87812145689395
94.97176328147025
153.1374754477183
27.072985929066448
27.07298593230067
87.80367825245263
142.6976588634848
27.663907787195804
27.663907781932163
100.87483787158504
150.73740210645164
27.406118148635016
27.406133623055286
103.58148744742039
148.16629846414423
26.334640353551425
26.334638286118953
100.44716214350017
143.87616339221918
24.57687367090367
24.576873519852914
93.59770545993266
135.80587791602497
23.832095899462146
23.83209699083485
88.05874068534841
129.5434118376145
25.68281306637014
25.682834128077946
95.28906570820959
138.7303108218809
24.577608015570814
24.577606167160482
93.19483192812133
132.6773757051514
24.568075229612184
24.568075489180146
96.6471092134947
132.4857469274765
26.97910370470627
26.979173378124948
105.93700011658034
144.43621357632315
26.33287069752278
26.332868018692746
102.08984072986469
141.62762500680822
25.16316166519931
25.16315978184095
91.6953153487868
134.62999563750307
26.06142460056791
26.061424599027802
101.42071545528061
144.17584821690775
23.713910477051993
23.71391047704229
92.47995032271729
133.48505996764888
25.195653622033365
25.195656666198143
97.79888958967628
140.62290495153658
24.422257611485616
24.42225697714468
95.04750220146448
136.57798412414448
24.121443152142774
24.121438247394014
91.2547031305144
132.50459938436757
27.49459258143797
27.494595405422615
104.65049109595114
150.18327941389407
26.68625063625047
26.68624010327472
106.76567973801491
147.85742213863423
27.92585293156978
27.92585319571475
107.14728072497036
154.40878470658012
23.973409050585673
23.973407249603916
90.94064344070546
133.84763050759295
31.126760217504916
31.12676423303514
123.64344614789029
172.7438190611843
30.389375296633734
30.389378495377613
115.6117456417874
167.17526711376138
35.79444140415828
35.794448846758385
127.95180484675348
193.4529750542428
33.47568675979902
33.47568494608611
118.38181842534618
178.5933492439374
32.65163128853627
32.65159040800384
117.39100372845529
178.2889366158505
30.689461258387954
30.689467458234848
113.59304372060474
173.50885372781556
29.103384902473707
29.10337521433919
99.69527891066117
160.64802086943374
25.458483645387023
25.458490509774638
80.94867966022025
141.09890776799912
23.82033292579516
23.8203295746056
78.1041986784077
133.02896726460745
25.529936790738393
25.52994062626084
81.23389164217981
142.21778710542904
26.429854944712478
26.429854795220393
80.44381664017249
142.45055052992586
27.605305154587118
27.605306559062857
82.68186504117438
146.67455680580895
29.3186720809287
29.31869631897804
89.37841322623157
157.27786401587866
25.764986340529735
25.764986569663375
82.01865222258323
138.9668497389141
22.380802642486366
22.38073907815214
72.2700774156222
120.73229733790488
23.103569181326268
23.103569189696533
75.10026606631092
127.36168766117774
24.020242194794747
24.020242194794776
78.36904656199484
131.72277030539317
25.37722249656498
25.37722301040154
78.73789530172684
139.07566243187114
27.77030780703917
27.770311042502442
91.71793531508315
150.95934975567135
28.859041798349814
28.859044130479724
92.29050702996537
157.6983782669626
30.06552134770591
30.065578692730565
89.55509262092377
160.0027160462118
29.36223513999124
29.362228897628285
83.57507151171127
152.8120841624843
28.21138430699114
28.211353039940477
79.63036647672503
144.97691561086583
26.12033970022706
26.12032671954433
73.73936194303715
135.67993114364532
23.554844220804256
23.554832562346572
71.97026044557006
128.40358583617663
22.39443765761108
22.394436436174733
67.57559114396449
121.37208486799548
22.340965369524458
22.34096559815014
65.91137958918047
123.70621879175607
23.000387211278134
23.000387200517928
68.8638220542007
131.56904359239823
22.005334224024537
22.005351928201
67.14642989721777
124.43375194678148
23.459970049131904
23.459971395958263
70.04701502978163
129.90592856830756
21.966096872765522
21.966077097465526
64.94524142579313
124.5375701786872
22.668377914847657
22.66837831422435
66.38629828881807
131.24828923678965
22.26272806163487
22.26272288539026
70.02051380057297
131.31392624348467
19.856164659962488
19.856163934551837
61.65544552101296
120.96776095732885
19.200759467539314
19.20075909288786
59.52786527190539
117.78265388902248
19.794283614703488
19.79428412752082
59.906883085190444
119.21270504401774
20.448333087329882
20.44833308715606
63.32620311630142
124.196959530975
22.254709485981948
22.25471033015281
70.413230525921
133.04099091686572
25.10413897444512
25.104138619533384
76.3746985431916
150.03062502168146
23.64507564049546
23.64507560210522
78.09625772509655
144.68491727891268
24.754351648414307
24.754351680166778
74.7882211949467
148.55977114078883
23.32289337719699
23.322890943327344
71.35452912942436
141.82615250397663
21.494848864259534
21.494848204780286
65.41498564927272
129.15656828676376
20.79110733229166
20.79110769900551
67.41045450918119
128.6069669152054
19.606836859985457
19.6068368632606
61.71945459980787
120.31747516094454
24.183968103074218
24.184013959747237
72.18579014768446
139.60142747966222
22.347277147840053
22.347280645976934
65.73681333108347
129.29794168545192
19.806462924329715
19.80646299727296
61.329440506413356
118.31908348259734
20.36253231201853
20.36253493441791
64.17717692155644
121.1701660620396
22.780864280234486
22.780867527292212
74.8246615435334
134.3590792360669
22.20808710096997
22.208060478377476
73.6623718310928
130.64158374940246
24.371942357539233
24.37193888093342
76.93383632791713
141.48000994618255
22.566837759242095
22.566837827415373
70.3811122798844
131.6933733260514
21.72115333018484
21.721143450194667
65.24140305213204
127.37880635905513
21.24713103266822
21.247131225103562
64.96371254886968
124.42603968915631
23.653115092293415
23.653115567165575
73.96120861565458
139.25789860651545
26.08173709736474
26.081738570849406
87.01645108144396
153.61120594665496
27.62498788294705
27.62499165608301
81.88158834671779
159.02612084321783
27.136332483954515
27.1363324009368
80.21774873531943
155.14389097251487
24.26052979390367
24.26054206672558
78.52010079558698
142.84585273848006
28.74614036270619
28.74637756003982
86.04955542746656
162.507300330718
26.919838616767528
26.919839837854298
79.98857567589137
150.52877378434061
26.998056832731862
26.998067631377243
81.42475147240823
149.4523313183447
28.772442168135534
28.772470497116185
92.91575471299898
159.7117740933536
27.827316243934796
27.827310518365614
96.09300987276272
158.82281522402832
29.556364208415054
29.55638691373506
92.80353883063212
166.9067111184573
29.792563561056685
29.792563251644015
91.0271102476253
167.36969357133847
29.529797435488412
29.529800984956374
87.35619099418525
164.0878965394383
29.960557103130196
29.960531829028096
89.54587877411622
167.18131770622915
30.410212484251005
30.41021633869118
90.47823344364649
168.5766536332585
27.850773852743103
27.85080529837902
88.16396865342257
155.59547337854042
26.008061938646705
26.008087809471498
80.00551645568092
144.21107704810373
27.862799965513595
27.862802205410958
85.7314451513234
154.8346122748093
28.19003642538449
28.190038146710435
88.7168497897735
157.4875074991276
27.37457280341319
27.374574637103844
88.21562031366341
155.46700409977547
24.80858972731665
24.808559078117888
76.5847236198919
140.1975885910255
26.293949875101617
26.293950061062908
76.70444362140134
148.17387249643107
26.30190482113889
26.30190644040049
75.6043642548903
148.6429483152796
25.83685007371954
25.836846167332496
72.95534967856285
144.57336253989865
24.408986637963373
24.40899559508787
72.99196921079003
136.5981182049143
25.228058344430682
25.22806304401504
72.52664136293406
138.60204476817998
26.18440630109575
26.18440547727807
73.54881542587388
142.87865002153532
22.690752090540016
22.690712624825473
65.86970574911923
125.8770721922905
22.913044337180338
22.913052655158943
66.33630755352846
126.22972322798502
24.460666400392483
24.460678956477672
69.90473352904885
134.19622065442488
23.26906220230043
23.269051600703882
66.44188332125728
128.6451527151987
23.016884639817505
23.016887751344782
65.70720986920205
127.04049085606172
22.13294045894557
22.132924000610917
64.40675390375685
123.06152534471875
21.64027136855368
21.64027842249706
62.08340518259661
119.04065920787333
22.564271572303742
22.564255933783713
66.76837612769974
126.52968854327385
24.862975128272538
24.86297645017293
72.41704425131485
137.77850120248831
24.134214812108084
24.13420197449909
70.1445777183244
134.88165249175177
25.21884936974
25.218850609632753
71.53446563788954
137.87098099973753
26.027097045761302
26.027100887182904
71.6856218723955
138.78671268962378
26.094139441328586
26.094109061811977
68.81024475115167
136.95422579477292
27.12679247515456
27.12682294750077
73.63956819858096
147.23623144152975
25.419857263245618
25.41974890053247
69.03496459144723
137.1396712658599
23.35483025825996
23.354860486485403
63.60212098238307
123.04828661613504
20.387791889813123
20.387777961837493
55.367456633197456
109.16535515775931
28.019367419923828
28.01936985217934
87.86175724623324
149.6065556854121
28.20867687246546
28.208703174613394
88.21916557069632
150.90778012300171
24.64201234226912
24.642010502516555
75.70356675491291
131.6530097829922
24.922319952856583
24.92232504886464
81.61994672066777
134.82437030326037
25.004190464306397
25.004215840982454
83.2002944272201
135.16170928560888
27.34134529874771
27.34134537339562
98.45823092068305
150.8367092224675
24.74094794341042
24.740928417203182
86.19427576539121
137.69348291982863
23.66114751471264
23.661143851517863
88.36565833887363
135.94928917359758
24.415466687512676
24.415468921605324
85.07046484822038
139.28600550004572
23.669332881457333
23.669332636945374
79.221573429539
134.35192148168125
23.445645458740877
23.445644452400682
70.76273164526928
124.78270242296585
23.581071049003775
23.58104907232219
79.93948605715121
128.85278186688262
29.32664043856159
29.32664535471193
97.18581136609441
160.5837753509459
25.625289118966133
25.625288773902312
82.94492976825188
141.82263284820692
25.80696778456622
25.806970193232907
82.11912756073595
140.68983580124456
26.849316988601895
26.849339772789932
87.55399041303522
145.1371207232608
26.139122852070454
26.13914295138379
77.00247878301762
137.03202230759985
25.54851722094436
25.548516739391815
72.16874497088517
137.08297858543736
24.516660563029777
24.516660332578553
76.74414479262292
130.17073549264285
26.637943743581786
26.63799539010438
82.13634325380572
136.74968056924064
29.011683091012138
29.011663954876695
92.42564997587085
148.87921609951786
24.66497889466663
24.66497824146666
77.76435564769365
129.8898014942037
26.474187326609812
26.474187936990774
80.85923754888674
137.3777442866129
27.99596828182135
27.99596612894291
85.93829843407794
145.44914065175664
25.91293036432996
25.912908587561038
77.82052780997311
134.57481433085647
25.866364070838298
25.866370825437453
79.84119383384777
133.9493063488972
25.39602557435835
25.39603058584366
69.7720119611639
130.33586581380277
26.320712619776852
26.320704444087923
80.97707181689677
137.36075694604145
27.377284628649253
27.377350672539677
90.3937761757418
146.6746698166621
26.53063758501497
26.530637542953727
87.80716344021381
148.05859989046294
25.797943160130988
25.797938900733104
83.39178284545909
145.03607393949991
22.3794419404712
22.379429612684184
73.95197133495553
130.73763634264753
22.04898412252964
22.04898540558438
66.55714268640921
126.06807113021088
23.813664943658253
23.813664754325927
68.00622579829094
133.62795653618474
21.397151592731117
21.397151777896628
59.854614437420885
118.92121820543338
22.750598039105714
22.750599732998676
63.56308539175386
129.9282975447689
21.798332642807434
21.798327901056894
66.306046978994
127.6367500445246
21.797572356737582
21.797572356738748
58.13755861169131
122.33262542859333
22.384376687554397
22.384376715071856
59.12983275805901
123.90135892444721
21.724919234223922
21.724919206928803
60.295696014235325
121.953536788709
23.019241680561922
23.019242218116407
63.14573241216861
126.95645257565121
23.52864403668984
23.528644030797462
62.31880274168744
130.30528594377856
23.86852245417442
23.86852348473957
67.15518628779328
128.6572774891779
23.44483748974146
23.44483748998824
65.59972423330464
125.34602693409062
22.856497354985848
22.856497353167704
62.897312987349174
116.75119958360989
23.878219397237782
23.878219397603882
68.25838778971521
121.63950262381614
21.31309244067101
21.313081894163012
63.7752361222792
110.99555237320563
22.218466374355113
22.218465378999596
71.03893976707964
121.06500834495496
23.57908690507857
23.57908690560913
76.15337116136052
129.39760445143372
21.799051440488316
21.79905429992076
71.57708478556808
122.01903380035479
24.039755584168198
24.039754405869342
84.77385093671579
136.71028194081586
26.262934517123238
26.262934139531023
89.83638869642472
145.41824762452143
25.55259429795532
25.552594665836047
84.92738595847919
144.06237097875004
24.06698213596407
24.06698210509202
81.82197060595132
138.42820194373758
22.806871085343325
22.80687119078949
74.82489843011787
132.5448100455669
22.069414141632727
22.069413519885053
70.23556281747977
127.0552320050771
20.454193799322884
20.454223723554783
58.96992290530338
114.41672196382211
20.08831692074592
20.088314959403125
61.12807703539374
112.78487636633545
18.425593094242828
18.425603905973123
50.99479033775845
101.91338996990105
17.09815034014977
17.09815037406778
48.4812390703833
94.6699712203803
18.607807757862265
18.60780774229656
53.737904700676765
104.53403592310808
18.34924728348739
18.349247283487387
53.35792227176737
106.29861805226699
17.09906611674535
17.09906718663817
48.91901521975404
101.38029204580269
18.97495736302562
18.974957348546692
56.30653647028474
113.43486638859531
22.47692964492936
22.47693058172425
69.49145202605399
133.0111857202164
24.05904104701673
24.0590400121118
77.72299846982044
144.43664567387182
23.769863340981065
23.76986335990237
77.51271442460747
141.62964056254907
24.509793673877756
24.509791586683395
86.46897360353123
148.95205086108862
24.228688085483874
24.228688098959477
86.68678606668918
145.87829849621528
22.51689415242025
22.516894149309266
81.46447238349806
134.84769370294595
23.04682585583914
23.0468254520809
90.19619287958771
142.6270612193167
20.580378983336725
20.580378980867874
85.25601776933279
128.13141500973504
20.442177169612208
20.442177283516447
84.38328790911714
127.52879088451081
17.25450683754481
17.25450704643205
69.68108717925986
109.0859009928703
18.458305988305664
18.458306234408777
74.34632591387329
116.43747179037274
18.128395949978174
18.128394934156724
67.74792275440268
114.60253182891037
16.320919402280612
16.320919399184056
58.96543850200322
104.66194070428905
18.267891311209905
18.267893023499095
58.21339731544538
113.50761497006886
18.19046833971187
18.190468346250377
61.68093026114506
114.11814970899452
15.101007154491137
15.101007164629502
47.24814153980486
92.81658079837042
14.25071927633097
14.25071925053535
48.09887841870148
89.0364036658274
13.19532275513032
13.195322816251469
43.15543381096087
79.55676663136722
12.683228693611616
12.683228693611605
41.008197480915975
77.31840085650104
14.00170138940944
14.001701389211128
47.91639082290744
83.19919604304161
12.028006446160244
12.028005343796192
39.08404355601724
73.75562458330187
11.026244013832393
11.026244761043424
38.78143941458097
69.25370646496907
11.860640622113346
11.860640917904906
36.93861030020224
71.7286703562784
12.068033835800904
12.068033834855814
38.82904424938999
75.16532002921717
13.030686119601635
13.03068704263629
40.20961807654118
78.00685504627776
10.822517596108796
10.822517270677578
33.786294623597755
67.01078454109934
11.886740052490872
11.886739771302155
36.118338949745
71.60571070382285
13.914410351214256
13.914410397003348
40.96078005575414
83.38641094640069
14.730122135159373
14.730122132251013
43.424826824600565
88.28050201649178
14.663751993006723
14.663750242644715
41.733346719498144
87.89763140030597
13.296615883374914
13.296615883668673
38.521143086343294
77.726302365743
13.907681069150454
13.907680995179852
37.51689563833772
81.046499969418
13.308500397574532
13.308501124159093
35.880073635586115
77.87485266989091
12.691265796096518
12.691265655818869
38.85045724039839
76.85757602568337
13.981220853169596
13.981222198945755
37.79639994652027
80.55646130356808
14.84279701640306
14.842797532227369
40.71221231314645
85.8155427686959
15.858551733172133
15.858550324148329
44.11515531003459
88.96692989234143
16.77208257210248
16.772082764702287
43.31743019424457
88.6070643971143
15.835819207034072
15.83579794938441
45.347332789295194
85.12817175419349
14.722141483760392
14.722137826063458
40.463891841515185
80.51052238010355
15.557982278989357
15.558008516077718
42.51530952429458
84.81507455064211
15.56311533143203
15.563112335642288
39.27687958278601
82.71043008093731
14.69522668297241
14.695220192842712
40.660101459839346
79.3497932687861
13.132229214321457
13.132225407241
37.03290420262952
71.5953340676311
16.31100820119104
16.31100906966189
43.2271529854769
88.15734440434476
14.47819883853244
14.478195174842162
41.61648358914225
80.10213676231263
13.944074748789543
13.944074734543262
39.327299877303155
78.01334075731823
13.853112474896564
13.853112472552569
39.468767911917716
79.06670810628461
14.638560087137297
14.638562946426026
40.460585507506565
82.29406018976718
13.907871014950642
13.907871360657929
39.4314271027427
79.2884603188048
13.453812818367586
13.453811353268275
39.997284412421
78.52277971135914
13.467946318159749
13.467946344084812
39.062700227251256
77.7434990855847
13.600191176676182
13.60019302866777
39.647715895165426
77.26291361858112
13.411342271263416
13.411341473670898
38.85932322432927
77.80174610491272
14.810670980204781
14.810671295643258
40.957436283171724
83.54143689275159
14.6549495781932
14.654948809381821
39.43763843540612
80.8187164436773
15.851282092519751
15.851283881622928
41.0589237002812
84.9753688037946
16.028836723521774
16.028836218923075
43.68416754378742
88.87260052091908
18.017015546839854
18.017014837247373
47.14015612429271
96.82607094205017
21.246036758274617
21.246037715512404
51.731904468315456
109.02013343416642
24.12162250539939
24.12162312894739
56.125967116836605
121.1734508196328
26.09429920531372
26.094301809202246
61.78463468112716
131.21429476463192
28.104463702399055
28.104487505931615
67.60293026465327
143.58255131279225
26.93700353642815
26.937003229203793
63.78432739205571
136.62126379141515
26.85758254886149
26.857607095736103
67.3209460616028
140.71037427080566
25.850848050967546
25.850855813405758
64.28329035301232
136.37274965447105
28.277792254314924
28.277792289135466
68.85235287643445
146.6210733006367
26.998115370230813
26.998119895987703
62.710201544083546
135.09092059151345
29.06737076031719
29.06737277121448
71.10692987278576
147.72281248769758
25.872701008149555
25.872690451018027
61.55723926046015
131.53455378450997
24.420098591486674
24.42008749571078
56.8514030848294
125.94436985324492
25.008381103848247
25.0083515087451
63.87605078155158
130.05573298867787
23.73214092225088
23.732138724614742
54.92487700078684
117.8198773896069
25.880745787578167
25.88076478764252
62.09460849333595
128.08057029114804
27.419342726357613
27.419349931059067
72.82525471497448
147.0444332869013
26.25621177562419
26.2562201623398
67.79391140040094
139.7744740808284
23.807842907943026
23.807857362122952
60.54411376491765
126.53968925845405
23.2657946124103
23.26579546603024
59.164101873090836
123.90913023634735
20.95568019072769
20.95568063397125
54.30864050244454
113.17586955664599
20.34996412447586
20.349967164195185
53.13009678711699
108.91081998562422
20.615482983684867
20.61548297999052
49.56980095025902
106.19176762831326
26.736978370169336
26.737078908215356
70.67897306961278
139.95610414553738
29.950889994534222
29.950898354753566
80.05188334581361
157.93354604891584
28.74620248774438
28.746193165564858
71.94055221574646
150.00787585145864
31.17160669818763
31.171606698452987
82.92453417993649
163.72643307703325
30.07602726508574
30.076027349675762
84.3667097040358
160.87497258167284
28.034556646633387
28.03456422895526
73.89827608646691
151.0479193938374
30.809560645057655
30.809560667221803
82.14075277431431
162.28238955495598
33.19076580906705
33.19076580906705
89.93717988390117
171.9421109756536
33.72306340441817
33.72306340419423
91.02648196832541
171.59188939805028
31.83816607536809
31.838161923844225
75.29842145488827
162.5438963585942
28.468782073171074
28.468782694582938
65.64986552185977
140.81939963302526
26.037689361256092
26.03770790605136
64.25425267530215
131.05110689167273
