0
60.17703324664511
1.6685144688293942
.16529927526463747
0
36.02255765459753
.8707365749950087
.11830447772455245
0
32.37638029119561
.6861772071438286
.10218137861197787
0
25.94223330791702
.5968000751499077
.09806680478647582
0
16.34582331323387
.4520093403134045
.08436189801921894
47984975843163736e-36
133.20992632664857
1.9641654141129452
.12596240519313254
9258102213918439e-35
125.81576594819592
2.448199346698108
.12917438632523176
7423234013429745e-35
103.56771690695234
1.157392412551095
.0979425224144119
1116856954625235e-34
102.14197527005422
.6688282778379225
.07226625303924251
11677614525669507e-35
74.8582695564052
.5715493986911118
.07353915244658743
11018468578744563e-35
69.88060158781975
.5087889214916621
.06864338248358084
15581745009390503e-35
108.25340690585186
1.076647624794093
.10229469106218313
14713350449263783e-35
121.32726937913523
1.0668983674107653
.09704294434599443
12374731167075495e-35
49.82814869030768
.4843787106074978
.07463384221988664
11717479213642291e-35
53.599068766309
.4829542860913138
.07126073306184164
9191342009582276e-35
22.607984434010802
.289028987982561
.05325486850232221
7537037563610277e-35
18.083580082574244
.221110239930093
.04306264394617069
8260052907952223e-35
30.20739342569537
.26788973848176767
.048139449568383647
11246902211883074e-35
62.21252180142145
.49126837843658516
.06924824955571103
11431144527338564e-35
48.475632387703385
.4505238397254041
.0690463761007889
12287110679702099e-35
62.66382942936803
.5342417656047035
.07542903090239426
1297752935726131e-34
49.183154600962894
.5258138853242434
.07863771389788396
13349898709229388e-35
59.76464459964457
.616492931737964
.08262735500940478
13701132602357834e-35
58.39993039449258
.593185669294202
.08414245424043283
12861674758384841e-35
28.96044211719884
.4256350808967799
.07539025388537936
15385542177893045e-35
50.83893663903634
.6602847092737861
.09469134249140798
10237279973595399e-35
20.871844398002455
.30799095717217934
.05724476314769867
10533351068410351e-35
25.09205143366194
.3334817683923158
.059448929009327
10631136862180936e-35
35.627635481060075
.3894653897134857
.06184585885963374
10556173732801507e-35
37.56469192091443
.3999713273741441
.061930434717956034
11417472187745842e-35
43.34183664781377
.4497172097459952
.06726014219155346
10670813849699889e-35
44.69169251948
.39812603494484183
.06229922808711231
1094500710147396e-34
30.65454652045207
.3442363487550682
.06013052977586906
13226084304907577e-35
56.57426281737821
.5392739857548688
.07632878807969018
14794941506796024e-35
72.51498115482757
.7683608011298025
.08860101696117623
15519019265269966e-35
92.91808365309798
1.0692369675627404
.10206170325962607
166773412046561e-33
84.5486164213283
1.0897622166083891
.10870470570845303
168339417706553e-33
71.85364167360034
1.0003719197102354
.10790513652626911
23609358614123405e-35
117.15550582045809
2.682506671725367
.16581151651209636
22772560158589045e-35
77.13452937486801
1.6741520567964017
.1481257714768868
20483522145388508e-35
43.952283097184505
.9388604368181455
.12357841738720061
18062435201516414e-35
46.04256385804425
1.0191544597275437
.13060078210606815
1203090178838633e-34
55.078543141429385
1.365575302968288
.1501675678571538
11003340411291845e-35
45.02139608279782
1.0884233389149365
.13436948321341458
9267407197550815e-35
42.32436164558734
.8997037191780956
.11479698546790373
7561785413876005e-35
25.793046114644664
.6580846688678397
.10262873563611376
7100147485707484e-35
18.98112433201044
.5448138028267547
.09502287010898636
6790235583168648e-35
20.500190844698135
.5239768028154178
.09108578958160646
5817266133774019e-35
18.03891418903895
.4281556160498379
.07746195738344401
7318670349288991e-35
26.826474080930115
.6530297940515579
.10228955941153853
2975942624810011e-35
17.01690542309252
.48907427098254996
.08996166883900344
4344342989083539e-35
20.541853154629102
.5693743691615781
.09890883383661365
43577862865883365e-36
34.86699341044095
.9155172402805882
.13119179835477193
4733202753844065e-35
46.53879991124523
1.3709427588212826
.1654628931868392
7441563601015152e-35
38.29697026610341
1.291281077927397
.16788870621233223
7728614501158151e-35
46.85860844189718
1.4962120528453704
.1773477705227061
7501479052913832e-35
44.83500403621061
1.6938403089772218
.19605583603448945
3838742253416052e-26
60.591580805570835
2.3788116579985314
.20328718893354433
7068076462411685e-35
55.20683806510189
2.22192417251407
.1972396542986321
11753873063963946e-35
71.34935396265516
3.175213922074455
.22047621134792195
9461440157712014e-35
55.625875985601304
1.8084583985311173
.1664917770240105
9415850653677826e-35
50.053491347304146
1.783532482544605
.1661677570072216
8598034113737039e-35
44.726539728903084
1.392673807898523
.14801544345319623
11359919997205484e-35
54.04610382746781
1.7671019189262709
.16080716284199792
7960625115215287e-35
45.16238514316392
1.319239747403853
.14399790168436108
9521090996179777e-35
56.806764600336706
2.2920024680052555
.1896636564994537
6234994050169987e-35
53.06257902155189
2.69772066743156
.22089450215737655
52837620330319294e-36
60.41546269392174
3.158747599504507
.22832252396448757
6813980319844073e-35
56.58712699696778
2.7898829554958957
.2075729843238396
4490756274403441e-35
56.14039715754109
2.1251981448488064
.16387937605239225
25705093339849855e-36
62.93832715505027
2.5214803153558623
.1835980986080442
25788092557877724e-36
61.62721871016764
2.852515778345672
.19263074335048097
40171284440821884e-32
67.54928737817475
3.811591971417143
.21135003957883572
8978443519345372e-25
64.7078831947484
3.3174612898793256
.18778531726601833
10137941238670665e-35
67.20995098218147
3.4330049926917745
.18545124088654666
11847436338809986e-35
76.39679481943536
4.74274750184188
.22166249043879438
18195377660228914e-35
81.04975153168864
5.145047299665327
.2387165106684592
27336931951505324e-35
70.23051802216368
4.006098748605312
.2506526011150785
807445238627775e-34
68.88572568817649
4.476336181918687
.2581173115301616
1226333967726018e-34
88.36297204460439
6.989881331136343
.3133473679580715
10889539555463182e-35
83.81957908230943
5.615256818559678
.2673080157406512
1280032168636688e-34
89.03383490855992
7.639734831066984
.3261151000850045
1468349014465346e-34
95.7653054071445
9.517476840215847
.40498819483841364
23835623629778276e-35
78.28045446718588
7.413933893839692
.3638169807630728
1489838369120258e-34
50.56595880647556
3.909431509202733
.2762822082240866
35121050661102145e-35
43.137508205004835
3.246002708783788
.25483336166932496
3231617743732236e-34
39.17995463901241
2.6702033734178916
.23412177181166038
26463933696496645e-35
32.82447056737374
1.855920377083186
.18522761858991932
24741104299612346e-35
23.91147468603822
1.3902311050779361
.168634746668042
250734715231677e-33
26.806210463443186
1.4930685635787808
.17164131693716053
25093230426876726e-35
35.37783861369619
1.8507126699194045
.1790707051022932
2257393271221586e-34
32.94082126125774
1.4349136805103473
.15766033143301997
20482908673132728e-35
29.54722670185966
1.1201281337056503
.1383174546211845
2794621976348587e-34
42.65911422608405
2.2038006780396824
.19970492750807764
35190930666560965e-35
59.84935011853257
4.3240726245966
.2808684408570297
35590349207974064e-35
59.8911195428479
4.398153459894972
.2865749641055387
42780380384222207e-35
56.378985927483754
4.5862858886904325
.33935922124074996
5246593391877313e-34
73.92416486828088
7.3291069756662965
.4478484056370594
4949628300478982e-34
68.84026561127472
6.275616090533108
.4064846519216945
4519033279577378e-34
57.10393512693138
5.334492142504507
.3636019685047086
4077182264186929e-34
75.60040628652011
6.97064746422396
.3470077543501826
35108790047709296e-35
59.90017875731853
4.807392634227374
.27917556569609614
3519364811547672e-34
57.60935176212024
4.625307511139024
.27941604369470313
38395645887587765e-35
67.60405344639754
5.872804904904614
.31843123921214467
38296824857775514e-35
78.20592153918246
6.776323619784678
.3286802881218435
3440382694380224e-34
67.40167832297178
5.753734657849697
.28963483957711633
35357504420933463e-35
61.13087854728056
5.0574798722359535
.28818477494928885
319350072552974e-33
66.16795896246187
4.90987788734907
.25755075572579395
3270745964210524e-34
68.41417223852471
5.303635336980139
.2689913989115342
3298558671448194e-34
59.981142928871535
4.420725764107998
.26137738456231413
27102561572459153e-35
48.58604467170518
2.59921195942853
.19743370782795874
32228689231977394e-35
54.67547021397464
3.4017927504475747
.24380732048080656
2811814264770208e-34
48.05350024077366
2.4557597723754405
.20295024702238362
2317209998610371e-34
39.35069067969843
1.8636379092785205
.1658031488075747
2333790900556998e-34
38.54861221765184
1.7935658989814247
.16505838834190217
26007659159770957e-35
47.39716599287157
2.289307323624675
.18585268539363126
2293961235461969e-34
36.194452918779874
1.5005568149851898
.15600205107424261
2018741003629317e-34
32.048756329642345
1.1321345115230885
.13364824523632016
1974544026146399e-34
35.34386293495574
1.2848132856601573
.134271947181688
1947711312106088e-34
31.155129630322396
1.270782484502144
.13355687871806285
18032959875197492e-35
18.611388823891257
.773716689448271
.11360143017823114
1681691855263313e-34
16.831447933179152
.6601707478173823
.10386389441627249
2163740392838224e-34
22.772024101607766
1.0301991731077556
.138942701202256
21871415781238935e-35
32.68600513771433
1.371286803383975
.14741737726640694
21165814623514925e-35
32.44821911467048
1.3230951063774508
.14306726769304504
2435738229242672e-34
30.29996312820052
1.5419458190426636
.16602380758596944
22242520289842736e-35
32.80056120149121
1.4395110349891795
.15117668923632016
23395065249584146e-35
30.00614268995157
1.3696749324233886
.15632396130697424
23882928412380553e-35
34.00526453070059
1.7828437870080507
.16732018144697672
20266014618826093e-35
30.659428080716452
1.4349242903779726
.14007850044537576
24535028590047444e-35
36.472757555803
2.1390497063066896
.17704311725474461
2198369473410799e-34
26.586938294896083
1.2409877605256563
.14641079365908594
1721071761358344e-34
20.991264546850427
.8327538448197127
.1108225611005158
17333776194306306e-35
25.853261119946033
1.0128960606996293
.11601055351694266
14774253949623232e-35
24.471985923203203
.7928442104475959
.0973455310723418
16317610390823003e-35
30.63410535411563
1.1916696144507657
.11618671026014013
12445800971845595e-35
20.677217491491728
.6100619164244512
.08111570241657867
1509799538194839e-34
22.310577708822336
.7684528879708427
.09900629281494676
19630767623556533e-35
30.49198364782229
1.3471356119472355
.1364205568847115
22124165101895597e-35
35.4888066189984
1.7532427659927086
.15722972632809937
22149924129913824e-35
39.64032187895782
1.923769538916528
.15813510004682876
2657634222507152e-34
43.34061414210173
2.4297309599818537
.1928256765938514
22032112649940203e-35
34.87062795939627
1.724838696663971
.15563853879687037
17140389852732867e-35
23.912587523343046
.9331930427146279
.11262766426080001
18638223562905107e-35
29.483993790805272
1.290220593316614
.12875085581670095
1646328055080592e-34
25.91204179552201
1.0306920357963194
.11235611429725174
19887180531607518e-35
44.138217328978534
2.315206170525566
.15231448797650107
17164322176718966e-35
31.0457029381377
1.2168824741407323
.1206342632558875
15426606525679485e-35
35.63792408232703
1.2485739420523594
.11035710496589225
14552126395508121e-35
33.59509080808331
1.0057355405684103
.10090755800237798
13495036255023062e-35
33.80106483907569
.914004660660658
.09398622115493918
14113338290290937e-35
30.05881088695768
.8505551599779542
.09588127689397155
11748933244315255e-35
25.617378446752713
.588729143466925
.07690375921531048
9905878837083613e-35
14.684417682457635
.3726903985133508
.06184134713699122
10043245500203608e-35
21.59961441894325
.4438759207596719
.06467209494190128
13347706348609008e-35
39.645194353728776
.9519351277978488
.09475453543094274
14143746967733043e-35
37.82448796791407
.979276116963944
.09892280390264557
1432705818032208e-34
42.72375896919505
1.0397021714158907
.09977503625333356
1556862979150908e-34
66.74952608808235
2.0334095589613796
.11808692056376076
16050491614361016e-35
74.0587829473371
2.7871016242394497
.12646759430711363
1909755957050822e-34
86.12985811460908
5.231546170253239
.16180752803022205
18001661855500898e-35
84.00830559435745
4.5505673179673956
.15229274971340176
18044597925842694e-35
78.2891923852898
4.318387054183206
.15433975089439
17801273699817709e-35
71.98430691913921
4.819977106171778
.15751525065906766
21424185811230897e-35
89.37260377227621
9.272943724891897
.216494010444917
189134716828425e-33
78.99027709387815
7.783732126540781
.18994060765783866
1880624034059723e-34
77.48784891080554
6.107839008647171
.1735979405502703
19745407511316374e-35
76.59960919541491
5.896940675702302
.17600520544985146
20891021690720335e-35
87.44531921560717
8.055748160423361
.1951003560511518
19089522587482417e-35
85.43591326140448
7.3382863384958865
.17750259219466016
16638750982560902e-35
79.1319278379187
5.368907463265772
.14494666136268078
19285987369537714e-35
79.38049724755398
6.6371599042789695
.17476134784103953
19367140127385236e-35
78.22361853586605
6.563476939532137
.17907372469124835
19123166294761739e-35
59.16665858649281
3.598620230740653
.15823226927404682
1919624886445274e-34
50.72785392957561
2.722380042482698
.15358178412039056
20486369942484385e-35
48.74490972011321
2.6462772126776857
.15867498718696316
2257363456743946e-34
63.804245505190266
3.4213197707626577
.1796094710992184
22480990386557526e-35
71.89092764241553
4.02898125881566
.1866739282167076
19370963750372865e-35
59.6768796528531
3.095676148156574
.1602216024165159
23714017926648015e-35
74.73700996853833
5.013497405803645
.20569834486301675
215417373061727e-33
66.17153286540639
4.093280927028865
.18022814199283355
21980830214733106e-35
79.59022994722255
4.7583597987626
.1840464388835094
17928308813798339e-35
65.27535843411914
2.891076904485316
.14141463385620734
15373350152421362e-35
63.34870140131616
2.0372762441190573
.11644886092995507
18401156615884825e-35
65.50138599516538
3.1675681083948857
.1479200301160501
20461446915910738e-35
69.13490262528062
3.6545722828998293
.16292541546543413
16355222589093725e-35
50.4674312817549
1.8480981066321813
.12312769988568784
19140656725511345e-35
72.72415166372134
3.410309215546438
.1529104416683761
2403342361320159e-34
77.0150940406196
5.921627535359817
.20768735346855569
22950413494105465e-35
93.72824467994263
7.860832437250151
.2113035707689283
21644533952253502e-35
95.90527774037815
7.148276367625453
.19495007624165112
2107436796781176e-34
77.92016941011093
4.679607422801144
.17455902564684625
20982395441711414e-35
72.37678980450704
3.4683190232492636
.1654718583323505
2284240310793665e-34
76.29777893103086
3.9716628739268613
.18385986620013894
2314376177052972e-34
78.67968861444979
4.609143174465194
.1890651072568121
2594331387719156e-34
92.21406784771129
6.413760407300035
.22402795887249236
2699336519998655e-34
95.92696540571198
6.18441208423799
.2301359507378062
27662431004748817e-35
80.63906213042249
5.614484186653507
.2292879590679146
2769622126963139e-34
103.3311698026012
7.022612843259404
.2371121153086602
2438925569690202e-34
85.63388471515458
4.746484207025704
.19502159110970618
21645534542331754e-35
68.72535651764856
2.601340757416274
.15913006591935938
23169029191563567e-35
84.12844704940913
3.2877963080255874
.17454399773762996
18600334006250638e-35
47.284132646119346
1.149830345094161
.1236314186312818
19342868504827416e-35
43.01743314293465
1.1408743980173703
.12824030847704085
2010542978670183e-34
51.48929123178865
1.3936915305841107
.1367215184388927
22124337936132275e-35
63.133937975965566
2.156270700193118
.15920963446934822
17122022303782139e-35
42.88726920381864
1.0618244044721814
.11504285175999544
1592448373295951e-34
34.70230194059809
.8535834733819848
.105024043730124
18613389628479442e-35
40.299661729081095
1.1772641156960957
.12696108421140384
16323561989262117e-35
36.51239312307075
.9703590893296883
.11005039156171895
19600985543523442e-35
50.46822168365001
1.6867245443225116
.14030536881161826
15012309734803601e-35
28.477624300930657
.7720225755535457
.09937449828282233
16689928234635752e-35
29.759967374503372
.9360241909029487
.11338932465301765
1373079201788561e-34
22.670980650246783
.6127101353765895
.08839604830977257
1336855202687634e-34
21.84716503522404
.5599844116084358
.08571159765942483
13082433377854855e-35
21.671521676168975
.4971007401755149
.07890419256384085
12940141767574577e-35
38.09457075873071
.5978679201410182
.08002570450678936
11160282038330237e-35
27.210662382600916
.43233675469073574
.06701560584270776
1275527585955888e-34
44.669839151694546
.6570406898164086
.0800822929531391
14070009184561503e-35
44.384226153327894
.6914114815329452
.08756382788940308
1345775483503116e-34
30.000729474789622
.5255344153991394
.08051949195443125
10363870425174524e-35
17.59050831124477
.345174648458346
.06026712166040251
11488928280312636e-35
13.952591330387422
.33267914358669326
.06138167341983967
10884350431867983e-35
15.695256129214973
.32907424520890066
.0600606239056288
10149430819312176e-35
11.124920022585602
.28244799213544114
.05500861804267815
1143855969517722e-34
24.673550220226975
.42754851721629283
.06752570979349952
23411751523500065e-35
36.19326683754081
.6422629618895672
.08761321264659612
2477725941601883e-34
43.731657114162445
.8111737782684934
.0960688502346541
483606472995236e-33
27.91978617792552
.4925720130779384
.07306715159253645
5714761347835506e-34
36.10578615870789
.6466000091182216
.0837631435724402
500047061599719e-33
31.811513622363137
.5318295962795809
.07409154660300643
5076332221208625e-34
27.021204010718144
.5146209816507001
.07478836846412727
5222857993227664e-34
25.662250169365667
.5040995317861219
.07614335521639265
4790245031478518e-34
22.948248392378993
.4312899689885506
.0688930925248175
4798038066078672e-34
22.394887621411563
.42886041539381947
.06899893983662658
4370985146153017e-34
15.931847105913022
.3408498607434645
.061092138406978136
40301100249790694e-35
13.357864869747933
.29495710905834877
.05551929283905934
4630539790945624e-34
12.047769192550245
.3352635427862626
.06372321379414032
4898005188175237e-34
10.831541612291003
.33902582595111597
.06681296578094775
490353873166367e-33
10.040130673931717
.3285036926394418
.06614530166078765
544055684978344e-33
14.185733274800453
.4056435897827991
.07512381593877693
6008387676313162e-34
21.232981498934066
.5140409522985658
.08624103087385002
53253508309840285e-35
14.321640266861301
.4061754563410766
.07476134000885878
5117287626798623e-34
14.38060420281821
.3911834620205938
.0717948444214712
3088393718201453e-34
14.38129874498141
.3971047210375315
.07308886969011173
26758605442632077e-35
11.131828690733995
.31878527030456155
.06228439955172689
2986093426562135e-34
14.531334039600088
.3789842428875596
.07036398621208619
38348260582875415e-35
25.06921790857529
.5893684839976945
.09384486134691819
3040477578985729e-34
17.956950143603034
.4013013659866333
.07210681057029676
3726926535775694e-34
19.37167529135724
.5217970614097679
.08959033782014628
35294046654984816e-35
22.93720325483175
.5198525491733366
.08625198069635705
32674058111685216e-35
21.216273428032434
.524999910373383
.08936697787276064
32337341444720556e-35
24.376644298105138
.5347895033789376
.08907210203787273
3252409089583561e-34
18.72188275327699
.5096677423539009
.08883484707103285
3421314045688847e-34
18.81018165868052
.5413952259836254
.09372886570876002
3785151155304737e-34
24.640240266288526
.7074292325234209
.10719943713556519
427191973534486e-33
31.780256631940155
.9261146059268387
.123995801985934
4992858285811309e-34
37.657995268728634
1.1848278077408763
.14471348740350778
5434872702927051e-34
44.81536152523538
1.4690050074214982
.16251094079271908
5085831105356105e-34
44.852510406974666
1.4778795702671688
.15375521513247045
5362760372353431e-34
51.613061704812864
1.8236680407932264
.1701546683628014
4769670277491737e-34
35.60804707191
1.085793376305197
.1423415863445295
39218122050162567e-35
32.28935975904
.8955377805845273
.1180221600845975
29573220750102646e-35
20.040242534241862
.5126444101669201
.08450679397070521
33847987166361673e-35
26.39185227995894
.6655414589770273
.09929473146022519
26425723255651684e-35
19.81047230450954
.4564729745825594
.07550357588748378
2586795721105228e-34
23.22316644689876
.4350477351959912
.06956081751854963
21040054634869491e-35
17.569662411352304
.3050935894319885
.05475775249062343
1031686068826751e-34
16.079449336487887
.3100915537032517
.056312664794467476
1149085737342811e-34
16.918892651665658
.3602323177107195
.06418715998813494
26681810769411907e-35
13.761298007245484
.3133956569470297
.057778400163451066
21932664527818246e-35
5.606378106684646
.20779940356657067
.045202630026508914
2599643479850563e-34
9.088719326387526
.2722289992964651
.05487543658403815
22042939968424683e-35
4.92207313244781
.20907637379588787
.0456587226368684
2450819492150016e-34
4.746282907161853
.2313615044772161
.05075946467807607
3124885298914337e-34
10.870028933692728
.35971045296454957
.06821983316653438
29343668966226997e-35
11.48563094751538
.3488435452826796
.06518994568752597
2819744705423514e-34
9.24877506899878
.31610748725164484
.06157425973584976
2714007582251365e-34
10.124692792281301
.3012942260502154
.05816779211931714
3536705222974703e-34
15.918647819271092
.4842417225871798
.07963707738383236
34065687137979945e-35
18.644676857624077
.5096305043529126
.07820788353285392
3153444486837256e-34
19.37376233451997
.49782580675155996
.07339196553226236
29951862982605523e-35
16.92457208601111
.42608416418611433
.06830427890610163
39340197135105844e-35
36.32412233450672
1.0157518513296075
.10091971795338926
28183921782717856e-35
35.83436113452201
.8922255460208317
.08757411196719372
2870845562951014e-34
43.31157553195107
1.1423486337504765
.09233547658277381
35202938211713014e-35
52.65941543948339
1.7463498998390214
.1172985768707459
3453129388523047e-34
51.499735799474905
1.839945214346169
.11202828218799872
3299585928831345e-34
50.09752142522852
1.472596650375034
.10106883799137983
283725142745432e-33
41.86068917047005
.9042588385381207
.08405767271943639
2836524513282269e-34
45.59121070279337
.8969028692104314
.08276435788155191
2737000630552523e-34
41.149994702970254
.9574276791377081
.08343532000372889
29190420485630857e-35
37.779188093507564
.9158951232471371
.08622757510779673
32163186947466634e-35
56.24149648014777
1.9600354516301028
.10696296508161503
3264260714853051e-34
54.83464962844217
2.26557782938921
.11300635952901465
3475924560448275e-34
73.63251863089218
3.886700382169279
.12912946242448228
31524935153971765e-35
70.2134689118924
2.500813474187759
.11060219744612415
28429040581787165e-35
62.57303363816182
2.4591712582549516
.1043983758469744
2661612013756975e-34
47.33713548112254
1.243362439548146
.08456713417236862
2844866896104201e-34
62.50814593785836
1.7878668873385068
.09335299226477282
21955292330966644e-35
49.513812100558816
.9462525710427762
.06804515157386601
2432385412767411e-34
47.41155845659357
.902050032091726
.0733063623932984
21389535214279248e-35
31.339031501373057
.5189422696503188
.05822161593546762
2258512017486508e-34
43.762862101772924
.7168888687990694
.06468471146152972
26562109399205493e-35
47.84489758847048
1.051056954028902
.08027711153677287
2725181687704354e-34
50.94998975855654
1.161285324645109
.08101472992439022
36040813802032166e-35
65.02199124419872
1.909213676958329
.09870075669085188
55281337216415875e-35
88.70791315336966
5.763996552621804
.15795478376426264
535763960885918e-33
87.7914123436633
5.870869222409798
.15711842703130244
541605971890695e-33
95.17243092562627
7.475862211794888
.1670781279396763
4512457925033181e-34
100.47128355915595
7.222320274116885
.137491311403747
4566558388002689e-34
105.05893224655142
8.117957230863986
.13902394422974648
4591066192981663e-34
114.4522729910041
6.895674212840222
.13117211830661024
5127620745427379e-34
109.46971276512916
5.672040005016864
.14044235175546602
5927386455448798e-34
116.61140017679801
8.260485891179131
.1715678106337753
4578952085862721e-34
102.89558582141095
5.469032751022197
.14641209507411448
4783956875642844e-34
107.54055899895486
7.013198379822928
.15688472492279917
35142737775293903e-35
103.13983477043514
3.9913628086091104
.11334055343469372
4344956101466049e-34
104.87345595421188
4.591267614780481
.13855352088885997
2996700969500803e-34
82.67440951199792
1.8714806972360376
.09273044445990973
29798760062001423e-35
87.36546995508257
1.6791148645727876
.09143395010720057
2621693363903983e-34
60.52549405589832
.9158096766887797
.07876564605013897
2319309641476982e-34
45.723886504846625
.5973095044386031
.06653071028264461
2533490654068879e-34
64.54001192143349
.977946981705154
.07679009350823861
3225066439582901e-34
76.94234598850971
1.9390193232732598
.10462370870543175
3906161577554454e-34
85.23100586575028
2.982058652085062
.1302017984916826
41877205746209183e-35
87.54960555500777
2.969133847956642
.13801136230426722
4344992379220459e-34
92.2716964850665
3.43532632329406
.14559527428203206
3691544536962741e-34
84.99118813202766
2.507642901896027
.12402422927954658
4337057255198423e-34
90.56030044570603
4.523175392017378
.15890764043046945
37374997580831653e-35
89.73807380066101
2.2816646897951265
.1250955763663968
35282496740153844e-35
90.02702507175972
2.2822101801298267
.12069240616248876
3284719745251361e-34
76.48284759032187
1.6594769287096025
.10975280874999288
3204922200689071e-34
64.88017502426776
1.1809985031382781
.10130270910980009
30998992308972453e-35
50.92284864403117
.9130510137849386
.09664208673008877
34901969748933187e-35
43.98698643699947
.8609680389916573
.10498391177043478
4438148972113601e-34
57.13556363332405
1.3822616129280778
.1382307620559455
38237768005861956e-35
39.39952814302547
.8615969668626011
.11144455348503615
3625067607662711e-34
46.12460597500847
.9633311070442705
.1090365549860879
3931391412614964e-34
63.979212713687005
1.6168297126600628
.13227251732144357
49082730892401395e-35
87.22962238246181
2.8820292194484582
.17491221706626348
3748838501145818e-34
69.91795577353822
1.8026014405466146
.1294952584263126
4559592211654214e-34
56.724209560521345
1.5527826527311173
.1439925630181346
4081763221407709e-34
40.66706618305646
.9567037295732229
.11931799510853314
35846239122848047e-35
24.905147569727557
.6150008023621149
.09728353529132332
35650908060877537e-35
28.92085894005972
.6378933513842711
.09654052110570036
4152618726322821e-34
34.70518121176996
.8299926661773923
.11528963967176274
4491922011029272e-34
47.54346659772107
1.1255754360742507
.1323275066758143
3895962925389449e-34
24.95750485800259
.6784215871044369
.10606838499576235
3163913391547447e-34
11.97241270248316
.42287266044800587
.08108835484986793
3164140966737297e-34
12.084146135649643
.41880897123376915
.08092498236008275
3662780505545229e-34
16.664403606989225
.5261628446715608
.09512573470932927
412765867152966e-33
14.884862221748778
.5814100563655157
.10751475016845896
3251831387927251e-34
13.569273229910545
.437015774376121
.08288530053154938
2536278189902106e-34
14.394174966371404
.34724838107830913
.06514135314477686
23331382449984586e-35
16.337636178940926
.3432337654585685
.062489477362662534
2534199467315737e-34
13.835662079814378
.36033423600812503
.0676160428714627
27017810802371294e-35
16.849076453625784
.39870565599984875
.07249179681238473
34447479771399453e-35
28.555177216679027
.6914351608106107
.10191006676498068
30628825881626467e-35
20.182507279986776
.534043696491819
.08879395209013499
2805011953093944e-34
14.570126026855005
.4255710040878795
.07896726014987229
21645837223643826e-35
6.528648816367575
.2834130892354586
.05949538165925475
2352658376131692e-34
6.811416936870175
.31375698519728007
.06536892708059938
21434505813092526e-35
4.5606523893021995
.2600626868791578
.05754543491179264
19832515312451206e-35
4.642911106989762
.24129152766053893
.05318903628999287
22012924002995546e-35
4.4495876032302455
.2526064100703184
.05648666200054929
21246497730347737e-35
3.3728751503532934
.23026856246616928
.05303169337190731
19362357744850511e-35
2.967121110720833
.2054209280148735
.04786445395642277
2080134790329485e-34
2.7069430830486536
.21640789219079368
.05093036637288992
20248681211245705e-35
2.9824247740518746
.2127888880874885
.049604665006693215
20695088344975502e-35
3.511323461899902
.22345824771645256
.05098184874603471
22624527431965515e-35
5.516119966869027
.2619745001492419
.056660034994494936
22676128270335763e-35
9.825406599701887
.3333621492675886
.06582314936395228
18116614059801232e-35
7.101576571310838
.2595644041128582
.05301487061900928
17073701133605914e-35
3.6959995400836063
.21964360470336272
.048069008384198135
2014066688968865e-34
5.536147300180971
.26586971920908264
.05501529906761475
19023777593787545e-35
3.8207692457158666
.23690566185943618
.05116199841213953
19295213168887317e-35
3.9367531576906227
.2434211476212513
.05285647067111559
2033862810513742e-34
4.106854749592418
.25807065362807313
.05553571331426893
2545301161271238e-34
8.930216660728997
.36453887273334906
.0713227321335983
21223125552666978e-35
7.812982499019317
.2785805042773811
.05574630864866969
25188036126951328e-35
12.399861090617799
.37328300585260077
.06774031233604189
30468492437587764e-35
26.281831104593834
.5778018168358424
.08559732257446069
23230648410116015e-35
14.099634946676998
.3514557219073562
.06242361884055376
2290516537067838e-34
12.830776596808601
.3246358344740595
.060668859927031665
21613471606114394e-35
11.176189235068705
.2974259619438155
.055976350024198644
23830538958132624e-35
16.200131738418605
.35235074688169815
.06331005209301531
2411990635688909e-34
26.848186505343552
.39516688356028173
.06581268361799708
1883278502458366e-34
25.268536492431434
.32828608078940147
.056496398455792025
20277512934421728e-35
24.187069314809914
.3317117043245152
.05599321574282838
24307045687122445e-35
20.962944497946904
.38914495065852267
.0662441105737835
21547458887233398e-35
12.601212505934607
.28997573849200464
.05539637828050678
2467671736711033e-34
16.828430728559642
.3548050046705177
.06621872802864172
20251719605653655e-35
5.687216367326627
.23467636041994136
.05199344078900483
2297439766028331e-34
8.023024598897068
.2753850239481466
.05885434802368544
18433827109669404e-35
5.160597985741196
.2137398814139194
.04735104337175865
182396779391637e-33
4.093054460894169
.20467838184064874
.04616937632869553
19580594697729996e-35
6.196836628216801
.23178176216338425
.05067883416046066
2158752449304665e-34
5.9920698614663985
.26406806193050614
.05814400533752459
28778879330672677e-35
8.001489881759795
.2916460774576902
.06128401810061499
29670463420808926e-35
15.242914964625589
.3511499276535935
.0658389255165986
39052768543223073e-35
22.845188755668396
.5416491445770881
.0898310457031439
4611403219934731e-34
31.042911276087914
.7789780902206345
.1153989418196601
594672062977822e-33
41.58080085139667
1.1979351492587929
.15048120468796541
860516536042169e-33
58.80946712693851
1.5828297418735804
.16939613483533045
8232059894664627e-34
37.247441971136816
.9754936407615706
.1356693258669935
10787320472406923e-34
53.96987180697948
1.7599308687678432
.1891232417301287
14314670054705377e-34
101.33586845477684
5.130311872787864
.2864171927686501
14305005579587298e-34
97.90163002793176
5.541738409852878
.2927191433474631
14533413543420282e-34
98.42836654600971
4.6598617490431
.29786888857739485
11511841517973478e-34
58.80212528650798
2.0985017191133246
.21460895947427844
13737373620644167e-34
77.49251836016694
3.558275781926474
.2734244737982371
1415772315913562e-33
80.01131859376292
4.282320098899176
.2935988869188029
1484890509642644e-33
77.73159377647374
4.485391577801524
.31372814426923185
16929615583032954e-34
102.77223581755784
7.349172005041203
.41084543389807193
14777479945687758e-34
96.92196315413263
5.697979985401733
.34282396143903004
1514425754315503e-33
94.73752072527762
5.393497129742443
.3464491352202111
1482031716648634e-33
75.33552134469471
3.996382896197773
.32406994660295313
15829072043574542e-34
73.41734697550403
4.009727718713237
.34618582490322736
15347351344292767e-34
69.99045515983227
3.5339733497930688
.32445836620654256
14744598536222917e-34
63.692979960740864
3.249013124722719
.30302567772012173
12397239615258957e-34
38.790305689253586
1.9653663982550194
.24015629944532807
11701293468341481e-34
40.951712121437915
1.9084654485629413
.22888683288060493
10487295511536776e-34
35.426558559395836
1.4900926563023733
.2048559229810823
8776519208328492e-34
28.24847778957585
1.1011964883486005
.16889937106312583
7858174094222373e-34
23.469239929805756
.8899912806954701
.14687335951329344
9082343382590563e-34
41.94508163118897
1.3632230636986518
.1786757983987276
7254954148398309e-34
14.926988756685432
.687449029264826
.12865034758482116
70225383856143395e-35
17.31147721378931
.7171366788595949
.1281730821173633
7333406743595034e-34
23.846795938888228
.8574053827782131
.13774739175028156
7854438337049897e-34
24.841567454094992
.8033110816117673
.13062661838890066
7830327055612806e-34
22.65028729768217
.8205816133847894
.13205057044938737
9077872770805308e-34
42.91660523714006
1.1737248605722284
.15437772277814305
87301452295138e-32
33.87313324149557
1.0397191273393818
.14682342944335267
8933347535443273e-34
34.21751671898001
1.139894592956602
.16483206199773545
10097837517187042e-34
49.823969158013796
1.8101476426566547
.21670243964285008
11073723169163304e-34
62.33840230765309
2.299566084231534
.24312397981168093
900214332472304e-33
40.94940809743356
1.4291093899741074
.18581516512893725
9022147875621619e-34
41.19578807814161
1.4643541129181277
.18653540291651757
9517295926342932e-34
60.142674611561105
1.9516733906828985
.2040830977558357
1059883933524962e-33
87.14535594529268
3.070679421103375
.24101256673975455
859312728866986e-33
47.94849256082418
1.5571692841764488
.17818338126048422
8387437963390465e-34
54.73963552203676
1.4590032398723873
.16817635721394708
6829795184130298e-34
43.00649157288957
1.1115277496309186
.13470937128570376
6181258956244444e-34
51.46799710832761
1.1231404233706015
.12329947215702254
58597871883971005e-35
49.74270604117914
1.2194383094995662
.13270347927078271
5673334735178283e-34
40.66766538637608
1.0631802637838674
.12674656206328505
4757907856695521e-34
31.04349182604599
.7283280872449992
.1031292917786662
6153337417787134e-34
48.82942097106525
1.3322396451245848
.14300605421267587
604480540398254e-33
42.15806649787465
1.2032977944813639
.1393437682533592
6379040758397457e-34
45.41274961711229
1.4015279425543283
.15114535327723616
6141588506490839e-34
43.90043587241166
1.2686652794963162
.13928969842637523
7118521885847872e-34
74.3761592515337
2.744100240049195
.18288576927029154
5759190347716342e-34
59.333801960591764
1.5560960356798614
.13599094427484212
6617390528576054e-34
74.64141457050003
2.5672767402369088
.1638131206441966
6488612933414021e-34
70.7047770311455
2.5130781245900176
.1663544466279967
507941568326557e-33
46.967128677430075
1.0913614517460133
.11982793512065748
5330507699464735e-34
48.22626492339136
1.051309758617444
.11323288475085536
587786125994509e-33
52.51008904218097
1.2400264530664842
.12589996932471584
5991091955555071e-34
50.080283667145004
1.2257142703304822
.12678025103812618
5549015203571507e-34
38.663205589515634
.9672058691040102
.11665551989850917
4772465372378978e-34
29.712781843275206
.7168812215545824
.09828040585421514
449931834090428e-33
32.288980311539
.7474013598536156
.09975200082384836
47207943230355395e-35
37.29979721434256
.8245726518473137
.10612353634966845
4961339574085856e-34
35.78845616725967
.876912108246915
.1140643512730782
8046590037649892e-34
36.31827359115927
1.02463473618771
.13511698868096808
6972984521496515e-34
37.117795396289516
.8821788086015142
.11767351140853737
7678119382611167e-34
46.22941233667136
1.1986582165280135
.13183147617855417
6508662507872243e-34
31.493502275603685
.809352342205867
.107761544537657
6930825342597796e-34
31.060834300827437
.8856692960848339
.11576476499685617
6374727644298101e-34
24.146753837852405
.7210446462989029
.10366483225889142
7980749327287352e-34
34.70948995001437
1.185832527503232
.13765011624842835
69649082331381e-32
30.061698277638296
.9585977924612916
.12453479118471728
6070087697631545e-34
28.408257246876406
.7960504573471147
.10787947776518098
61022782889376975e-35
30.23296354013344
.7990486113026894
.10500698632832121
5882215463870467e-34
25.29056899671006
.7212055487447734
.10108958383315404
6245899594246848e-34
28.503533385819793
.8071950073908375
.10723208433637788
5109110676190071e-34
18.230048857584976
.5416167922011602
.08674041434546192
6366059695086541e-34
19.9467880313838
.6364372022088809
.09438228431366175
5882809105461343e-34
13.214635136289257
.48848349947909064
.08283653511241305
5288241735476577e-34
7.85970835209302
.37493707586692054
.07195002590971292
5396349768388079e-34
8.384841778621434
.39627982565002356
.07405768453837741
5291828103038846e-34
7.790749164913456
.3804799758033096
.0720211930400798
5678036613382966e-34
9.152988365334325
.41472348795746916
.07829081512070697
701040233384194e-33
15.867438264007921
.6289016370890276
.10235923139568799
6977800697825224e-34
17.335003070580317
.6488565001133392
.10270775632002382
6389221003216381e-34
20.49468437338308
.6664918065404247
.09714263814837394
7031647304403868e-34
19.237863196435498
.68804163588461
.10559091238656212
6080247640862309e-34
12.795259561324048
.5208235763527352
.08946883834412973
4851591798887216e-34
9.446857254889379
.3774076825842854
.06960806203163178
6026571459267826e-34
12.721634852633164
.5036258782492908
.08769228229072946
4784723754658618e-34
7.175361722703804
.3352309009414445
.06691044655795489
500578368008527e-33
6.638444553124954
.344881980326026
.06971556212151195
5024751315585997e-34
7.721143609161442
.357837102809499
.07056261463715074
4528584963757464e-34
5.26349165534917
.2919356246806529
.06210623586941022
5940249230661365e-34
9.202356922193667
.43957309623821283
.08413432581866352
6610013931625212e-34
11.337347919901179
.524580838561034
.09513086520373171
6269689167130444e-34
13.390718376402303
.5140104996286945
.09068856930185987
6425841079368124e-34
14.336748625716956
.5429652947443563
.09352990735720655
6868222071222492e-34
15.513085216036199
.5994048377234444
.1007246568332769
6630224932885423e-34
16.77625748452414
.5977831845391053
.09797000086589884
6796532862063522e-34
19.998539046337484
.6646366621988834
.10217235278901962
7608285368418337e-34
35.56564053338678
1.0800988054416472
.1222159560548539
8663917059570709e-34
46.33628476669571
1.6563784180799772
.1455813023340802
9625304718440685e-34
45.32802870544736
1.7376411952844473
.1608591412938451
7785665302121961e-34
43.69351827763525
1.3315076717081167
.12822456178958846
8345162494585139e-34
44.29246582615625
1.4081768584648242
.1377896662503275
8990707935145691e-34
55.54603943965128
1.8456760125448037
.1533126613413726
7837873881754502e-34
43.810581763742114
1.2510149319191073
.12780965073267703
8911118910584977e-34
63.47137525376173
1.8959045118885622
.1516909098850556
9487437993737518e-34
70.58818583379079
2.4993695638031124
.16774656147845865
7705248105431194e-34
66.42669681768525
1.7805862650240427
.13190667908745696
8836596319750138e-34
66.51968758862816
2.0103506664537445
.15227505113069517
9947099670854766e-34
78.34802063471555
2.9625800610938846
.18045284347400947
12694360929570267e-34
103.688319681952
5.914204968092604
.2548239937163999
14457613106594457e-34
120.16652840778868
9.354630540401274
.31944882997638874
14291448621877878e-34
124.01982619799261
9.297512381777945
.3123767514502426
15723730716265525e-34
132.46908603016254
10.232296118073698
.3469716095206992
1466915532102506e-33
130.2895077405179
9.350746550499538
.31781667854239926
13126676520795553e-34
114.81708776444721
7.071811952390797
.27057085302890904
10952330681668013e-34
92.51150513156993
4.003739310745107
.2052493671718989
1002288788889897e-33
87.77040863572704
3.2512751071576154
.18255576139179658
9415398969291007e-34
82.07438184517935
2.929458428657537
.1696281576339059
1023542268998145e-33
91.28212573298497
3.6314453484933833
.191991126330357
9362458825819789e-34
91.10281773937052
3.6130250057838182
.17871762034233835
9468889280669658e-34
83.4537054022966
2.938656314662411
.17254250132606083
9385750682375563e-34
82.86042912837634
3.1079590098934693
.17217683483098742
9476568581213825e-34
102.80198860783295
4.144441450947526
.1792386752470343
8552206519902037e-34
86.40447503998247
2.7398032641077363
.15411614252922579
8103032760225044e-34
69.16683236927874
1.9483221854153057
.14180127373378018
871424901020535e-33
66.47470256246626
2.1179403236932726
.15157279050324185
10649219667589773e-34
74.70557400473992
3.1976627960107162
.195001914614283
8884806041972246e-34
75.3613187065123
2.833688877496237
.16217607043674964
10617015654162603e-34
103.86576315471414
5.7218700562430325
.21188348177176144
1018554608848815e-33
107.50637953380472
4.9458167734408205
.1966974425465715
9034510214314789e-34
89.00193637278875
3.173019476097819
.16454861474913643
7371373204631658e-34
63.48211493906004
1.6117606832065627
.12550257053835975
7158843108229958e-34
46.154266389966836
1.1465962274319392
.11796423879616648
7016678126082719e-34
40.520892340932605
.993512779960878
.11305588572714292
6390636899615586e-34
29.21446582165875
.7140465834284337
.09876739707904895
7761488997018711e-34
39.31022100101902
1.1123551440483783
.12541513956571082
675211092883957e-33
32.979119391376194
.8615848237767599
.10790384317261033
7077949004501868e-34
39.14731061240623
1.0147191626236134
.11615464271068891
6148909913587975e-34
40.159047733495576
.9038978830120098
.101465564464795
7418511499497503e-34
58.19520437044098
1.745840204097436
.13358459967157318
7109292150361787e-34
63.12437941102854
1.570020700254826
.12493311817480256
7516844756080555e-34
72.56032915784301
2.154969856952261
.13765127252271991
8128178257138473e-34
95.80530533441882
3.524063949792977
.15743489002673594
7919600644334984e-34
111.79240992225061
4.203642791946236
.15435538757210998
6567737333445735e-34
82.78235229554532
1.778519658205841
.11564649913047723
4724169268118963e-34
56.614701161081975
.7422165902525243
.07676354883147837
5197187258317662e-34
58.243967712447976
.8644650076340017
.08520697426008779
5301315436890443e-34
59.09971513257004
.9276134136926708
.08714240297399248
6260599456715138e-34
79.1570099016683
1.386453328780443
.10596896842925158
6304029621956241e-34
81.98105186446148
1.7027761751788202
.10989380672679958
5762789108095634e-34
69.07863948010085
1.0100032498213745
.0940224025720336
5903499544652546e-34
97.4452727919126
2.0764353897493093
.10537005747291123
582396121347086e-33
88.41582998602485
1.926810051153124
.10332654536178495
543587263088353e-33
66.96233690199567
1.2809108977442982
.09457801522544705
5581111250829745e-34
65.87141538116734
1.2539528354959146
.09524345157111896
4805856754146371e-34
59.726780465463975
.8553867750405334
.0791926580436135
4897104296255958e-34
72.73750089668944
.9377421914531575
.08169006680715302
5004824121703658e-34
76.41747034355943
1.3090515774974871
.08687778437984511
5795604703471276e-34
87.44958817563862
2.1325554337187587
.10421227554289797
6003767978540273e-34
86.92154187737889
2.3061635494586437
.10960992014457971
59314656443708805e-35
91.56388100358167
2.222935682047956
.10756422485032252
635935212759097e-33
97.31284647021833
2.7920221508279357
.11820916265825447
4914623219198724e-34
71.90271118275903
1.3250770625503658
.08839916212700201
4023369605562025e-34
70.5900943123409
.8720856358938075
.06980611917033075
37489398571800656e-35
78.37440894834629
1.0800755792142984
.06782678856270251
39048441010660025e-35
81.53074621591135
1.3374147787482162
.07293182360796108
39102337109399686e-35
81.54872508630116
1.9709318793393895
.07777210107763234
4354992615016238e-34
85.82655324741019
2.3764746127842744
.0884197956050819
4269591355047853e-34
83.1824597834739
1.941497230402416
.08430895452106749
4958758503620207e-34
76.9488617495486
2.475681468315162
.1018572791638828
6120627559700301e-34
98.5629247582757
3.8350426999842027
.12405846197836363
5609887647426979e-34
97.73728676714653
2.7063100718643387
.108777110509577
493549242481826e-33
86.17642471181192
1.655972910290543
.09128382673025784
4576621614783343e-34
85.98569025998665
1.568940847821696
.0841800847864492
4789897738782288e-34
83.86137059884882
1.3903353029427266
.08588631863729383
4801879757779898e-34
85.8608751071888
1.2787734974069807
.0857470222627529
57414073308543045e-35
76.64770907034848
1.1610951963112535
.09727036310973369
6329281259029368e-34
85.91364498786386
1.5757228566563075
.10966959324527895
6878687583818475e-34
101.05080750069725
1.9742550329427881
.11940273062064811
6263490711700003e-34
111.99096699016248
2.0658380905710683
.11019336605848203
7088836163065949e-34
121.76610237739028
5.167744645228816
.13848826542452933
6763785922551918e-34
110.20481039838798
4.307912770649814
.13262596509899113
6738565792612662e-34
108.86949189294528
3.3724120025285607
.1298950298824073
6799109351481334e-34
112.56014534036181
3.6578060060020223
.13061996184405278
655290054685138e-33
107.97144950228692
2.5293607293363527
.11905365486445614
7327648081680317e-34
120.66059314471669
5.335622788745
.14139494261516128
5138997610421467e-34
101.1048080689325
1.0155259907943666
.08716752342666935
5625217848481256e-34
108.29296285363456
1.2628009039727561
.09680522328853024
6427998455305632e-34
109.08953787104862
1.6688660445741854
.11260757291072665
6408323176866784e-34
108.35155402980998
1.4916259346172898
.11015107802442452
6404581208183909e-34
136.56131497429897
2.1707187034840936
.11218694350199437
53595269627092885e-35
117.01429539653043
1.0915675206967896
.08830822964124005
7549927575050766e-34
147.02588224137418
2.856158372355795
.13329008583104798
7434814005728624e-34
130.24467800803225
2.3472832326396933
.12914550726248047
8967094878321271e-34
146.67473055351527
5.381956643757014
.1683038635705662
8625890198318791e-34
130.137992273574
3.8580938849155055
.15752649755141798
7632918029543197e-34
111.96331104755424
2.6809843030652325
.13484567018479895
7341204686624322e-34
92.05251552772178
1.4278823268277665
.12060635684465672
6389640763661158e-34
98.27467264011571
1.1818479250002611
.10398010831188793
5727323571259647e-34
78.68610917248513
.7332668685639255
.08857877426539848
5657349900470964e-34
75.97135431108966
.7131372127931661
.08734134959286119
53917499449602325e-35
55.221491550115985
.5689313357024993
.08100567268408647
5558959124960344e-34
78.12719724707472
.7401223483296803
.08648382202685928
4985398076105948e-34
80.70605121682263
.7043092241660335
.07810060284678037
467799202001105e-33
78.53804116137792
.7502135874293494
.07453485198309254
5010928588518242e-34
86.61490221668014
.952273019169942
.08161976258066866
4787146769827587e-34
111.93134358557215
1.1155246467281288
.07962876511850532
39015931545303356e-35
89.83916769034762
.6139700111048252
.06190683052807311
4667679221960057e-34
79.78984625345798
.6107075728435767
.07220874713107414
4561057617323259e-34
75.87696977729722
.5396810429923102
.06954207611869233
4660638393887879e-34
85.32061719145368
.5464155749066466
.07089152285591435
4567156873185951e-34
74.20117843070534
.5144116411421185
.06917431854121259
4143943903416983e-34
48.71657691485938
.40206055252609335
.06147837067495082
4408966587330871e-34
46.55468326110594
.4394978232908229
.06586238096067518
44336024455578695e-35
30.51857301747214
.3881993103686369
.06463920018650036
3930414533813908e-34
21.323985184534845
.3126179264938545
.05638589401360932
3795763419794787e-34
13.203425963565067
.2683679096689063
.05324645840832286
41247514896454956e-35
31.174641258028498
.37121797242435456
.06063176616989838
4440736229117678e-34
29.31405692859589
.3957048157046049
.06509157533548289
4201885828939579e-34
33.84981932436247
.3754620103020618
.06142423652135515
3991053356254015e-34
33.30108441468718
.35528977261634265
.058904200890520265
4659317778518294e-34
41.18073508773098
.46294971674944013
.07006137280642286
5575132955327443e-34
50.17114316998421
.6419713776361362
.08593150348560774
6276186104399199e-34
73.59213887151955
.9829807666593972
.10088426576302559
5557195349997319e-34
57.0354262103267
.708480130777779
.08710661342324028
6219066935696381e-34
89.10944316425976
.9527896529042961
.09991777904664507
67959495383613645e-35
82.35872269682964
.9512289025640326
.10753477894381708
7542296365887685e-34
97.37894181925131
1.2479401513047013
.12211674120235196
6585233774223292e-34
54.29379708951509
.6935519249141062
.09945821563516843
6576329259039579e-34
72.68361315479494
.7757942240333356
.10098976352549177
8115011580634223e-34
96.9622749222032
1.3944372560286489
.13190781294950532
903310018193689e-33
107.30981748535223
1.6468713968733837
.14834779749821905
1052000480948488e-33
138.01224337566327
2.7052787475496407
.18116568314734777
13533288932133992e-34
171.29586211139102
5.449342023625426
.24908537156518887
1279183060320362e-33
164.1113445064677
4.944064723981735
.2322734956344436
12534429774775314e-34
161.0931727384133
4.043202022426509
.22282996569319327
10616685390898142e-34
129.35819801434278
2.5695708493595486
.18064269072031086
1096063499957924e-33
120.9582516505045
2.3458344588918223
.1838173295119635
1135679541378431e-33
131.17236391766735
2.7963054108122707
.19435969502338935
9853322898439523e-34
106.37783833666568
1.942360654001336
.16346446917166738
10026809496400195e-34
111.43503527233571
2.005056068497603
.1665606323860827
11041953392672717e-34
117.80525495257403
2.7866732417615943
.18996266706848228
10405036787104197e-34
142.1648448782302
3.033838428210041
.1809848926747012
10345067606599234e-34
148.65970272527272
3.283597869770625
.1839766257181947
11266567694246635e-34
120.47419285251254
2.805964108944512
.18498667208701275
10962988852123892e-34
106.68251810823031
2.71370966324428
.17962168965765415
2398581381569784e-33
147.08296173072128
5.847620050203336
.24324768648799608
18715770414323065e-34
120.44690771694613
3.593018441159246
.18436428747828396
16237199656577742e-34
100.82375594945157
2.0202470689654186
.152156418838792
20802860686773664e-34
140.33648169283626
5.712669775654498
.21654690410121277
199091584613239e-32
162.4724450442933
9.356011877359641
.22265686310051194
18965144092377793e-34
159.58793695511105
7.343358158102604
.2055532777191077
1709889619849218e-33
152.6835138565817
5.606885718298075
.17852886372011995
169301954478401e-32
166.72126133553868
8.124722692192856
.18401216380693386
1579174825666069e-33
170.40596208928298
5.395479091649179
.16188557956268262
16342614996843042e-34
155.34046156196578
5.661845226884643
.1765154074417095
12639764431679545e-34
164.61327748470455
2.8340428539402156
.12754622822548659
15608550045539632e-34
182.58535811427268
9.108077623955259
.17417163795696636
23695209532572313e-34
162.13446296957744
2.9232187441615687
.1299441763642737
26583334395715007e-34
168.30351362580117
6.136275048929683
.15656528707967998
29768281960139283e-34
174.7185297572103
8.546072757017944
.18406199128622283
32629602416762125e-34
179.4704266180692
9.76949015091169
.19889022616285165
30213530321304166e-34
161.33595772314172
5.973729689792825
.17813438891222058
28435381094225347e-34
153.47547330992052
6.431962306661505
.17734362139705848
2493130961633733e-33
149.34595569360462
3.666412714746005
.14773276509167305
20754084903220686e-34
141.10763388205373
1.8302088963694376
.11534180908275359
21635673673399077e-34
123.08166379444145
1.3933116885108197
.11510359093199493
24678702408009305e-34
166.49639629882648
4.985483407066439
.15172188261855143
2129054835017812e-33
157.7186694085519
6.165943665788477
.1344307313360824
19936321055807088e-34
137.69664250538534
2.4298166913715233
.11612495461426572
1853182541211095e-33
140.68271826734693
2.5907463322475666
.10933782860527311
19767011326280743e-34
143.91754216315303
6.32351786275769
.12700579213776764
20024061856039688e-34
152.42625029619916
2.775992708076517
.11774246618150165
17118273492644223e-34
140.36026102228132
1.912680515881882
.09955699014329783
20263813215015094e-34
143.38970660952123
3.254916130872194
.12180984246174809
16549809199722778e-34
81.18598745100745
.8030745998119558
.08602525626395822
16112757996268724e-34
124.62686648972542
1.1348638451417996
.09052876556806745
1149061757859191e-33
59.87773031269449
.4004394604265708
.057930610075219255
11137697439766554e-34
52.067582597596505
.49188822207495564
.07249482443580915
9110502231126064e-34
75.37234554918432
.5099724174096872
.06404712028887416
10352452028640802e-34
81.32570118013454
.6047548336054168
.0722067625819604
11336762121933346e-34
99.89444557049944
.8864168734654407
.08254942338183334
13638318788921637e-34
99.96091315653624
1.126545865487803
.0986827125263639
14130133290724691e-34
100.93281764989848
1.3594259056668672
.10447164642614148
12868098116283463e-34
78.54775818742235
.993985422431082
.0926990246598076
12074662750936246e-34
124.42881939335128
1.4492095701679701
.09037656793822493
1224438734426603e-33
133.43151993132759
1.5806620693846547
.0944019114349584
16134897113923792e-34
156.56739264695307
2.977636932731898
.12639544571166006
18249216882844235e-34
159.47247872053825
3.708662685169741
.1456940889781509
18271080954535077e-34
171.10465811130467
4.417674370021508
.14803270745532698
1768532457590943e-33
150.2015944718475
3.0360139765789076
.13809847512193144
18762060496580785e-34
160.45402925027093
3.5838651930098497
.1490025756986213
2037318078530255e-33
171.25776785970916
3.1032158318360734
.15704524972181144
1893369541859408e-33
151.94141326924574
3.539692896188489
.15009038369510833
17994880363230935e-34
129.98229978739755
2.490340962787801
.13825869895904763
18606662680176585e-34
120.45929808287174
1.9342902726084643
.13831935822622787
18129450835386875e-34
128.93629927139435
2.1155496628759134
.13769697302366177
18328782132316103e-34
130.50247485735463
2.5100278885815666
.14340693989872255
206227950299922e-32
127.2786177937722
2.666205166935027
.15956591411883098
2190005624948526e-33
135.1479623488496
3.4605067228136375
.1744362301197361
18803989025093824e-34
115.0303859802465
2.0456670494873976
.14562461952659866
1948859678998862e-33
115.07191817841017
2.4654083826018973
.1557041301497661
1970871583541303e-33
86.01627686514645
1.6962967526634067
.14792686697576782
15362785220161843e-34
45.28729342968524
.8316277042731761
.10808064907176765
20016712485817337e-34
62.07811915639288
1.4808483048361107
.1480474540536788
224057835193257e-32
56.15683006274162
1.481771033213672
.1618802998544503
1851382403006701e-33
50.13921318340915
1.104221772373033
.131266872550472
16406887989975683e-34
47.46024807834237
.9589361721406536
.11659549630509151
1736300053461418e-33
40.25120014289803
.9755834211387404
.13085574233901978
16542782216610446e-34
50.5577758431373
1.0842535982412131
.12698844806490536
16210200562721496e-34
44.51673147561551
.9718011914181093
.12186331480017931
172997943156798e-32
48.3146334398008
1.157400918944701
.13175218379001977
21124375012180916e-34
53.653838605653405
1.6462443948167098
.1658142936901489
19276234998988584e-34
30.28071536165712
1.0408002133214753
.14148931743515059
21209692542628465e-34
32.4040801058511
1.1117521609089358
.1515499381532984
2234108683996024e-33
38.242219013450544
1.2284552208462662
.1606417894418758
1825933477675461e-33
30.685267525805017
.9043267940892379
.13181541529791715
15796786532257236e-34
22.992911495123067
.7213499381533851
.11204525358789424
1581831404954721e-33
24.41735359228198
.7145193855065826
.11170048799635073
14037518334238063e-34
16.28546080353601
.562566121031389
.0973884612951548
1808342931253537e-33
26.071552442168066
.8337594342432794
.12917163881332272
15966608628149135e-34
24.15339656380571
.7230816747166771
.11349589562848399
17422388501860767e-34
23.147655020450483
.7630469603727807
.12208029869710343
15931523636014074e-34
22.300016799281813
.7129196489960936
.11326467742156278
18532970666854795e-34
30.037162366234888
.959796569342728
.13655972843334985
2431367348675996e-33
46.16351166224321
1.6379191992041413
.18942478606809401
23569656350559823e-34
38.851780864930625
1.374923670997381
.1803749370884037
2216082676562675e-33
39.847063510296174
1.45463881306797
.17677746558036528
21788319174321883e-34
31.527754620080444
1.307842913701026
.1736896745224221
18661819909441465e-34
17.074558527312128
.8436316034220002
.13469506482572785
14041403748589405e-34
14.543120175258446
.6292862395712557
.10128626095264111
1106087995428453e-33
14.300548128392089
.4620591072608732
.07709085062244887
11490704714840234e-34
12.316759084492498
.44228979752680825
.07798123555641076
10299492151117348e-34
13.219042206485788
.4132097993916447
.07244283121103783
12576096977349966e-34
17.175927508585357
.4876883236903207
.08713854774005168
11559753975679159e-34
13.189203310950296
.43969788536158877
.07836046187315765
13472372779816358e-34
20.072924859591527
.5820882297642119
.09310505022265078
15096423868957198e-34
31.870638012616492
.7628333525008963
.10903484269547553
9403539964577805e-34
16.413711614237865
.35723178621231616
.061804175645772785
11941380548230474e-34
19.862873047145687
.5085344848916171
.0850618814772811
15496543085589291e-34
32.04041834077623
.797708866906004
.11112368579112471
14694326361961294e-34
23.196726646226665
.6150674074121071
.09774025470932647
12993446504687956e-34
15.886062780113576
.4883012829790986
.08584254829227708
16082002586721736e-34
23.700251972732413
.7132963908855869
.11161501555301634
12947659676151892e-34
19.559212551899964
.5179939649880658
.0864684439765465
15925942546889852e-34
18.455280205083824
.6046602677864835
.10524659359853081
14666928606579139e-34
18.644942698436463
.5768200546512287
.09694834209525628
11532639935473436e-34
14.498872286187856
.4661688586168943
.07846726392747028
12238452453109334e-34
16.618510398147162
.5175729881589239
.08369039124095891
11387985606912478e-34
16.06519867542089
.4747791302393845
.07745723930115066
13622443080542796e-34
22.25206168877805
.6171389273598725
.09364509802854201
13163036459227806e-34
21.576588326251876
.6025964744565996
.09117988810780085
12986516403329758e-34
22.43609338988174
.5900779878210456
.08835849676988611
15633767833497882e-34
29.890662617698926
.8325308855243145
.1077153900495994
1188949910144493e-33
21.069550601187277
.5086264330766662
.08274945101309847
11658202026746906e-34
29.111444461361028
.5679190027638377
.08496754404310011
11912613855855879e-34
33.594847474111
.6116995754029955
.08705653224666392
11357384802350276e-34
35.5474509022205
.6088163340747464
.08536042369512745
1289160147403533e-33
31.100590934569883
.6037342120153119
.09218113791356511
14787765080680184e-34
31.971445221593346
.6390306647931979
.1016648833378525
1560790246656993e-33
45.26598239221886
.8477148029119318
.11373107592185068
1719800948608147e-33
55.09772866721754
1.080379794972401
.12795105830594766
17629978336142456e-34
57.68686051045243
1.2786155885645116
.13397007519437779
15250132420068282e-34
44.54220850091048
.8584655839569665
.10951132278744687
16631047809089697e-34
54.32400379409244
1.1104350305673234
.12435815167660724
2131005304386798e-33
77.49685085975841
3.0071359969015723
.1812619163009608
23014868583261114e-34
76.58219412933425
3.331573644619087
.19763967463558096
19904389838503067e-34
69.54232591629786
2.217493585473064
.16389298044373235
18046623362340087e-34
61.68404281162479
1.9517327534752613
.1508140983413868
20514272888050243e-34
62.36091777101849
2.1581774191952396
.1714315969471375
2576552884905634e-33
72.0536557727114
3.421682112714309
.21991228094943452
24459111791190744e-34
82.34025562510074
3.0347380395655934
.2031715994384789
27568217076357007e-34
107.68652301741561
4.794864590026361
.23924069136108472
30824918918404157e-34
128.88148438417326
7.424850918162993
.28915631048710055
23835026236374097e-34
97.83636259142295
3.3627094096230215
.20600814801554482
1937541099234826e-33
79.70572633994304
2.274975338417683
.16595013926966523
1879129407907451e-33
84.84827675697417
1.8379775136709677
.1507704026348156
180288679738864e-32
71.6630666705541
1.3349208245437838
.13576039224088832
1991756080922859e-33
74.64740070557812
1.510101819691026
.14996145191181542
15028365750549478e-34
42.29944243065579
.7201477254047741
.10516579055912043
1558316918664812e-33
39.33714701005375
.7627780459756368
.10982889939835565
13674557470056004e-34
32.70383006630599
.6117829532886516
.09464948723285278
130490957267781e-32
30.08930172241798
.5434799111089585
.08888145236748615
15506558989098782e-34
36.99981515079424
.678013081148404
.10631364342361199
14843121329754345e-34
33.800806643963604
.6123211791254494
.10054984744563601
13659101463319377e-34
39.593633454927584
.584688464847898
.09317339737618072
14512036893919044e-34
50.945442448504664
.7055163693149044
.10131730374412169
14881285945205486e-34
67.14912721954421
.848181049676282
.10652399200167474
11991282460452095e-34
37.392821160551776
.5324432483952223
.08266176858484311
13810780854972661e-34
51.4892097607663
.7245874097231837
.0977911717458683
12879657796436673e-34
57.43885591238997
.71857781129978
.09206587483898727
13219504493817401e-34
48.126237355540276
.6241778929236943
.09178787889406351
11667806715297385e-34
42.92784343317507
.5159697581695393
.07997156219851102
11043582440520477e-34
35.62931018697912
.48752752695156326
.07613708017658263
1466041102664924e-33
53.410531697572445
.7542808254962009
.10415652618782575
16421220076337415e-34
63.402377323461906
.9665478973211147
.12108446976509761
16482026102987343e-34
56.5697220099881
.8771809148337095
.11863642629932461
1616048119245873e-33
53.554592613140684
.8158863288241169
.11488483782545102
1895164584095662e-33
58.550641245305734
1.142086106727366
.1391852820101514
15969509086363487e-34
48.7149170845003
.7353687652025358
.11110293861025361
1536113118778993e-33
49.1571473194612
.7290174104819251
.10724025146910289
16781563121888592e-34
66.18025734710963
.9839296713929655
.12372513582387795
2029869912478556e-33
75.02585985984572
1.479509410727282
.1558465169335853
2340028359293846e-33
77.22657774130955
2.000476077992921
.18444136764759447
23735460596126432e-34
70.27771792907456
1.8227666014144268
.1844579979791825
2555971429650365e-33
72.01166221744441
2.1332397429730037
.20441715570202773
28693112593284382e-34
96.19406593991152
3.381800599931239
.2418643419730663
29639251727263085e-34
88.67354575972495
3.0286677427505473
.2414187278342974
3477334425145363e-33
88.18135933971695
4.0099723959622615
.29101226888706094
3087219906475554e-33
85.98361526419012
3.9486262575594124
.26380269956424884
3202594045764129e-33
92.49707502321331
4.059825481181882
.2669427010134641
35276946955861096e-34
99.12715135676457
5.047378911668229
.30109170540499725
31345506248231125e-34
86.42453860277134
3.5034034694338647
.25650403594057647
