1
12.248904108149025
11.616520445472416
6.421077130176642
1
9.920388695248086
9.372075991059729
5.191218883889865
1
11.63837377753016
10.932349387284669
5.770534512324287
1
11.348798927293176
10.735697795743027
6.141688352655978
1
8.81952922729027
8.568909155633811
7.144071041252563
1
7.018058894807514
6.900104189319158
6.327685679466578
1
6.236136892021805
6.1392641809773
5.699347165598997
1
3.0054970329619244
3.0359641875879326
3.0545720789978392
1
5.401685293715204
5.34210316049137
4.96650294548369
1
2.089027291654184
2.1088416196883837
2.0964766734451885
1
2.1662593792107847
2.184495510602833
2.170622970480661
1
5.22302903690397
5.139633854824054
4.685151324727944
1
6.823068310365564
6.667801905298103
5.702764324887978
1
7.736086362204007
7.4670858678298
5.629654837599498
1
8.962498110451143
8.384951689795828
4.604300651753603
1
10.225784317085207
9.61193013338536
5.791216303923223
1
10.894166278113387
9.970137365047963
5.40601577107086
.06540530876391597
.12712238297269743
.10152508274055727
.0665703988147662
.03435327900109859
.06721994145276004
.04418175000777111
.034485636368666944
.02576481325669841
.04288021073753594
.026716608288567412
.025795692068962744
.033723936090780164
.06429998782126743
.03997922056440127
.033852294649552056
.048783568818453846
.11329978901680995
.07976014740087455
.05082475688024267
.08153743756789864
.16586331972513443
.1430221961273735
.10172262500627013
.09799575004466322
.18369850591094264
.15391073501847713
.11049850474131712
.2871864595928376
.6223736747263238
.6400358033788139
.49243601284046834
.3089829677545173
.696394118603385
.7215485942074747
.6014405060072572
.36579610613831604
.7551420325261358
.784812782042284
.6962245845117808
.6670088799080868
1.3618093815746812
1.3616082365993296
1.3395797434964027
.7913173124614225
1.7380192645056896
1.7055294124495344
1.7958717425108357
.6709252542122189
1.8598149090485152
1.80942821593695
1.9480210349880198
.6793930710921932
1.7760114070038495
1.7277381707821975
1.8334778590573328
1
10.46304980253028
10.106820991505398
7.7594489549009396
1
8.698618736751229
8.41062130639273
6.305330954452814
1
11.141398453737242
10.760028341576072
8.196232288440287
1
9.040838380922052
8.707995511824873
7.499330580489309
.33092629126708883
.5878956488721527
.5765597977800619
.5680312568581796
.24242713337395294
.45107911584568217
.44096519571937787
.4247163589314697
.2671718581465457
.47456066494209437
.4625187548695359
.42604161827481113
.171134468795814
.3026911285588174
.29115815821308877
.23897150436027262
.22631070526218072
.42335121734101505
.4010837063607056
.28282524448502444
.5852754650002375
1.1811253117363025
1.1385326075067215
1.0160360079670965
.14603102128163725
.25822185007388354
.2374760970898646
.14909513693836743
.10705609366296134
.2066276489518488
.19178502379503135
.11219396570484774
.15123644650679477
.293166536893208
.27981914584065865
.18893184190820014
.22272109423793587
.4635425707600644
.4302368702398293
.27577263542211317
.2260147272350509
.4205774569838157
.3881193974161257
.2451742347828448
.20943851718499445
.3051436508776047
.2959818285197475
.22811851865490576
.2488331550037983
.3188288537853315
.3088532558050009
.28974389643067405
.3324145585758451
.3953096577183712
.39968921993115786
.37147163074081635
.3258144912161762
.39887669446414625
.3938739529914458
.37351144308494016
.2727306526571949
.34669631304084847
.3415222734574186
.3196491444673619
.32067466472946193
.39775159133923815
.3902897629223829
.36772531183685453
.28649052028387695
.38628783123400434
.3775016229512765
.3431400202278168
.5048703451090093
.6518638540521733
.6448909946599842
.6265768003001044
.40216372131880673
.7476061462340183
.7341030443709351
.6860706822168828
.4110536790720256
.8672794101428516
.8448804318951442
.7924940898702234
.3896737456513919
.9972360258128183
.9625655520172018
.8907072834711622
.45824919215824145
.9770452755538
.9554955529816685
.8979144582895813
.5813120888395742
.8708389686062311
.8549751422715947
.8221657201905659
.5279566067283417
1.0216028739617447
.9943837949802109
.9406650349813179
.46175899448616786
.7904470828572403
.7650412269316775
.7178074503716676
.1838660472629151
.4015580309431433
.3768758739601695
.30770027891745966
.09224628187448516
.18740524223271232
.17677765506919857
.13945483614418194
.10115010394705529
.24023766655454706
.22200564645068324
.1514943571599446
.1736163391760332
.4505754037467195
.41764497489089
.2893068661911956
.19159921778499475
.4437219748520613
.41146130715716905
.2858742664641462
.14675258545250983
.23831640664850867
.24338871769570444
.18001075707405068
.2945289543976978
.4047146833841007
.3890510340075087
.3397162027538397
.20352590826175257
.33663700025411003
.32283328079038914
.25053342680874857
.19910607080779824
.36139790415239637
.3371735621800277
.25078703753987613
.2046625656723708
.473318849019578
.4217201758721668
.28667511417130637
.18972407108800343
.4154233146034983
.3544277408336783
.22131636488749057
.16515710291977734
.3223224220704553
.2769809917071485
.1741389004405717
.19751012299714102
.4376113717021735
.38028888806085287
.20131718598140222
.21952961946017507
.5184299112524102
.40661357835346723
.22206612873894288
.1725627538493907
.4763100484225962
.40441427891592774
.174165574869115
.1568629322414743
.3324545220364991
.28825850524348606
.15768849303577873
.1445792431347819
.24258924619569608
.21716967152124272
.1448937686352024
.1660567381252708
.2756293584243993
.23922596741723848
.1663518860564874
.26649686185909854
.3924593630467403
.3633869993494641
.26907418715267883
.20226709919289954
.29849000334884096
.2739098652730904
.20356338647566202
.2765843743639629
.349324170024045
.33911861047026776
.29027726007215165
.4139724125730144
.49223037877303466
.47601240597268624
.44034142062597736
.18962810218356713
.25757759567842764
.23970569205874126
.1898319104492892
.18728048283770055
.2562923305871251
.23860108101503097
.18755264651998863
.27783001664671203
.3756915567936772
.35223157390760884
.2895392050967221
.27094641711988443
.35266433363453953
.3290540146132512
.2716411805660825
.2513879059437644
.3459851432731347
.32344679540238913
.2653678826174414
.41156281124974864
.4816041033308867
.4680712233157727
.4435955445690953
.4391525107603347
.48707638599526343
.4738258332192864
.45573159740394853
.8304630694062726
1.3437487175176495
1.3152386553444506
1.218427962740921
.7217421646725711
.7238834208131202
.7235805642478981
.7446606981990483
.7359878016279562
.876173747876456
.865243103126901
.8539484834978106
.8072472290689378
2.731851052416325
2.2900259294584693
1.4512338475418731
.580401349613205
1.4494986230811155
1.3815028258986073
1.1216636871636454
.5685743359698843
3.7145271446912242
3.1484213348638495
1.4423838809894731
.6537822030606889
3.919158933236465
3.3778286929320984
1.6809798129870195
.6019326307709277
1.1670113475140989
1.1358867863086188
1.0097974508712586
.49552097895839364
.8122802137001994
.7896685996705342
.706718905445227
.535577278004478
1.0880651058213773
1.0515664542198992
.8137673648706493
.6069050836554677
1.5046180612424425
1.459526300482198
1.1977486744145456
.7652862519150155
.9785294503959655
.9845184074939376
1.0009776748934676
.8043382950536644
1.0019836277164886
1.0114106571913863
1.0640364608378234
.6442541266938404
.9207842383413678
.924497974217817
.8403792274237925
.6667145871487492
1.285430287664891
1.2657740505987358
1.1753593092528862
.6923132757132606
1.008119646324208
.9901949289076596
.9376934190447267
.7360232767330207
1.2465666027560427
1.223897538333953
1.0073970908273864
.8035884007815581
2.6355313998350103
2.2813993188346604
1.1932080763426511
.5535248231137947
1.2023355636927857
1.1578365988710984
.7677336880675675
.5631247298432414
1.1897296138577087
1.1548984149110366
.7746974842050488
.6300270493122184
1.3701206525538947
1.3176260173088001
.9443039172102473
.5655919006391738
1.1753243090976904
1.1381376947350388
.836070253148004
.5478362094000664
.8621047752903772
.8450261445483607
.7049751561796176
.43938220795517524
1.081063213176489
.99609203920435
.5327750637197791
.594059409721825
.9514300110419567
.931010226188193
.7680811848034979
.7938459740691295
1.7594729381385004
1.681566174330801
1.198811722151655
.6247627133001694
.9842809186019708
.9771884570749586
.8674693131238235
.581362225036226
.9618964204368989
.9569964787129916
.8540655170079453
.6756531159923581
.9748058390627128
.9669658213883677
.8567177709886816
.49953860291683533
.8968878345624584
.8893892525241427
.696423549980581
.5220990668790206
1.2914559740188682
1.2739743824351024
.9141857372299014
.6102896619299211
1.280744232338633
1.2741047025638448
1.1074402836061072
.7774530232358691
1.3994156779851594
1.3996592795024223
1.4366688101781728
.8727885031207632
1.3928654051342317
1.398469960053292
1.4404702280464479
1
3.468073383676463
3.1568886787856205
1.9129490973435086
1
2.2326512877898392
2.1889104678915605
2.0009467254305555
.9578471932007172
3.0093631360370923
2.8859553992195743
1.9759759353623032
1
5.984674607039202
5.410913734343489
1.7308019076445256
1
6.370019063666224
5.889578370551613
2.19959835574793
1
6.678324144339261
6.1170426192512855
1.7232602755135769
1
6.28350757578019
5.826996182860863
2.3420320340051832
1
3.5172271686062073
3.2364744324239036
2.3794517845474576
1
4.58843438021087
4.196856226209973
3.106896227387355
1
7.099232906842797
6.534090504950512
3.2881988987958537
1
8.514132151803368
7.9355965732606935
3.0093649069284307
.8977742665904294
2.1853327881558604
2.130155701686345
2.071507319013545
.9865563857902312
3.920463439915989
3.4351545764759726
2.2557757961355303
1
8.452620659772014
7.957553468526313
3.36897810214626
1
6.4471737246451974
5.887050031417737
3.2321548163644476
1
8.940679290001063
8.547604395827983
4.260263420616799
1
6.957485895131572
6.506281406463444
3.980842062029437
.29107216821421383
.4047597047568881
.389117963167355
.3179630182790098
.18006725604452936
.2635271565010416
.24915774022920148
.1839705992025993
.14447011895335127
.24120169634164146
.2269062287902835
.16308289002139434
.08593127652545128
.14704523005355016
.13768673617404137
.09773234766340388
.08112265545826605
.16361506801038742
.15197412668059393
.10031079687900366
.0701720803494054
.17286151965865992
.15678142127290037
.0908802544099448
.1688231702536449
.34618093572274894
.32470492800574685
.2266687297661643
.19212180438050555
.4731442881869014
.4439871046883352
.29847871311078544
.32033458905534357
.8043298795027549
.7792272620843232
.6756382421754077
.437973195454625
1.0913982520602397
1.0180718752110602
.8058776163642848
.43405674284448653
.9178732779942689
.8598175662803289
.6709137482154133
.3613656197572658
.8068407129262789
.7533748772364862
.434016599914544
.4153974117590771
1.1223273361376207
1.0565614982828575
.8306599722352839
.5918735455710303
1.1860622347611223
1.1174723327739207
.7793920841373068
.5413719056071205
1.4793298279683627
1.3802749407121315
.7728556834314934
.5995430867066821
1.6103070225791727
1.5114632277612767
.8511128112904378
.6728242255026067
2.0314929742376537
1.8947284509466726
.9937689369051766
.6780618508047048
2.456861378424735
2.262398601969296
1.104312473215353
.6353023088379134
2.073586985518038
1.9228825731031691
1.0470035944473102
.7912621913375998
2.213193925911744
2.05856680856908
1.4470340542826392
.7931632543792039
2.4399692217243745
2.240938156498228
1.4519137075327861
1
3.0593313415740164
2.7162954000304853
1.9276007500384529
1
2.2746712838484324
2.1222242463347887
1.7044054208100818
1
3.9336459333198497
3.4140907974339374
2.241262420155204
1
2.1568148584735307
2.0273994550863215
1.7087333467232935
1
2.853258715465561
2.6106534012883738
1.9762796782440402
1
6.83435744836157
6.0045734854140935
3.139479372613721
1
5.2432912308671655
4.807228537767232
3.1011148994997138
1
4.79851997546811
4.5877091623845745
3.5532171382367923
1
5.369712684887558
5.156285365400742
3.911174642884028
1
5.252585706563315
5.0948048787107885
4.222667879013334
1
5.570016200617319
5.351584809513729
3.809104681346408
1
6.268045003973186
5.908880764769118
3.0676288377674226
1
7.004844354709852
6.744552693834937
4.77082645714981
1
7.928059330106675
7.526056942671484
4.330943851074215
1
5.873749554126626
5.580835748516263
3.9650950489909067
1
6.030896336678067
5.734120987576316
4.512412303428862
1
7.173315179699098
6.5640406470154975
4.370658203559089
1
6.9718312132977625
6.501010903664511
5.0238630087634855
1
4.906548391671459
4.27740411564978
2.391825626617021
1
5.2006607958003785
4.500669078241294
2.5225962965962903
1
5.240636338236123
4.419061940648097
1.289300650443947
1
5.211511406589184
4.668903202138937
2.313966578027953
.5507792273544311
.5682439494310104
.551338192264445
.5497718931143084
.4808749834276712
.48110677019961523
.48556055705160595
.4787824877717171
.3476869828673927
.3658833280258496
.3470978744501732
.3465205371055771
.46811973806275387
.4619773684694773
.4637792620912057
.4668747211490444
.33877426220391205
.35315800774517336
.3350193301329975
.33792768614583485
.22025702626930002
.28292962459788384
.22041998149053446
.22011007063650892
1
3.3961248793405114
3.242177146818369
2.6218186556360474
1
3.2732717156591726
3.1405527321099123
2.6209562107232807
1
3.1371414514713023
2.954937174974706
2.012815987885366
1
3.312359515948554
3.0764580298559454
1.8865183308620739
1
4.317546924754342
3.984594433695784
2.73459819162683
1
4.408118769353017
4.186309424932236
3.3980770650682586
1
5.511479035390425
5.058157659754482
3.5669968043227587
1
5.448487450662045
4.96329944745443
3.528709143085659
1
4.823372003406676
4.103608738807448
2.6178265732378514
1
5.478104713593771
4.040338716269513
2.024244596642086
1
5.094633275493664
4.253154623030251
2.320916974855707
1
5.492141023142295
4.875547455288514
2.8632874150380125
1
5.494448512880423
4.268560192320455
1.8115035265409505
1
5.414164526023241
4.544812975185588
2.115403137731266
1
5.304941778522012
4.644017096460409
2.7146672041433404
1
5.391817486357663
4.739550581358272
2.7376236455882115
1
6.138802624889219
5.41556436436552
3.0456549264818658
1
6.449414795670744
5.196232528540022
2.441039552561104
1
7.404817833352423
6.18367059830689
2.8303896255356635
1
7.008186115987518
5.311793828422833
2.3485934486137396
1
5.609874774602999
3.9753900006697878
1.9876719790831798
1
5.998301287249834
4.613703156184389
2.5692600375611723
1
5.483576492762606
4.694026712653319
3.0231341174617588
1
5.8295070422168775
5.434276894615096
3.9916385459895523
1
5.1030929912771015
4.764127027353017
3.5945918663095093
1
4.979575612002072
4.6894590610124105
3.5704091882033433
1
4.571927117776711
4.357223359572863
3.47446764690336
1
5.000789030085203
4.6850486064315495
3.4821869031937553
1
4.720569593816512
4.544025194992448
3.8013289837325397
1
4.401831500902318
4.260090884104955
3.6449512390400303
1
4.519098723144805
4.370956722904613
3.717888177917459
1
3.7486502449183345
3.7099984173776113
3.566267456258945
1
3.9341634395506393
3.8739799847280927
3.59130927420516
1
3.5774140961233267
3.5660736863533247
3.5093301610312535
1
3.7795076977207778
3.7424017774903877
3.629180739502306
1
3.5826290676000183
3.523623458421855
3.3225606422241105
1
3.486036758546127
3.434791097388631
3.209238940955829
1
3.7286988595107533
3.694038976535033
3.5368157383714776
1
3.3975027808050435
3.3756281306605573
3.2372541910043653
1
3.6207663226531785
3.5844677773231055
3.4348917105395365
1
3.647786372402738
3.5747553074385254
3.1496135159575585
1
3.6516748818829763
3.6161609606358343
3.434595524272445
1
4.079741868272772
4.011312682307563
3.6312260015232543
1
3.875366278530897
3.812491270144393
3.4374421483423814
1
3.7780655935567604
3.730513724083696
3.4574042711294317
1
3.8450976517206548
3.788037334784295
3.5146300818260934
1
4.239831488983589
4.1662283694866895
3.815749615392027
1
3.760874842896492
3.6841446477855584
3.374379268676628
1
3.596180750998425
3.565004536209153
3.430023993600056
1
3.6160683424513893
3.5841392520036846
3.445053202764634
1
3.509935267415463
3.4497584881334338
3.217457528738915
1
3.639304872940703
3.5456438535707697
3.145038737411689
1
3.5511129067229503
3.4672601610486713
3.1146162813208798
1
4.2198067900292635
4.0135148491289
3.1483452313565006
1
3.9517524488353715
3.761498985214407
2.9348286975256386
1
3.9710702871818384
3.8019924891748555
2.970454469156565
1
3.579106369717443
3.4680957287763245
2.7953375122116975
1
3.358306847916732
3.2541795663953654
2.6382936976894986
1
3.333691532414982
3.204665420791928
2.646708568406351
1
3.43542504279419
3.3055980252912676
2.741235516158269
1
3.6705296294867917
3.563921835025254
3.043357298752024
1
3.6841282766005214
3.58293155303829
3.0794567117778384
1
4.004237822185986
3.8481233350990114
3.087220016239737
1
4.211752997048172
4.0623485075710155
3.2999787019793
1
4.476041917301838
4.3202547231768405
3.399029356109346
1
4.4958583707691036
4.175541260657835
2.7657453236448455
1
4.85907357191973
4.590729975800806
3.2693796517734626
1
5.009464137613256
4.741321314547497
3.2873017817489916
1
5.884615808922232
5.396181046762824
2.8927246324659928
1
6.00453173515803
5.45290225737112
2.8416547381920725
1
7.441254234276437
6.86553286061239
3.875000585508328
1
7.403352104403644
6.833747446992918
4.114710163928418
1
5.297886200401102
5.059277970936612
3.7217169167201942
1
5.541769214247013
5.297703040836986
4.036818193098375
1
4.900963534768029
4.706769839663977
3.608337197826228
1
4.855231289028638
4.66602059863184
3.6135329299870143
1
4.732368981487289
4.5607929020864
3.584870646380354
1
4.264297831516822
4.1014146534067235
3.201073534998171
1
5.048734390208821
4.843729433938033
3.5312339068911163
1
5.0838830400470085
4.852763970378423
3.6315746663333646
1
5.758749032178322
5.573480307613316
4.322636795981048
1
6.236233251272533
6.0413853290938455
4.489443576342975
1
5.6740394057788
5.518155536356162
4.24067634430838
1
4.84962040791602
4.7463609332323715
3.9928105555668134
1
4.454616721139998
4.388164837558066
3.921280606306492
1
4.357119811144238
4.297829038393122
3.889907066655045
1
4.85815654469113
4.791624496769382
4.400419760380284
1
5.914690919316791
5.797170880732652
4.870022721549372
1
5.374852222295382
5.290864474055123
4.685962214043824
1
3.0093983159845394
2.9781791011089394
2.745544896844926
1
3.8688212333077954
3.8237736468117975
3.5186014330062174
1
5.255985357759768
5.17308690363621
4.590697363142163
1
3.2387775117921436
3.2087539062155437
3.061438893489869
1
5.119470267380446
5.056376252660113
4.709977798899419
1
6.89523288378089
6.720105627946923
5.397917121983179
1
4.81831458610566
4.743337920306406
4.315122667326995
1
5.732772355809991
5.611762630116762
4.884180636736374
1
5.6303242383967165
5.533401372041353
4.900899210256151
1
5.258227276317686
5.166200639604645
4.635255068739642
1
5.948370316061866
5.8417634003283325
5.534282183274457
1
4.48539882466896
4.464192342683186
4.385424323076091
1
3.520027196629988
3.5027563174699075
3.442812565453165
1
5.881500769956424
5.815819098071208
5.547547840419818
1
5.847977758904078
5.789935161133226
5.534543182421637
1
5.989057033030804
5.918739057174451
5.592094922433615
1
6.4266434942769495
6.3333427336479735
5.873768638675438
1
5.700908403464735
5.627440957705826
5.34093070352466
1
6.073757804177859
5.964597238301385
5.467700221872181
1
7.458499824951546
7.252654858472475
6.117537037450455
1
7.206669164960241
7.0116886220201184
6.049948982847958
1
6.980193817726187
6.8377512559820035
6.2481151103702945
1
8.089651110224516
7.909046824859856
7.043405330676586
1
8.214053532065277
8.02255607349199
6.871373068838929
1
7.984109691510991
7.7894315760291235
6.400474628835966
1
7.31947439958642
7.164532747842919
6.192100907142958
1
5.727721173140656
5.6319092720244255
5.074899728185263
1
5.785982758386019
5.639009982875571
4.780278288819727
1
6.3189771702116735
6.118708596909851
5.123147952893498
1
7.257158164818164
6.958143660514045
5.29321701317567
1
8.326451969029637
7.8382569766249715
5.270954189859007
1
6.824457701064061
6.6200946479194505
5.363179901551425
1
7.527879067889522
7.3064923515091245
6.252405697859203
1
7.16898217637623
6.939328617333948
5.880900304792933
.9978412906395007
8.30336397606085
7.892994301098188
6.5972952511306024
.9907234544389506
7.331240806756931
7.092235027666377
6.061986219805389
1
8.075693483423567
7.826145045872635
6.80265551638803
1
7.078494217915331
6.922639762150938
5.866109323749652
1
7.710549202666549
7.447680551942723
5.392964438012953
1
6.19609814904417
6.0962677578788576
5.319253364549572
1
10.81445924628991
10.363809044429255
6.79985450333945
1
11.44339520979269
11.040397026882433
8.322670468005528
.7745871106299996
9.977441931716188
9.272867756417332
5.457746376848188
.9456755217950269
12.555565942549778
11.834212270437087
7.44595502220837
.8889903121204348
11.324140708527993
10.480588291861672
5.685098863077787
.8853859716467724
10.34860420344449
9.676947100105023
5.960998304444361
.8995927095426043
6.0395696598617645
5.444018419835204
3.424287451099285
1
9.834039215682399
9.260441868614947
6.343381900308202
1
9.66520842066593
9.119926910185765
6.728132386320561
1
9.68382938555657
9.031851984416216
6.161881184320194
.9993171617206479
8.738671625839743
8.073614564550017
4.236193526687685
.9183388050663973
6.508951389712839
5.626392957504956
2.6746836676608443
1
7.163856443164137
4.899545049183587
2.920980484807947
1
5.178093870393493
4.848916237652674
3.0740681232466747
1
7.04429338026453
5.8334641481213065
3.323202211211332
.7515164460419522
4.157163190784977
3.7100268609307596
2.260391844466586
.9108353065119609
6.603791608562824
5.570196146573961
3.008615314120229
1
6.401378144954811
5.1921342152480126
3.223132801464125
1
6.464320208616017
5.288991300240142
3.313096513583268
1
5.851719058927061
5.5886227548106175
4.578897269898066
1
5.921232013764112
5.6049648940657875
4.69360846670592
1
6.696339623368564
6.4613592164549845
5.307314924576867
1
7.892726383553502
7.574926775993562
6.333687009499152
1
8.601556483243902
8.337888776363688
7.283571206852227
1
7.3208359806977095
7.117425975314385
6.398378304306991
1
6.810847847783414
6.587366711437893
5.8246925784821135
1
7.135445590156916
6.8935927177874685
6.012084016361551
1
7.091842972630983
6.764837704938858
5.56061986231365
1
5.987484119808695
5.795268691211075
4.945730472544895
1
6.219075198296745
6.014877974908113
5.258549809449236
1
5.817278974307269
5.7142799077022675
5.258553623189993
1
5.363322091524451
5.274412388996159
4.910857711791467
1
6.0059524769736505
5.893422865429611
5.418467389303828
1
6.4279259837996605
6.200419557488566
5.352196551732321
1
6.554369752252623
6.341334027261635
5.685548002511054
1
5.3985727752000185
5.270698828517348
4.895513164983928
1
5.409235548491499
5.266961368271255
4.826544562598007
1
6.6682438589706665
6.418158176535939
5.457103978775921
1
7.618219795469525
7.189208012329441
5.712318892019089
1
7.976324142396778
7.541863140476431
5.981818094426002
1
8.664783334368177
8.353837505491956
7.248521405504461
1
9.607691529439464
9.264721772233484
7.780592904707271
1
8.044574145800441
7.794958419248552
6.606591838262229
1
7.227817021617149
6.93329806172963
5.582623510569659
1
6.627039368040806
6.371093208562663
5.2089250657169766
1
7.691230482744961
7.2698965419593
5.667131299971907
1
8.119309585225645
7.581705026635135
4.878597742602378
1
7.429479752387802
6.969382677506071
4.401611825793583
1
6.432250499879901
6.121591440670361
4.494766411919687
1
7.023801684168335
6.73716535520041
5.218533967936587
1
7.441395777398399
7.040641414820505
4.711714774572409
1
8.801037965386017
7.350394246052854
2.90705795180445
1
8.646892366558632
7.716553319273408
3.179068987458286
1
8.856003297505513
7.777928902291516
2.9629021583349524
1
8.76817957206407
7.905854151694084
4.202944878975396
1
11.154093664299257
9.962986528672227
2.881754779591005
1
10.467649490137727
8.587148451476086
1.9688481077053277
1
9.379975177161814
7.702133269068384
2.3972836473306662
.9573175905713777
5.331625957635459
4.142876204374078
1.7376183177909277
1
6.565540116432689
4.623183621472278
1.7341109593152861
1
5.673031550445439
3.8865499060451123
1.3454676385791358
.7319905975675538
1.5413782624453254
1.3959594177315495
.9512222106652474
.8706991623878098
1.715847873949031
1.5751553276790908
1.0703330483689382
.7450107552520366
1.3399825762783928
1.2466563869466865
.9286697647230014
.6478426981782371
1.3585505708129106
1.23372766072854
.8917190972009381
.7721631092113495
1.5380847323919917
1.4284692473209446
1.040957443342293
.5175015687042539
1.088585121169899
.9942352577287329
.7182605041793626
.6199877578501047
1.7150695987463327
1.5204166467797886
.9011407945107047
.629441586852707
1.6398182102702503
1.4308388854378955
.866757992284777
.6202082239102555
3.2729196804962224
2.843201114989511
1.4740920726806137
.5999360696182293
2.0511778807692043
1.8891529009191026
1.2061156599380773
.7700991293974642
9.142293118475497
8.108277492571638
3.971430527598532
.6675404677308613
7.191236353233807
6.05299926879747
2.2360118775430955
.6141862405444526
4.285963489168864
3.5242246251918967
1.5374107974378717
.547874585073963
1.9087661519251884
1.681628208383099
.9336728157758583
.566074615033803
1.485118153287661
1.379261530614606
1.040908765906808
.5154630944224438
1.2720214072424147
1.1718962667523711
.8640928856604629
.9491511756636244
10.560614583636827
9.511990393008338
3.6031701969402112
.7690045133441373
2.0353618963010627
1.8806499127686567
1.3646162111310822
.6944159276026932
3.969441977716797
3.3547567729805925
1.7352481755468787
.6481495022220058
3.7039742132391202
3.2642441538337987
1.9433735772451166
.6997632224221907
2.596774477623616
2.402039027860708
1.6353152806820024
.7866313662972838
1.4893870490781898
1.41547412137277
1.1403929068165735
.6204659696832424
4.05450647396774
3.492627070484167
1.4642809598749111
.653159008549282
2.464712503241132
2.269362619890903
1.359804343094113
.7732509146491281
9.46407697363187
8.365217681946751
3.092146323742101
.8703525273136276
12.376122028709712
11.328090966223481
3.1448526044358327
1
12.476518580315421
11.731534988070681
5.408574769542055
1
11.769203211965804
11.291410825133422
7.579205360223091
1
11.503052429264097
10.718050787554578
4.492788787071452
1
10.462695132537386
9.859387156817016
4.997815647072275
1
11.631911995098037
10.795907256931427
4.337641919613268
.8728027053649979
8.975280763361754
8.175745912053555
4.54978477388273
.7921997291701289
7.142862350453666
6.230030262443396
3.143078557477108
.7439293501663257
7.677041421277581
6.94805519864487
3.8930552692278746
.6342401710288604
3.3152298941054097
3.1004971882412833
2.6763192841573
.5488768753020707
4.065624283744
3.7928739574465213
3.243383285048
.6537855292943507
3.6836024995427388
3.4838051360823443
2.979760417208032
.5144496035524783
5.388044461038432
5.031837534833683
4.094176395248527
.38493125466065975
4.644443033286661
4.303712564207218
3.4425718425181673
.43823541814542505
6.362681055792983
5.829342281286715
4.3084577952631875
.4283813449602552
4.8990081294614445
4.510087697968978
3.3965091390839466
.6317682980475519
11.232491419712929
10.439689229237674
7.37432721867594
.5704719699082242
9.582436568795305
8.778256968623417
5.690300303379718
.7245700187026476
14.940451579620643
14.062012940224408
6.652398915941069
.8278145676120516
12.841531184327327
11.742497792456215
4.020291536182696
.7985077033402279
7.52513228382568
6.7136115749803285
3.9311844234694227
.5859935204765913
5.090371609768756
4.47566804782533
2.843599124650606
.6047021658480274
3.547538088569344
3.0982281022079845
1.812394362247622
.39777486188169026
1.8276270158957375
1.709283992789234
1.2532559815026698
.859261333678249
13.451344890030423
12.44839331969296
5.952858531411788
1
13.117634487955712
12.632807891994327
8.67433801163695
.8265474915438559
10.650051956795576
9.910121078892379
6.118127761945583
.6425188636811077
5.422480697832772
4.863715974168054
3.357617598918535
.655684589878579
5.964714556058177
5.3776454870166726
3.6591985011646657
.5652682803436873
3.118010082830701
2.910367622428756
2.2716544086412473
.6768621276730912
4.329293355582741
3.98233075003522
3.0750949307298545
.44906190229509385
1.3848312413881854
1.3388759098201404
1.1658662377834716
.49834624444780534
2.0596575419271823
1.9775140300193754
1.7030548297201997
.5213524372339614
3.300201572259132
3.1411271874803837
2.6067106455413573
.5566020196012756
2.4701349499986014
2.369119084828212
2.0473169974518894
.6353245723252425
3.7635948178779133
3.6312671659950864
2.9114705074630716
.7280316637316325
2.980797299284604
2.8668333447757446
2.5139818291561187
.56496997833195
2.2648362774875417
2.177912578949809
1.9161453540378048
.6833790823017124
2.9353536658118364
2.8225298690980707
2.494909155933022
.6941819615681308
1.910269392647297
1.8636598299994578
1.7365725825971823
.5652309837018585
2.7452708932119094
2.656425177807096
2.3882244358187505
.7909606199739588
2.6617618575575146
2.566810939388097
2.3198550665283255
1
12.080466327478833
11.6601308458465
8.25736158498111
1
9.372271089333248
9.083001328791578
7.125808431644459
1
9.717208947254967
9.368911043695809
6.685438357009322
1
9.384120126934219
9.048164247421782
6.456027963927209
1
8.01303863341417
7.784731667140015
6.142830249652334
1
7.997004778137887
7.710762124061911
5.505519389938349
1
1.171596200160335
1.1800490263680525
1.2190074563122963
1
6.334591113569837
6.022426099030328
3.6653733280451344
1
7.076018174653687
6.8118567386327245
4.664112442004475
1
6.1526031863890775
5.977829783363258
4.810300115498753
1
7.308793278262561
7.107518961613423
5.685600100924398
1
6.614499832190892
6.4158370152500295
5.185336589235192
1
7.611768851009002
7.3950337925506435
6.328191834159804
1
8.380098344092325
8.144825201229002
6.724341907463453
1
7.409635936636393
7.228472109271772
6.093415334944812
1
6.721176570779738
6.531695969510914
5.462463071950724
1
6.29079137986524
6.040695123661437
4.236960865899152
1
6.541902954583115
6.209113849886064
3.2011301012122764
1
6.28861627002515
5.992859606278589
3.2268122223730438
1
4.826819729839605
4.649503819656528
2.8227324755589867
1
6.1029026254209375
5.8552868146035655
3.414030658781044
1
5.245808365252501
5.092368749584653
3.722720046003723
1
4.336198432118015
4.245120682648227
3.5566592454913804
1
4.31890810500619
4.21800374666537
3.271647055434264
1
4.248005625218783
4.147794921567108
3.178521188947204
1
4.810443755530401
4.698149500256715
3.692756211089122
1
5.204754533476116
5.042116628419046
3.4450220300880954
1
4.506403087572797
4.372852582518011
3.036873239867158
1
4.6931661377735825
4.544536719909632
3.031024014111348
1
3.8602066447673384
3.7233493525773977
2.2945520874556333
1
3.7024496180797883
3.5872644450009665
2.376741931917324
1
3.861363697878384
3.756016597766589
2.6194852431253857
1
3.8217619538513814
3.598618010791492
1.8284225578557274
1
3.4487029358131838
3.3401011237521288
2.239101684791791
1
3.7071203732719655
3.5575781812409413
2.1143179093385958
1
3.685216284779665
3.5652883909331434
2.2856295037415615
1
3.8449020191558145
3.733227656815817
2.5334668411655965
1
4.408325967098654
4.303064434814954
3.223709126138951
1
4.271720350831052
4.1449604920606316
2.825195927192563
1
4.397249342327118
4.291844674488373
3.2976316978877636
1
4.284763663218443
4.181489366077466
3.0764608726572735
1
4.494480418278997
4.414295448821264
3.7362954086545233
1
4.564640925137319
4.478510020342467
3.6498661169951627
1
4.365083065035224
4.287678358479566
3.5948874537629845
1
4.655148010889658
4.560449085471514
3.6291311186927224
1
4.899165778966577
4.74518142704994
3.182233121922035
1
4.328746427581695
4.211605278460363
3.0471565947987553
1
4.757973030233283
4.595234133076577
2.9495024094747553
1
4.758100363390419
4.5401633868403355
2.5416362588045835
1
4.316751775714214
4.150543444494867
2.5585351429792818
1
4.286104290728681
4.0380061605459145
1.9691619540944925
1
4.766376954674729
4.513652848169262
2.201111445350231
1
4.649536705620525
4.396931261748659
2.3249211705793775
1
5.237340830627199
4.9263377274542774
2.550077270269721
1
5.738363752504878
5.4402137094238014
3.148172891821496
1
4.20828401724698
4.039149433823359
2.464010296522582
1
4.460339349304484
4.291552827642357
2.717260099489239
1
4.547845855598462
4.267114621425538
2.2609124623985357
1
5.483406462936379
5.209437202193098
3.0500264528471934
1
5.181605469098856
4.9037079479619115
2.856744395356586
1
5.797949892900512
5.42418697635996
2.8931473775659997
1
4.982302103245383
4.713003788588276
2.9436664849961183
1
5.750726172313848
5.38553300918843
3.4282392466456306
1
5.44191228121445
4.942196144136384
3.0577184710854146
1
6.12472523192827
5.774738220250223
3.8036728550913717
1
5.800896561140147
5.272112973685535
2.849357341682167
1
4.990430641914769
4.608535684684648
2.669695413327292
1
4.506249531834934
4.224220369452799
2.688793575587072
1
4.005495261588228
3.864180042927252
3.011650442385784
1
3.8792596818336005
3.7699826322062213
2.967993516311588
1
3.5544432693381816
3.4300062049269378
2.592201091799908
1
3.7842161056809407
3.6690310657026584
2.8141058342671985
1
3.8250407657520844
3.672443207175992
2.6559645606056637
1
3.7901492149925176
3.631541020489271
2.506365893890125
1
3.853910873317858
3.6822791924745957
2.430415133715383
1
3.5745884877158742
3.4785230370880145
2.644102669549039
1
3.6484760982760287
3.506969524099488
2.4652100619635955
1
3.6002847077948115
3.4572013153767536
2.414322820727091
1
3.8178259033796667
3.675741144439494
2.5131343083112214
1
4.046222441274471
3.919557981054381
2.8057822090735236
1
4.410648090754476
4.289853258308683
3.1382335584731593
1
3.9487119824196193
3.8556530387546584
3.048916991253749
1
5.22463253844475
4.978779990799116
3.327001031021512
1
5.733990373554276
5.491716400217167
3.665437981754906
1
5.477877247291196
5.264511219370705
3.464065392778907
1
3.55323443609824
3.5150884061125938
3.114479311875247
1
5.7055465166550166
5.501034819942477
3.6984745582666974
1
5.115100854777953
4.8091420304034465
2.6365431088393794
1
6.560110214236969
5.5958415515418976
2.0882330498358175
1
5.632608854309814
5.1983156023981625
2.3653233382633365
1
7.25497986387914
6.483335340945957
2.640490748458644
1
9.569382394648779
8.509635046082177
3.4775033049993564
1
9.381923590307695
8.354730742505996
3.1361478257339863
1
10.433593008343221
9.36448745482929
3.761991682638623
.14116861395548086
.28479452026526153
.2443433060592075
.145520618460399
.14754056719908165
.24781252880311413
.21168020692763032
.14915799384089704
.23289948309603642
.37233360933494847
.31397927928505504
.23454426278481316
.2061112225062215
.3594791268182463
.30626547071290167
.20883750276024468
.18428548151365706
.31854540098199036
.2699130873401098
.18610946927785596
.19187958229800167
.31267596614634535
.2740181193455808
.19473151365289
.23422380668610648
.33583508522391253
.2930579271113704
.2362958051964944
.24172324339686804
.3502291753186339
.3056164856186446
.244324822586811
.32156826683700857
.48513728703664244
.44912933820210654
.33452481184514843
.2667646857984299
.38237643769270585
.345738404690058
.26956106239657546
.3839216133041649
.5520863649378885
.5159703036794255
.38726304672238926
.433020509294446
.5753631713624615
.545813225497176
.44012187500142963
.2966224144107645
.3825101539472752
.36612630542024927
.2980321358815441
1
4.445822861189436
4.346566847005729
3.7570453650403612
1
4.824172568332884
4.690337678217162
4.079867136456707
1
6.42281002983961
6.097571192447404
4.159900553689209
1
8.489027784470839
8.034329050188234
5.282269690299844
1
12.301066775370414
11.213495675289957
5.236649920429112
1
7.8792542826999545
7.470511905619528
4.135683613371536
1
6.267237390895566
5.934041082404382
4.265449944512128
1
6.984702319017472
6.527886309066959
4.091472376776647
1
8.091482807297364
7.638460470971561
5.182870226076801
1
7.73914704487632
7.434183008229859
5.2733891190753095
1
5.649615406888212
5.409033814402572
3.937628455996143
1
6.648526776267716
6.079081993273053
3.2586673709496936
1
7.003135042072067
6.498470197857077
3.7189018520001427
1
6.30879446694193
5.9420656422327
3.9028159137438387
1
5.041333139357839
4.614857541537301
2.9841555771829955
1
4.687893939726483
4.426726984173022
3.0456937594086657
1
4.1354731996118534
3.8038502423458067
2.774627732441449
1
5.188117524317795
4.839978588719884
3.3613442817680275
1
5.433283457101365
5.003167750108678
3.2474254188233345
1
4.925039936376734
4.664081471559296
3.682476872382473
1
4.788425701138432
4.645549096650142
3.663717707435848
1
4.470697241259491
4.233976437364395
3.3895534644710823
1
5.543715747545942
5.2241318593336015
4.163112138779869
1
5.053896487103958
4.872329029676171
3.986141790637575
1
5.072811411809362
4.913185893598607
4.097211405779692
1
5.7117890223256
5.481379664039406
4.380109406708954
1
7.209302462294954
6.793669792636104
4.546433959196362
1
7.051886545709465
6.622480494181663
4.736202587825585
1
7.008311791127911
5.8969227996903975
2.82966763347975
1
9.97626228579425
9.236695909863947
5.790948344916469
.9649763287565986
2.092240640467208
2.1427310037308014
2.4903971222765735
1
2.0565511535744756
2.0709945363587385
2.399677676121213
1
7.447885593994289
6.5874471085529755
3.1790711305552737
1
6.683533413033222
6.13393309239222
4.466301077771197
1
6.354921529546046
5.906235320585418
4.646484865661028
1
6.715393102071995
6.256903447984342
4.260502728519761
1
6.186377346275368
5.4318823536578265
2.9594037712579477
1
5.914435053558696
5.336033068489747
3.203206437459452
1
5.290264925092576
4.797273020485457
2.937497963182018
1
5.8474036101452125
5.549090737931374
3.7713048700620107
1
5.776769598610563
5.394644270900186
3.504047699432696
1
6.076201918504944
5.762227573260131
4.099734667652075
1
6.426137084144323
6.16465983266921
4.4497631715235215
1
7.25166285466116
6.829197432653435
4.350312037359453
1
7.196502755167791
6.535764124191449
3.528123663382066
1
6.430871177569097
5.887830852528415
2.867851595801767
1
5.6950986107613115
5.234544941749025
2.9179768591087307
1
5.849266626870473
5.428315501744556
3.122512234794543
1
4.678159182530575
4.36780244238433
2.7482510282628425
1
4.275749538771046
4.061087245497678
3.033348780084749
1
4.51355773880741
4.293392875447763
3.272991720793918
1
5.1945635723108285
4.958369494263544
3.545560258289986
1
5.076424037167241
4.966076374419391
4.157329422246948
1
5.106289578448767
4.826992990070291
3.2223309656535206
1
5.71607925418668
5.2446893525720375
3.179315058349414
1
5.981852550655561
5.595995773471736
3.4215871641089772
1
5.991879560758163
5.559270297189417
2.993722169956883
1
4.806851565492774
4.612275791006913
3.1880623790077784
1
5.034797141101813
4.805190339940142
3.050252153476329
1
5.33375233410673
4.998797012106028
2.7222230314040443
1
5.157454499352225
4.81310470850645
2.6467176997645647
1
5.305817403607418
5.076700920466045
3.271923716575062
1
5.21341411664463
5.030779409476548
3.469494754427241
1
4.847205589015836
4.6323182247483015
2.9846025508674474
1
5.280728826251518
4.983119517138541
2.9937386063309073
1
6.121696070881908
5.666249186200927
2.830511119659071
1
6.127465679739398
5.703658447866415
2.8815218682899952
1
5.83622915890935
5.5229378480508196
3.0156348570907
1
5.559201858792584
5.346103296004494
3.5692156897627334
1
6.295508395752222
6.05607167700854
4.212421408296798
1
6.010464213053132
5.793451029703169
4.071691600079793
1
7.390649987529741
7.010835322673535
4.124726131668578
1
6.883854938911251
6.595000815664269
4.142159302774385
1
7.368818975371711
7.070767255038231
4.605871536878623
1
6.158738000667126
5.9548754202846945
4.35754652420936
1
5.972731322034427
5.740868814063422
4.028392444700777
1
5.479703541498619
5.3603249576735585
4.289465540427445
1
6.033057233064129
5.892990072792622
4.728482665017163
1
5.512289587233719
5.38482280698302
4.420921528327493
1
5.426022817032323
5.284429448496232
4.2865839619244746
1
5.009851509159396
4.913128439795056
3.8659456111999084
1
4.341981473925804
4.277216729721089
3.6769595648947933
1
4.343768058680516
4.27339015242585
3.7313119675285686
1
4.362036917001968
4.281332505785214
3.58149532674798
1
4.304680233982202
4.21934286765642
3.3806200006749942
1
4.745216026801109
4.636421096422986
3.7180338196029443
1
4.817851577558025
4.730536615595801
3.96615749959004
1
5.091716113979186
4.975858269539785
3.906302588765521
1
5.9108112561561486
5.746581731421495
3.966866803198821
1
5.652166642252504
5.513589816445185
4.219917931484549
1
5.332678287322571
5.128419765529837
2.6880768308819207
1
5.074183479838202
4.926275752894726
3.1241808175692607
1
5.556321227086339
5.3900651409188685
3.0822105530916515
1
4.70879355953224
4.5935211125095226
2.8201143902607884
1
5.042374247059118
4.8726310892322875
2.1804660734329935
1
4.497892270276634
4.401987473193089
2.678856384515583
1
4.215349008764309
4.122926311006528
2.416571390441089
1
4.340290042859305
4.24144718437209
2.5096087561083196
1
4.656422183725254
4.495367398574055
2.0903905203178086
1
4.5712157090679
4.4381289238829025
2.2169407543448276
1
5.119571256102931
4.992860213407142
2.9397518421543154
1
5.090855909045728
4.982433013417884
3.28964925026492
1
4.964228775952115
4.836985829680042
2.973716901825975
1
5.072994564177676
4.87999772825213
2.159577084438911
1
3.7865110521897156
3.632446425149183
1.8025667551474658
1
4.2376485595485605
4.064736204461743
1.892793588837453
1
4.207809911897999
3.9622313073055935
1.9212680545064351
1
4.185747351286647
3.81085840365369
1.7588608373327006
1
4.407207743878736
4.186873571082141
1.8738582127111352
1
3.8372031528875983
3.6163009357456186
1.855364157377421
1
3.668965801400524
3.5383042524829156
2.12294857708368
1
3.7640976418626706
3.601022851479496
2.1713957434419635
1
3.9013125213657642
3.5182503457914405
1.7057875380971494
1
3.896254623493634
3.690941822436522
2.097224210054252
1
4.542458066883203
4.288718072815972
1.822448269505825
1
3.9872629053364927
3.8840408401940594
2.4495571957192808
1
3.7747462247576973
3.7102237132369273
2.8955153631957735
1
3.594010719836626
3.4384198076156633
2.144586534416381
1
3.629238821186448
3.5698640611595986
2.820674771974765
1
3.7858028510602835
3.7223993721441446
2.928094555663081
1
4.516415818511163
4.422093530524884
3.1305337226135355
1
4.1934406185618185
4.115776697369502
3.0974556737685104
1
4.203896646978174
4.131516132579402
3.1073259879940083
1
4.408327180258768
4.330545573476839
3.1719906746410422
1
4.6452217028887475
4.534406840695757
2.707316810383513
1
3.9887258165906507
3.8935102081494835
2.5470777264584283
1
4.289936896385904
4.183106650693336
2.631960941102004
1
3.7149486110874537
3.629687221888513
2.499684044516703
1
3.9159787024676684
3.8270355486248104
2.710411395299875
1
3.7934880407833136
3.678581033242991
2.2288178749344025
1
3.8049457380558027
3.688443179502425
2.312503677536694
1
3.900587781829302
3.7806595444273987
2.436329311010265
1
4.151689329852255
4.053009274187331
3.0963802471109645
1
4.486059756829412
4.311388191809861
2.595901519945451
1
3.847985198198583
3.740747327392745
2.5894458366817434
1
3.4495941560107046
3.3790156282253383
2.599864625995299
1
3.676103314877389
3.599121243513247
2.788624575898699
1
3.6499796293853644
3.5653168152555974
2.6092704307067454
1
3.5504476140709684
3.4379342072626877
2.355986228495561
1
3.656757539000427
3.560261985511914
2.7421011242941344
1
4.062803741842528
3.944958271095118
2.905748443044517
1
3.68467528107369
3.542445763344127
2.36023216477309
1
4.020433091313714
3.7533757407068573
2.1857307461381383
1
4.199426284229033
3.9121204785684496
2.2850785376413523
1
4.579741473023885
4.173102208900091
2.231938131989564
1
4.102376055724832
3.8486832998474045
2.402381378732172
1
4.603643639652595
4.081260823110715
2.2047272948482997
1
4.333821445260497
3.920631230020524
2.182383231986123
1
4.71768968604385
4.427084233790822
2.462874116388032
1
4.79982674915539
4.459302026948201
2.29637493356924
1
5.552873293773911
4.9918473818988325
2.1830483643854084
1
6.569172984488681
5.948062586056608
2.2305009032379517
1
6.2426067182904355
5.634308681884239
2.2159757537070126
1
6.220546137389404
5.168580115400341
1.714810876695768
1
5.596615912947164
4.0029965638923
1.6372379900984941
1
5.626039844486878
3.8500013779524753
1.5445090327427957
1
5.687654559997319
3.4965014067422304
1.6169165248551909
1
6.175980855110041
3.904691538860557
1.6878735034688863
1
5.212555359805787
4.164217818884793
2.1220876131104065
1
5.013334182820187
2.9872878965110337
1.565458152543433
1
4.683691849498369
2.5571243598934075
1.4378695789927582
1
4.666768732270364
3.3787288360022276
1.7610704791211567
1
4.361208237594889
3.53293345571963
1.9643508767630422
1
4.104993774021693
3.3617880018230646
1.7645189062890894
1
4.767706845434792
3.9639526233046345
1.9864178931145593
1
4.187910513567219
3.4546893866501653
1.9330514083602317
1
4.454548070864961
3.741854666793185
1.8852028643328564
.30522622100443647
.3500471049596871
.31155949887748835
.3059585394020577
.18522060303016108
.19362359717462801
.18694616632877561
.1854502318102881
.16481756305347525
.17399022665092292
.16565122400062215
.16497543056468222
.20888015227054607
.23581953333032157
.21143962083692106
.2092154014452304
.1398670160641888
.14892699192732128
.1413179675570197
.14008813253143446
.2480910022556364
.2733811354118254
.2542435913957667
.24871807071589572
.30291903725095237
.3233077686519197
.30935610723305756
.30371120023992904
.26374281511428066
.28282446697375135
.27026099562396316
.26440727168624084
.4826629072047537
.5364101704189167
.5005301680419285
.48478273392279647
.19406167323470921
.20534231745699028
.1987413734723498
.1945160923369913
.2781813340056265
.3119829266422407
.29094158985097474
.2790107195628479
.23559299205550618
.2543442584011814
.24110691571079776
.23597801624510667
.362907703209683
.40074382193159735
.377631153409363
.3638810139813377
.5962585827098363
.6413885101179704
.6157899548472504
.5986399666773582
1
8.285450102811948
6.723081062410665
3.659779237827603
1
8.391582371475247
6.811670268609242
2.9774421606011767
1
7.754843088952662
4.837879650172348
2.1132059099741616
.485340916681437
.5092250197400915
.49392938856103463
.48664633323793555
1
6.516405398627802
3.1438752744632135
1.6206792026394392
1
5.434683002817853
2.3832147558211303
1.460230410173394
1
4.236445000971807
2.016222745750339
1.4031802217609148
1
3.847647678751143
1.625421121104285
1.1888759236839388
1
4.7025876177501
3.114281455616714
1.4620102112404123
1
4.779953272495502
3.6270032188775265
1.8018472458806487
1
6.161599424015095
4.843150154462301
1.6588697553770064
1
7.374422134867622
5.840009060296205
1.788092844206028
1
6.630736903244045
5.192033801176488
2.1331296612335153
1
5.65657704151877
3.865166203269064
1.7533817731518713
1
4.9638738364370525
3.097005032593025
1.6334883706677152
1
5.899644211893657
3.47838756567784
1.41699305129342
1
5.514666794085598
2.8148544887032347
1.4290632984136387
1
4.783179935418874
2.514653651789539
1.650248594316057
1
4.557323504660324
2.2780091324715213
1.6472247881956297
1
4.118779756643202
2.065373921388967
1.4501359315102482
1
7.08527987545011
4.2424843218007044
1.5319107590301326
1
6.951504302173748
3.4090395221877747
1.253193478966792
1
7.500916588408011
3.5266492634536175
1.1845969850447662
1
6.8054576655466725
3.598228195407038
1.200462276720213
1
5.567885291583652
3.453842736079766
1.194200514448328
1
5.164133232368962
2.76348641269009
1.1560360551100883
1
4.032348830112099
2.1686625642318487
1.1193003753717232
1
4.472439484722895
2.621652274620079
1.2384619908165295
1
3.9677683379178585
2.026262283560974
1.1147893961037747
1
4.2559283826660925
2.5864247903036772
1.2583949734433832
1
3.6388873095776084
2.3679007994239027
1.2774628544801336
1
3.580621082946307
2.2154257743067096
1.1054487483550361
1
3.8401509827995497
2.1761353692671226
1.049496755757802
1
3.7504003682661016
2.2471906880389114
1.1267686993038977
1
3.05833306067979
1.3410160671904519
1.0992515669159089
1
3.8152537540762306
1.9163760456019077
1.3197781384417588
1
3.383679029196081
1.5642091949094539
1.1408955521347077
1
3.218239061560633
1.328560822667456
1.0462455937541433
1
3.8917085588395235
1.7498932118875
1.3591108699091534
1
5.6400559217201005
3.0049193241502348
1.3992776447601816
1
4.817904767885019
1.8958322823740863
1.3893076662798203
1
5.853174305796932
2.3844085335378966
1.531285915116783
1
5.904095273234715
2.529206347931932
1.6122156783429191
1
5.204969962902949
3.279572130502183
1.6029493625459426
1
4.494898724616718
1.7996120291027289
1.384501071781899
1
4.186141321026868
1.6179337285978255
1.317857111363312
1
4.2430702374147
1.5432234602688668
1.3230876661662203
1
4.229986663590303
2.2129878691885905
1.274819270354166
1
3.564158449158727
1.6268893795639319
1.0820928880404261
1
3.5609062165702636
1.698147134683944
1.1892978522059963
1
4.244658582501125
3.1003378932682026
1.5601033290335393
1
3.633844897069826
2.2521560944434826
1.371207012579122
1
3.8388771865848117
2.569918960245508
1.2265029936905205
1
1.9804574126184498
1.0540795327589145
1.0108130679857394
1
2.846120426808139
1.4769463012048172
1.2101383298076347
1
2.3978518952034085
1.2733519974971412
1.15571054294281
1
2.7450512645414613
1.5467503045546462
1.2367098864701465
1
3.4733433573623813
2.622064161922379
1.5460837689968723
1
3.7087228523035036
2.96377805572705
1.5946036110019624
1
3.8667149936278964
3.2130341330045127
1.5380703739839359
1
3.8856362745682858
3.1457116336793236
1.6990216761570769
1
4.267657130858368
3.6164415945451474
1.817386507918631
1
5.041937939844517
4.033113525064736
2.010845168256812
1
5.691259438426741
4.3033700664176315
1.7812913686829766
1
6.713972385760352
4.7879636273200585
1.5898742112472888
1
6.961121935364136
4.688847103607314
1.7330399642190093
1
6.968766386022749
4.974096560689332
1.5614199257394556
1
7.436649829141361
4.7181601773635045
1.5081226529986163
1
9.030445136217578
6.211243443766494
1.7617857978821867
1
10.507392448913157
7.050330574152213
1.4736884878900753
1
9.835337051546857
6.1141930721761
1.541996089377085
1
9.833963597294794
5.205648622395048
1.3051975233179507
1
8.539568946898246
6.163407144024162
1.5200184885773262
1
9.874201931743457
8.003073040987937
1.595955872207699
1
10.828581898837543
8.375412825053447
1.9988553094261048
1
12.853925614511915
9.865661154013683
1.9195185219169035
.8620136291865471
14.90272745826537
8.139272766416973
1.2103465144963523
.7894085948774311
13.82897908816645
4.192366912923981
.8711632374303471
.7513048730510462
13.923604242818103
7.728675779920901
.9373129484550183
.986227113569613
15.386343594074564
9.05792229072895
1.248715994642032
.7393906222811302
11.669774081759767
2.5771367810727237
.7923859226717896
.6598748699361139
8.001058110813359
1.4142175181958176
.6862208425618443
.6306148625856183
2.8472653409165516
1.0398920194432348
.6572479535662358
.40108765991413725
.7855811038925254
.4125569200407953
.4018656959052588
.794280967048744
10.14375865732977
2.8081192164343616
.8364193441435152
.7069708313502873
11.333217625478705
4.714185368188405
.7411816178960863
.7669975175920161
10.426684170396843
2.6983498759226956
.7880074643289326
.8203291916052667
10.711494675998495
5.360578103596336
.9310115427079068
1
14.050830079026548
11.826800738136747
1.9137318138954345
1
13.635118753277242
12.124938869250204
2.1484702445068686
1
14.63103697220837
11.873687916189727
1.8954531221364563
1
13.176922177092715
11.887529446879123
3.0446012678641883
1
13.613919250166742
12.667169055389834
5.112121400212834
