0
2.0746879346662235
.5768212699027636
.16756997050446243
0
1.6243021082632974
.47227267299647113
.1417215946762099
0
1.5301039837259705
.4422709187786273
.13215546101835798
0
1.2922837160444256
.37323574293743855
.11229538457285437
0
1.1006918360936184
.3310203762743752
.10170619980257745
8195462996063169e-35
2.357616479402504
.5678213702822654
.15767903970764
1693423009385239e-34
2.4124281651324035
.5926638722481562
.16560142598147276
15562966487657011e-35
2.1372365125400843
.5372758999142097
.15238013381438206
3102838066743526e-34
2.5198904568834983
.5915371163848556
.1613014627894925
29969851762799e-32
2.1628478552511363
.5417072065672416
.15309514933043622
3126886874733317e-34
2.2165101832291363
.5655298632604089
.15961658082268623
3297909749076056e-34
2.269500117290191
.5945263938690135
.1684307956811519
3324878577960453e-34
2.5205221926473262
.6282417698764339
.1723568178490778
2634534446225683e-34
1.7630586149152463
.4626087417570407
.13328329037769823
270243953379301e-33
1.700236403044684
.46374702290832653
.1357551036558301
2321360588163254e-34
1.2741437170738072
.37700454262072997
.11456273241076911
21081081182720424e-35
1.152680357570483
.3414198784848049
.10393183664686628
2219577065651362e-34
1.3270471997043463
.37199268944686675
.1106319244755138
2525365850932742e-34
1.668241426305275
.4412610569790205
.12756684836434506
2242558414329722e-34
1.3682473190278523
.3778518778138697
.11194193943979189
2468265857321104e-34
1.6439742332720355
.4317288860822581
.12469930900706175
23162251034255255e-35
1.4413772459357643
.39504932727471576
.11611140712246276
2323324766000494e-34
1.4648762132442483
.39766946795440006
.1165816030027776
2372795600816928e-34
1.5019177559900663
.40687425147917655
.11913501506917284
20696655286155736e-35
1.1982328762411365
.3417818857979992
.10265312715413744
2374716212605569e-34
1.4739262768541794
.4052037836147997
.11907576034763198
24035048160893123e-35
1.2972904981305529
.3800324308247596
.1147120098018258
2650091158367048e-34
1.43312455304096
.42001040584808796
.12610930310227128
29498009889299144e-35
1.6389543105207731
.4767017017225031
.14137547708437878
2908448879536261e-34
1.5386917100521715
.4605484384095953
.13860546020691317
28765146491873015e-35
1.587331410453207
.4628524121045447
.137654623285461
2871555245890872e-34
1.7525126737426115
.4812497737829181
.1391911381298933
2872273552804282e-34
1.596746966267287
.4517672967273553
.13268685160687424
3175841730968188e-34
1.94320675127811
.5255959317173295
.1496144059038739
3671793650123984e-34
2.1941095587404758
.6110412143129503
.17319346564538596
36761607939015907e-35
2.4243789551429176
.6657411073915571
.18578467213218142
3656600818580978e-34
2.2679087757144964
.6471426155160799
.18354370814030163
35990997625362375e-35
2.0818115371740706
.6127682195481106
.17821156691509651
41019348953770387e-35
2.4429129679544874
.720287174849371
.20657703963077215
3972196807234351e-34
2.1494270722006297
.6520666981008628
.192026735692064
3512315994860253e-34
1.6828928772977632
.5399015558164664
.16550293075712896
30940231326860204e-35
1.7785373630918488
.5685628747411412
.1738146549866595
21023850606383023e-35
1.9872305029919628
.6441683048789169
.19750592434455833
21110455034003098e-35
1.990458232602893
.646402031985185
.19809019910247644
2114442139737566e-34
2.163921532083473
.6800009879005122
.2040604918912754
17208117943810275e-35
1.918818756205891
.6169369804007986
.18815308466169134
15263553273774157e-35
1.711339755562445
.5487625644231016
.16855753899123535
13804734959919574e-35
1.5717085788745324
.49681043502347044
.15263343614283065
127697447719563e-33
1.5489356720954355
.46878051685702277
.14194298182540022
14642477909225327e-35
1.7561841610055684
.5408913055325819
.16419517728522884
5532580727734226e-35
1.5058686592690276
.4598463055849026
.14016545984055934
7698565558729627e-35
1.569889870808339
.4780735805511377
.14506937516808951
7070632104794148e-35
1.9892990323494133
.5805563703793429
.17082168486056878
6726064693901537e-35
2.2150800554760965
.6334484635468729
.1831973584964702
10130881258528433e-35
2.055152118310705
.6073403137985379
.17907845070548994
1021454116315641e-34
2.0084752142356543
.6035950092497266
.17953449304976427
9025429167803556e-35
2.0493138689333383
.6079699302624207
.179713862082131
934838150656881e-34
2.172284279481849
.6462559366342038
.1909517747358542
9521805926198314e-35
2.144738155665521
.6470290472556219
.1926187372281586
15816474666597087e-35
2.349267689264638
.7008200491975746
.20684088581513568
14276503813310356e-35
2.1757399901325356
.63221165967931
.18641456148850338
14105306407637511e-35
2.1403958777545022
.6239002105249737
.1841234714680159
13924973337690196e-35
2.122863355426005
.6173458680572373
.18191056113869894
18530545095453552e-35
2.327012557966994
.6700869336191188
.19501795191793037
13779197979067952e-35
2.305757023222982
.657609219859654
.19126283941990196
1523087752942988e-34
2.617813339715732
.7621051229725239
.22057677957369132
8667784211414479e-35
2.4809480061087794
.7411533070666889
.2180142057924705
7133284153136564e-35
2.5006064392374814
.7367340213078066
.21503365373733102
8879622099973409e-35
2.1899368155775063
.646910992417011
.1905385747495768
7211095630693989e-35
2.2586645823386267
.6526924120003056
.19003009744627233
3641482720010103e-35
2.160293792801743
.6336423006662326
.18560263089244958
3670284344104892e-35
2.0867487602275894
.636251505868509
.19010797025697962
36208546880464835e-36
2.152596234774863
.6506397602882765
.1936141431113646
10908022851566534e-35
2.1269631380297325
.6429510399414585
.19108221263600264
1608548857287158e-34
2.236513882811661
.6690771439538789
.19670452018459877
18405122269381488e-35
2.7756246539601634
.7945638860363997
.22569454316298065
23850099263327175e-35
2.327214444220688
.6904045540883753
.20173928167314367
31570396485399854e-35
2.186012841772072
.655674345590272
.19425937664417287
9013913094665058e-35
2.0581117918900893
.6264199282691839
.18765752697693627
12842373575149017e-35
2.172590453823558
.6662561911475925
.19889953873734287
11197131700694236e-35
1.878726659204261
.5718696954203816
.1722393922891651
115569169249003e-33
1.8209738468688075
.5660119151618065
.17254643437681816
11690780795230655e-35
1.9377643579455306
.5876525414019451
.17687577160384527
20506544848378644e-35
1.9786567384022056
.602503498399539
.18187631374218086
1328066538559721e-34
1.6686593744701812
.520404793954861
.1596533980958771
31361150888818098e-35
1.4656549843618825
.47743129851215566
.1498910230904539
32735699523782615e-35
1.6507671107473936
.5215104645543753
.16084186832399036
3309540575715939e-34
1.6661992086615824
.5283862668858331
.16277766940790717
31044353360378e-32
1.4103896948419916
.4745143833706314
.15047538457362478
3162556902774444e-34
1.5091765603838536
.4942843848899336
.15447505072856732
3344994214626696e-34
1.8146232830555387
.5509414655351638
.16620847560667312
33346457612969313e-35
1.932180322713797
.5650188046626372
.16760170768741223
3285362665528547e-34
1.8399024351064526
.5485368760330639
.16433471048148884
38670489017088346e-35
2.3024144393000125
.6679350572284278
.1957263257971443
437830676354709e-33
2.744430018879794
.7826898223408992
.22434455359057312
4528930265921428e-34
2.894508383056377
.8171992640990121
.2327621438331996
4364010793966287e-34
2.7433677504053784
.7776244950744255
.2232657770969666
4812227811293216e-34
3.0331320570600098
.8666450475575669
.2473029055598044
4850190273550612e-34
3.01146315659591
.8714471745503626
.24921312611162857
4812547554460125e-34
2.897339301961865
.8520701181294058
.24610772714171605
5178331782563707e-34
3.5116542492894967
.9755173906574476
.2702694967584016
5020062815014606e-34
3.1056702527574287
.9043484826221898
.258303327450434
4843947779564723e-34
2.8526290128218306
.853062828006799
.24744944825064374
4845511660126182e-34
3.160933947464927
.8894312615922473
.2506132331745666
4776972751763646e-34
3.195901659137601
.8834806217339549
.24752654139789707
5066663750662281e-34
3.3992649355975213
.9417129306600595
.26305853382340827
4491577289102694e-34
2.84939201306533
.804360813033601
.23017934660871026
4478403579647982e-34
3.00935012604259
.8219884259500045
.23125102792952384
472905320002487e-33
3.2527814704444804
.8862630189771442
.24606396014361048
4622355530430627e-34
3.100722765510637
.8558255687872134
.23959312814731526
42146069806142913e-35
2.837950776534579
.7740204501698796
.21766046580144244
4566787682598441e-34
2.996903728732403
.839600741912238
.23628045422190397
4235766208274469e-34
2.8417461925121215
.781388064873995
.21920958640810562
40478302304485026e-35
2.544395943111795
.7215115731706314
.20711869950458472
38265053820024285e-35
2.3801037607976356
.6780344679608495
.19539915021986964
39961959692470773e-35
2.494272562016879
.711453655685749
.2044457692591158
3663806904541921e-34
2.1869435482894564
.6351365125977727
.18570911294914627
3666284544629959e-34
2.1325538069435064
.6279991886918966
.18510637203166005
3709554662423927e-34
2.133551208444632
.6315309766449265
.18689485642300255
3635925842950188e-34
2.0155555421093982
.6075068763533003
.18201604044069736
3023513351109388e-34
1.5702585621866545
.48798216429148616
.14953000554585413
27505609240225256e-35
1.4149209516178969
.4394628061178684
.13548615462354288
3111241250068348e-34
1.6096193572270439
.5000777538679648
.15361667950716812
34449844904048193e-35
1.9258603661481408
.57501432327214
.17231068963329996
3327504617473891e-34
2.0034795500566696
.5722816939539935
.16802186616640613
36051509600643977e-35
2.0517382254237764
.6104927143789377
.18130593608545711
39066644006475117e-35
2.3608957536887067
.6838491731577584
.1987337122883154
3582802618996329e-34
2.1408689695293135
.6224997235016686
.18177223919136387
39955879232596935e-35
2.2824038653106773
.6870377652858841
.20227474015091626
3781652466719442e-34
2.2107838313656525
.6550366918309608
.19182410735541416
42044443463096794e-35
2.4686902038712883
.7408309356984121
.2148733385258904
37322235984483914e-35
2.0772939303373406
.6336551422298599
.18813917828364676
36559720635458995e-35
2.051055180456613
.6175453518645384
.18379179593249081
4046279348134096e-34
2.174672001413996
.6801213519571467
.20345868915498472
38621395934748317e-35
2.147028923016348
.6597600314210859
.1952528140334375
42587197207414887e-35
2.335165652218114
.7287088482118919
.21566311407091646
3991730803492146e-34
2.199379991084364
.6802708352784759
.20169406812930407
3958209176803941e-34
2.1010157997767442
.6657524956118941
.19925462606895658
42391345158859475e-35
2.269187557633206
.721886337421076
.21454623624970634
4791863325453089e-34
2.470377578483474
.8058810716038298
.2417328965487325
4472692315393417e-34
2.3735088353726623
.758081587003828
.22599392466593213
4739442901465309e-34
2.4896162838734885
.8009259837520367
.2393093898799185
4380373907920506e-34
2.3427935968324256
.7456900791955705
.22167295826374345
39659152776553274e-35
2.114599283890539
.6675020750791775
.1996467502112455
41750494600661314e-35
2.160101474787409
.6950507825809932
.20950718542295702
3969446573004843e-34
2.0731868767837605
.662062590473016
.19923960118320927
4446677822100498e-34
2.3792085356416655
.7561697291876958
.22490457019643237
3635074864721527e-34
2.0357085916967073
.6208186096324214
.18367039409099004
413414100717331e-33
2.589484929198602
.7554956953671054
.21393540035473466
38400955572987504e-35
2.3876060417949567
.6920372395947223
.19756061777399447
38318641988269434e-35
2.440137346552169
.7002538645554877
.19808186035620462
34196025706461874e-35
2.1952251257937427
.6228416726531012
.17642565566725676
3008436708047807e-34
1.996664982800084
.5485281046447622
.1550064053816803
24612301694253637e-35
1.4729083313602862
.4215934700365788
.12410063507091415
2874772667461585e-34
1.9163820497861594
.520898373549344
.1477011251851889
3446260514506312e-34
2.331476265860418
.6443539529891538
.17930371857672295
31975971668593403e-35
2.0778746786329436
.5788954834301495
.16443090420563253
3179842509949209e-34
2.1131197058518207
.5805444243978881
.16391873202369833
37490507679986556e-35
2.5143610663032865
.7013247926362656
.19520046349867184
4205623086573055e-34
2.9373549912512265
.8209998311600443
.22257796158474077
4783803488420451e-34
3.331979427157044
.9513561954294053
.2554224718477048
4733464161614705e-34
3.44757285103036
.9599057818452965
.2540986216115522
4609426578583295e-34
3.0696198445559424
.8876243773843201
.2433008106635651
4906060936002845e-34
3.108366647477532
.924090914253169
.25729302624409045
5326080800543842e-34
3.627891310820196
1.0613085986939754
.28523234490813293
5230314174863932e-34
3.5672401617707576
1.0340601941376175
.2789964462862282
5279587055513589e-34
3.5916824627996657
1.0415566391359485
.2813959252141447
5556477314719473e-34
3.641674117690458
1.0744581208511472
.2942747819618862
5834130965953455e-34
3.9429035883233627
1.1622659385330236
.3126449657936348
5822349553558996e-34
3.739324889667161
1.1286807799606664
.30933888660518954
5634808826987746e-34
3.5054630869663224
1.0638232896873399
.2963288613571942
5836637726656329e-34
3.4104455764334736
1.0658484581094205
.30361435285111327
56742132496794435e-35
3.359052452034583
1.0448606371179883
.2960548563923159
5115849182159459e-34
2.833185391213789
.895286753815414
.2617185122580572
4758911975863034e-34
2.6238571670515576
.8275246273990031
.24277831806178976
4732037310312684e-34
2.497768423926258
.80079079398059
.2390110883701171
4898721605359894e-34
2.6469603915767896
.840611490497757
.248679702668496
4861720313933175e-34
2.6346562180982995
.833350940828886
.24661535255709774
491076217643702e-33
2.6737550390771885
.8452358503630538
.2495158761964384
4905361551032776e-34
2.725432912951908
.8575676839727523
.25075656896268456
4834163953957602e-34
2.538218188940225
.8200032375859984
.2445555476911172
4915747226940365e-34
2.9045070774340935
.8880189870971228
.25409036719677613
4914169567878772e-34
3.0224267250897747
.9078199275208779
.2559429492903817
4623408630304404e-34
3.031376429391149
.8836101728426409
.24347419754210553
466583221267231e-33
3.0360782384324625
.891767975202967
.24642899363448928
5281252130396612e-34
3.430938252004714
1.0205328650776595
.2804638500484113
4568400923327093e-34
2.9403369664821914
.8579177900639107
.23949083954838446
511074130880427e-33
3.2906836410483415
.9716481228287036
.26947891267798496
5451589665217845e-34
3.5277974415210767
1.0527313872208823
.2892627284343097
558059989047953e-33
3.797660260429519
1.1052554341437029
.2984109089646106
5449932187883444e-34
3.633732921614929
1.0616744939960137
.28963007399924773
5430322135815268e-34
3.4192968091707074
1.0317039542382302
.2865449057955742
4852190561075658e-34
2.995659667828277
.8991728321591591
.25336415488214936
5128586673468349e-34
3.133264827819132
.9449710928708429
.26728561035591786
5715621191310606e-34
3.3831085097596887
1.0482333411365776
.29800968826590013
6158419466393849e-34
3.7669074058786767
1.1606502367097526
.3245500906730856
5955243062421478e-34
3.8072647299900866
1.1395602350732126
.31491746560526834
5826216603351661e-34
3.542581704280612
1.082897236485179
.30506814386457726
6002147705476725e-34
3.7887976952168745
1.1377316496371797
.31628632236141385
5551063152007881e-34
3.5960043183986077
1.0650916866079316
.29358482164751326
4834901697302952e-34
3.0254356605534363
.8875803673129016
.25108877484355824
4860383513724794e-34
3.3398656539781713
.9348354627294261
.2561700798083975
4239720023531536e-34
2.6837546989626175
.7700025390730058
.21894868537294232
42907680788677214e-35
2.6616252565405873
.771700648006
.22088832152956783
4431902985423441e-34
2.839586642485815
.8100596426017164
.22935681655535786
4657607291483096e-34
3.0826513389637977
.8752156977329372
.2435393001552404
4140550266201296e-34
2.6522588209445823
.7557818675812026
.21415406569009587
3927809240340794e-34
2.5337543212662723
.7192062125805129
.2033489016274442
39259433640120937e-35
2.4457269313859302
.7096185664232457
.20250772516905347
377722690160466e-33
2.4065312555048504
.6819085891025367
.1944801146119243
42482546089282273e-35
2.7679165226578455
.7914223236759905
.2215011310006479
3910539595016991e-34
2.342857281035091
.686450065585014
.19954961906808766
4202562287531234e-34
2.4134998572307924
.7282923679661086
.2137372103864984
36856528141470915e-35
2.1250862082609334
.6325950974516786
.1865959971302967
35398567211061354e-35
2.0036513234583535
.6000586873756885
.17867442173623882
3466903581611785e-34
1.9203980661104278
.5662614440618946
.1687371508133938
397939225657973e-33
2.440986138366139
.6839308930736886
.19701292749842989
37620757146053595e-35
2.2500825984773654
.6397563269007879
.1856364989493285
3976264916098499e-34
2.6959501577927036
.7225107677319641
.2005512851213976
3646218998358062e-34
2.3210969452620884
.6407237547284055
.18189846435695545
34348329722199e-32
1.9366652574848295
.56863588243467
.16801460586279554
3354786497488883e-34
1.844624447108755
.5517573653405301
.1638336337172115
332201160187214e-33
1.6983339593045075
.5058581980791602
.15100476561406412
31679263807872694e-35
1.7015311547553458
.5012068966150993
.14872680392077203
3042243123930412e-34
1.586505386760796
.47554656836611753
.14227730073060255
34982147263731094e-35
2.0693134803922177
.5965773978002044
.1722150874512761
6296246640030115e-34
2.153335704648129
.6461433129190259
.18910644997839518
694960006434444e-33
2.4152407554334197
.7292048577772839
.21152350157040817
1575006838022708e-33
2.225996487269973
.6683281150167164
.1947241165259079
1703792657293252e-33
2.2682095952821197
.6822101385092639
.1987650624580087
16047798251925756e-34
2.1974574062154693
.6539391397048963
.191451517481765
1498986358448884e-33
1.9984424585426512
.6010955032824762
.17781571308075364
14087041046250003e-34
1.8787362202272933
.561896720924378
.16673309173270917
12910532064832375e-34
1.6580092789551304
.5056990154398056
.15187412015482551
13167807239967697e-34
1.7017281557353634
.5204419021147192
.15550593833110876
1242279754351228e-33
1.642172570553252
.49191791703243476
.1465042542801401
10689119269209512e-34
1.5112066060329783
.4336062591823713
.12697375154113077
1044752692552838e-33
1.3862057206653666
.4141981552381146
.12324702939534012
10297471414848338e-34
1.3766602572221345
.4082736479274588
.12158047514856894
9672395740599269e-34
1.275099252107268
.3787477895909212
.11337627864625326
10055763276345004e-34
1.3414988100121739
.3984298646486367
.11842702122502301
10305250057285168e-34
1.5142675288650849
.427159862673481
.12423827798153647
10320586836143783e-34
1.3246634065294378
.4067325431967038
.12257905971433089
10951782428974537e-34
1.4076900938417871
.433035583228607
.130156561026445
6587473251711722e-34
1.41604542884573
.43803858299643444
.1319500391438
6178544668197191e-34
1.31315057698207
.4070341700879161
.12331598042968105
6033858966369977e-34
1.3742503121564098
.40893997015574185
.12152305726613065
6364444467979767e-34
1.4564256714132209
.4337790641497181
.12846809020918942
6022929958565744e-34
1.5235106637815778
.4240615377524075
.12270031721049762
5943195231100045e-34
1.2808904690030016
.39271960017161717
.11868975427314148
5853545339551795e-34
1.3687219248277915
.40227317901831483
.11892760170151064
4638746690315224e-34
1.170368675318447
.35006674433343865
.10536103059586759
5124286534797874e-34
1.3114954793596931
.39125898149061505
.11705404272286216
55683478557991375e-35
1.3444097835126403
.41628030349217676
.12642722959159267
5849884528860979e-34
1.3727746075560707
.43299907285269484
.1324232973935993
6523361733116236e-34
1.5810088081479237
.49354203971389043
.14877585905128898
6946654987960952e-34
1.7083801623207842
.5283577787564541
.15868065015140753
7433392092791759e-34
1.8287434291439428
.5625629136585353
.1670756419784649
7700105816863449e-34
2.062963509146463
.6121094666160399
.17743949460286615
7571264097881997e-34
2.009689345755244
.5979176891512809
.17407467062259027
7296881537755248e-34
2.067145096245865
.6012293228349412
.17339303520378258
6872879551453e-31
1.8151603384333512
.546044754557567
.16188157068102718
6776580924034672e-34
1.8410402274211715
.5492682135899646
.1614065658588061
579774289106596e-33
1.5088621173634915
.4567643061454945
.13654158493803342
6118216853431057e-34
1.6471867297497242
.48950428863783374
.14485920301631547
584066398991562e-33
1.622287886738395
.4716020337772953
.13847844547431548
6540464691531675e-34
1.7478859107450573
.5002224746996323
.14509883387101588
5845257896790076e-34
1.6215575633739123
.4471517063400298
.1294937189994619
2600443766080722e-34
1.3855092567313951
.40126441083091446
.11975551624897936
26973656780422115e-35
1.3473989423656165
.4111699668138273
.12547222688429976
7192234342385469e-34
1.3499345292949658
.42191426639715446
.1300996793995539
5964914840778726e-34
1.0785518417486182
.343111944498008
.10713196590370469
6939694958065571e-34
1.2560382130589525
.4015408202014632
.12496046532555448
6427357317261223e-34
1.109435265290038
.3635465392014392
.11475584125363228
5874325646473689e-34
.9632476836204473
.32476294355307506
.1039812479267171
6546418476641132e-34
1.0972017571760095
.36774566435423245
.11726129838155365
64427584233045415e-35
1.1399115868710332
.37205753176159617
.11716753286814897
6297475351791346e-34
1.1317466304731778
.3658401882585504
.11473964728644055
667543788996839e-33
1.2038773692093891
.38510494608416723
.11998520042962026
7743302362136778e-34
1.4086382057712639
.4520005580973152
.13986066727236726
81521202241383915e-35
1.525952103594589
.48461062851160347
.14824883840581915
94960716600153e-32
1.792052928986133
.5729719442635307
.17380661532244823
9695915688478832e-34
1.7517814362851192
.5721244799065689
.17608123976974896
11919816432926473e-34
2.337288065374369
.7446336345621816
.22119409983887328
1047251102897145e-33
2.490312960610523
.7744700176916028
.22695831820900042
10786529494582426e-34
2.5752518191355014
.7897542090733713
.23017532816894684
1148791548916405e-33
2.566072374766944
.8143707087409479
.24104638830031266
11638357087059042e-34
3.052404900974704
.8952976122686054
.25088992344517264
10778374345086688e-34
3.1066159934258417
.8662500218844482
.23545255968046433
9763248800290572e-34
2.701798308120574
.7549854841988862
.21020263409777945
9322685272329928e-34
2.6715813707510168
.7294330756269327
.20133054920439586
10095050291498772e-34
2.844287506620637
.7898774209763869
.21800033002724398
10602710642957517e-34
2.6981974270894056
.7859201395690699
.22398434154848496
11916526720879583e-34
3.131202375799466
.907281989582545
.25428913872302733
12608054483075011e-34
3.1758267270469074
.942184110788564
.267528733172752
13392274348408217e-34
3.4631776417855673
1.0160832032622122
.28564443836170544
12494589061398758e-34
3.2057716997606227
.9303092160799068
.26434853476151765
11724964816284517e-34
2.964939303534073
.8611546034901946
.24552802500495394
10932341888825734e-34
2.676526783889283
.7828567916635545
.22678406620412028
11932161545572048e-34
3.1954104707315967
.8988524417322061
.2518195325824945
10734452871145034e-34
2.8555996154862355
.8019594003510844
.22580904217840986
10675540191672927e-34
2.640545948453092
.7662401283855076
.22155483340556087
9341787301578417e-34
2.1878801729673474
.6469495286333137
.19139779694921044
10444300747130196e-34
2.6962802481000545
.7566977933745943
.2165188451408774
10858250542060143e-34
3.023158934270459
.8184687210265442
.22899257929660988
11725988171080258e-34
3.3250993543964755
.901437936501853
.249277650742712
14283097838203074e-34
3.853163704367518
1.0269765738250014
.2745449758154217
1761025735805177e-33
4.296103498414146
1.1679852967117863
.3098149971604361
16694684457391966e-34
3.9908660416786734
1.0963995560791469
.2936017564698072
17694405552938395e-34
4.580880373650866
1.234268566896158
.31709956006527046
16332055933402209e-34
4.804321764568375
1.2084376545011286
.2973424440904976
16905295273170577e-34
5.221294028065009
1.2949949311653333
.31118956311579304
15971877232965375e-34
4.883073078225268
1.2128271845864986
.293146488909714
14898956133446208e-34
4.28041435221409
1.0706573942654511
.2683629285250005
16659273692264619e-34
4.688344478288891
1.1963797671159577
.300607914127616
13573985190048452e-34
4.59940635225515
1.1043731418333962
.27656104161152145
13886999295255608e-34
5.020708948369243
1.1616702138015453
.28539622785948704
11633962375760262e-34
4.734850220525437
1.028710931442958
.25145090455356733
1194760432509281e-33
4.70876023960132
1.0376660658803907
.25506716014085057
10199906305346883e-34
3.987628473526768
.8883121984322848
.2245177208851372
975688600623923e-33
3.934575808439326
.8608409111651946
.2155596341785012
87697977854227e-32
2.943070767048849
.7032559178579847
.18951697564785844
834212547528591e-33
2.6702397970653764
.6526244019340905
.1789343739958727
901666490297802e-33
3.3488163484704856
.7645600048974621
.19832757298532405
9479640488380793e-34
3.483929484220064
.8156950641658145
.21016330436056233
9328191762736851e-34
3.9056170143538806
.8615924893555925
.21144245137388692
10062525560603e-31
3.7536468749044714
.8823969777289339
.22519210211832905
1013140976571981e-33
4.012558016468112
.9194003326205993
.2291016204446752
928637579957654e-33
4.023036972808389
.8863685825302695
.2150816460172169
9382389644493094e-34
3.9956376481811904
.8984977595132121
.2177752490178347
8729163693223085e-34
3.883850771349899
.8490972787515833
.20470249282271974
8437506585695456e-34
3.591742678972082
.7999412174460251
.1963947123458465
8363989387395097e-34
3.2847720670027916
.7623709344006926
.1925142111187546
8053928446379862e-34
3.096165014528527
.725652607448486
.1847484144626448
7833491401518331e-34
2.7024616483621284
.6627842712578977
.17619568393885476
6861501406686106e-34
2.3530623529211376
.563793652133609
.1526836448540941
7298769988974097e-34
2.5949193460621767
.6132112458282389
.1635374047439406
6439450882290039e-34
2.089306016795988
.511799268113631
.14171666321178703
6700528596622987e-34
2.3426127615431214
.5582991226338455
.14975804421114566
7660405970513424e-34
2.9322231129839404
.6766058270800652
.17340505351307442
8024013849211118e-34
3.1448989446306785
.722815992718363
.18303072923999994
7973572926121812e-34
3.2989466579239712
.7398514746270108
.18448002624497678
7190187405640914e-34
2.676502068678615
.6241011092370334
.16297811730584422
6602408244404698e-34
2.289005799874698
.5456073279089797
.14690011896414312
590528749115255e-33
1.8978319001194173
.4629146321197065
.12914034488845022
627150820426489e-33
2.130958255087001
.5036554115207105
.1377663168196215
6276825804281549e-34
2.1687459371961006
.5075613479397839
.13808272810153738
6594617466462058e-34
2.5426007797665946
.5781967694652214
.15280157662481442
6105279271106087e-34
2.052863959449408
.5050381599536738
.1391072687788
5317692259614875e-34
1.5730626369575114
.412314929649233
.1185075017225259
5136875380113877e-34
1.4768941112164142
.393048846061517
.11399585673629742
5477359325072504e-34
1.6829505882652906
.4289174708246808
.12196297755046386
5361608963416265e-34
1.4957675226682896
.4050345892362397
.11804884017990419
5457087099437127e-34
1.6125107985648275
.4232768131784439
.12116232714283091
5375944281920276e-34
1.6328821315722657
.4204778507578088
.11988304132237004
5410336608416376e-34
1.7168541094242706
.44019098409896834
.12478325742231787
5230192947407614e-34
1.5854137123464433
.4159417734030569
.11973719589978739
5222446824030623e-34
1.558896436916206
.41217590168894014
.11925822665061332
5847132143994459e-34
1.7545751514187429
.4800314426637793
.1394548183461329
55344233309642e-32
1.6158088235174797
.45004335431384884
.13194470706196237
4853621536499614e-34
1.3557083335683269
.38418041018862836
.11473010941667577
4476831053871657e-34
1.2007731117081697
.34795404800052376
.10511365494417964
4435901190924396e-34
1.1573120878435144
.34063086533966214
.10373422510590438
41482079737279745e-35
1.0205856287788773
.31150633840773806
.09631559320215233
4237927852338429e-34
1.0229103113280749
.3165968633605101
.09830567965492172
39863052641316856e-35
.9161215757944501
.28645241885034833
.08955545126930976
358446223424806e-33
.7962648458008195
.25054492891736646
.07866304002819281
36693801509536604e-35
.8378539458749511
.25931594985648615
.08083549581618421
344087432345113e-33
.735458587381087
.23723724036615432
.07516589854287015
34267732032715727e-35
.7552573204461739
.2385668647153833
.07507112710742964
3512082012925139e-34
.7838323920955288
.2454700189897746
.07703137685119693
3720890333824944e-34
.8486100830164061
.2623588095161737
.08184025785649227
36799237108847567e-35
.9743613991342401
.2948946727177849
.0911740496807642
34071714153039506e-35
.9027325166392246
.272568729090117
.08439928311844438
31677374439339267e-35
.7560958822641486
.24409849345026793
.07752909056072933
33436892859790106e-35
.8122547298142194
.2542521447613867
.07977152386491941
32293821221283107e-35
.7298039388942236
.2398233221648788
.07659996474055318
32395196987238948e-35
.7513663512068568
.2426496513251905
.07694814850531358
32435142883390666e-35
.7496561079847109
.2436421581601404
.0774926947089107
38974316062344024e-35
.9630420856849227
.3002370612193546
.09362519429955958
39476963672279074e-35
.9981470433328392
.2955164701558029
.09072792450186785
4095477205883602e-34
1.0366055152953964
.30659826893803277
.09380693196219024
4352126148791361e-34
1.2219141536806377
.3380691269928441
.10082060431667819
3970771260476317e-34
1.0629360704283157
.30184794505038176
.09127415472807193
41425970666953168e-35
1.0901293101306135
.31432142585155853
.09553622685499973
39017722198984206e-35
.9615778960980116
.28787618366962786
.0887474698026008
4054267522709557e-34
1.0395145295752348
.3053495526383729
.09323532436120363
4343693872175553e-34
1.2457584527125913
.34106065043039896
.10121560550410186
41283740745724325e-35
1.3510114121823624
.3655363388582829
.1078273756141209
4680063976413189e-34
1.316633415970233
.3707608108933652
.1109537078900506
4582177877796576e-34
1.2264780927200731
.35547661171793954
.10768914183458382
3957136759580219e-34
.9802452196605528
.2969715520407636
.09176288344615835
3988988129592165e-34
1.0459250167887422
.308990765086135
.09443412005297447
35803576517044816e-35
.8425094557947541
.26527249805255104
.08325576224511727
375401014511126e-33
.9269834975570413
.2831277235783849
.08780007891807785
36530740849758258e-35
.8983792977821289
.2747219177322317
.08534793851421381
35228165507713336e-35
.8511464120843395
.26338873773133487
.0821548013197525
3763533736344576e-34
.961986516727969
.2868682688661549
.0883070997215506
37879391454743207e-35
.9495789285667056
.2923239548841677
.09097985300659422
4907072888559831e-34
.990932611750221
.2995564849692851
.0923515227406335
5480539813909562e-34
1.1972109843964476
.3472293692944182
.10496476090341737
574590897101509e-33
1.2947983718624447
.36934483211918007
.11058708734626606
5660693040603851e-34
1.3465466936943544
.37752624188729655
.11226929493030915
6391106290592051e-34
1.4850088437391935
.4219489559129691
.1257158721228228
8986457490776875e-34
1.7064091176869054
.4641724432239374
.13553406429328943
9374602941264847e-34
1.4608873368975661
.41328317921513846
.12289539160926605
10018961158707891e-34
1.5825086764968432
.44433475529699124
.13157434952846328
11284938798663761e-34
2.010924535123739
.5320100759525003
.15176657356331222
10431699719576276e-34
1.793629677325119
.48086598997409674
.13933055258293986
10638163418543955e-34
2.087549532334631
.5334980656438073
.15045322253975907
8846126060859473e-34
1.518243562562824
.4140668229356382
.12200617007804533
9662316534196211e-34
1.7176181862500972
.4629777373672274
.13473016138514235
1040960725854773e-33
1.9759713822730245
.5151885009096432
.1471178725189035
10701031902844512e-34
2.0187513945350988
.5345250035581455
.15287366363639684
11402741592450248e-34
2.5034700809113177
.6325814693749557
.17466617972688317
11755737375935524e-34
2.628817917815581
.6669928768044883
.18180423881319316
1192969401064091e-33
2.4921319573345735
.6604697045194015
.18310836735168165
11270538632861306e-34
2.2694658709037814
.6123043214701648
.17198768651606583
10636358209086627e-34
2.1116619378243504
.5711547361647625
.16166325366143938
1002281518803142e-33
2.0333592665298044
.5368668959036933
.1520563707997054
10015264999767602e-34
2.031539925910703
.5389390429156112
.15149222213071803
923260569304028e-33
1.6164095333733954
.4619150061159102
.13638170002545918
921485152599351e-33
1.5767658527937118
.45682294080896396
.1357903916611838
8723556911971475e-34
1.516790527405838
.4437607977550443
.1327922877153025
82070846267947445e-35
1.479218918603115
.4246967854200016
.12628429292942495
7084828206080366e-34
1.307274905090515
.367923388572019
.10941280470060066
7554894859328123e-34
1.5746029782855109
.4110451588402284
.11780851023932085
6435477235122883e-34
1.1122811834880912
.323156413985949
.09778633384712035
6923175903035849e-34
1.23889658137987
.3554340071050303
.10661482799940113
7149645281251586e-34
1.2477378286427723
.3641387832868472
.10971740432356127
7927008710647704e-34
1.2919053154149467
.369151690765131
.11049698131082619
7180777046709087e-34
1.1591465104228842
.34171421451926787
.1038790313444449
8180780280368569e-34
1.5501562721826925
.4102144943024254
.11862340821232861
8127586315792757e-34
1.4522555216127897
.398498691850624
.11706502421275267
69853314992604515e-35
1.3753247355495388
.37297318367230387
.10928088244982534
7220625615781817e-34
1.6381661922836601
.4327426418294462
.12412802473044608
7204595471646206e-34
1.7114195804955803
.4379355250835494
.12446699570655533
6553333760334689e-34
1.4540761915529585
.3853799702684096
.11200053827296622
66089431958043335e-35
1.4308843441791566
.3863813614827568
.1127744262612998
7067062729513743e-34
1.708388214725836
.4315381995657867
.12221349832602908
7583190723623046e-34
1.9512890980279223
.47900485978547175
.13276970282326897
6818328516928639e-34
1.5738760758306982
.4086160785751048
.11738458675502092
7134926284145212e-34
1.6662314618233753
.4274679974081951
.12174118379202117
6982139654643874e-34
1.5437017185595237
.41023425476308406
.11847172696833108
7377883853830583e-34
1.6926569429415976
.4424324236351883
.1260395500046949
6449589090482838e-34
1.6179475184593028
.4291637211124766
.12344416228417146
6083887070169383e-34
1.4062536756633366
.39052535750923867
.11510264818143842
6077430319633822e-34
1.3660592210922229
.38569581974940575
.11456209799496059
6454627361719619e-34
1.4279677368366812
.41043555091918454
.12214123860586237
6277814207529326e-34
1.3112872140260368
.38991636692569154
.11789512211364261
6882795139767475e-34
1.4220462780435348
.426148784747219
.1291413605104798
6964525183545456e-34
1.393661313023133
.42573201927823684
.13013379111003312
8558169126257876e-34
1.832111312803269
.541854058319621
.16187610451513834
8647203253519975e-34
1.818983537423713
.5442048337484308
.16326540970940337
915239612260013e-33
1.9707376576684605
.5858181406174036
.17419326845122476
9118417429095846e-34
2.066152330883285
.5963957286122265
.17475154197373655
9062552181665114e-34
1.8792286064804007
.5731587666744602
.17189935989728714
10431528780982014e-34
2.0015525806273304
.6078154875448167
.18072336131579275
10795910159629646e-34
2.062626340763894
.6274712139814231
.1863734802817655
10231015255880021e-34
2.051745375618527
.6060802035915754
.17765929380708037
9121123955564112e-34
1.7598387727472309
.5278266115512564
.1570712634401184
8943724920771941e-34
1.6553254816178333
.5043828127972152
.15189559713259312
8110418560275176e-34
1.686382852657831
.5091065760188971
.15271418178681537
788461683821473e-33
1.717097555441905
.5059269730372818
.14948874766927328
7678862718174598e-34
1.6985779454354004
.5020579364143467
.1487109040132678
10998972792330364e-34
1.7361058130598623
.5144695599405783
.15248227408179374
1099617757508492e-33
1.8149603476838785
.5258803490736794
.15377929986213595
12026386755405345e-34
2.039064574965184
.5773996061024183
.16661798364455271
10704396911422772e-34
1.7504581078515358
.5036283411793078
.14727672012056156
10448645906719851e-34
1.6751000007623889
.4882219924971993
.1434431197998442
10513811986823852e-34
1.5307763268037977
.4725477065968188
.14257828119272767
12056648727997486e-34
1.7546207762585504
.5478047211832927
.16431812252785763
1211927686793264e-33
1.8086855180384969
.5758872811838771
.17427830327463403
12229241002197803e-34
1.8694937916960532
.5871939439568503
.17622621915036013
1259497074537927e-33
1.9750996752257939
.5981690212162293
.17754454710871628
11628044706410038e-34
1.7894201205403988
.5456757194019706
.16325795518500572
11672582346122509e-34
1.74833119191485
.5380049268768616
.1615341415512746
10648015538191304e-34
1.6449996305709285
.5067503628963622
.1527303539776131
12429044359100245e-34
1.6181989010496112
.5033467779371474
.15247569567076
12137122372327451e-34
1.4470746506858048
.47023799896967206
.14531914890467998
10794221990649519e-34
1.2634820242165452
.41252556672185825
.12856611862518555
11492238781276695e-34
1.322413936313071
.43649332906015714
.1366159822478878
11811371719980045e-34
1.360682137908021
.4499328669572528
.14059459980620784
11701148426055472e-34
1.3861521816539646
.44985969636004713
.13966241044370306
13389692435469286e-34
1.661910672771419
.5285275218974017
.16135300817339446
14553883694062931e-34
1.838403408091872
.5833403530322353
.1764511220788189
14948456283611137e-34
1.9163494857717909
.6022523405180327
.18150724789920905
1445981220549738e-33
1.9032304666684448
.588579925957934
.17613210622592482
13293283281125101e-34
1.741179158515902
.5397683940094306
.16178642507038316
13418931340703239e-34
1.6738521524277143
.5336775851057721
.16222381326753044
13617404957429974e-34
1.6754478746549368
.5386480533898528
.16434379358672027
12444296656429344e-34
1.477496253987724
.48187632968614086
.14901042408843154
12630917921807732e-34
1.5229858034737136
.49436647277177964
.15186809782049246
1346125417668997e-33
1.6443788308196159
.5317396644927267
.16242689848547365
12289853778483548e-34
1.436120644758721
.4726686784964233
.14682911375171423
13424067450595283e-34
1.5548608943258688
.5169569052579683
.16056669500822268
14042682809586906e-34
1.6308548716896736
.5426414564162567
.16821569084467664
13657064828952585e-34
1.5469087468450817
.5202429307180922
.16273297808685516
13499092141033126e-34
1.5338330667239264
.5149523436846019
.16092795972674168
14133456667115614e-34
1.6419143309681155
.5451078362673478
.16914363141905212
14552814883887849e-34
1.7088923818053543
.5638568905787745
.17442528732859677
1608568771123869e-33
1.9032979753658945
.6304893119947439
.19378164024468894
1844307382897244e-33
2.336782864816633
.7522944857584807
.2254438311370652
19026534390139525e-34
2.731477956305798
.8260610510798686
.2374749252251332
18773319687843763e-34
2.7623313416369566
.8208149601154353
.23467761036330542
19146284674388303e-34
2.941093313243894
.8570839222218808
.24124126481382965
1893373036259302e-33
2.912352511731778
.8446682107941971
.2381668438987405
2017636473707161e-33
3.1908743677545774
.9207940516984313
.25596183906029674
18164756591406717e-34
2.737928168079272
.7970787577448984
.22708493685527278
2055447898365288e-33
3.4101813472935296
.9538780066341581
.26187202032790746
2155192777531561e-33
3.508909798788907
.9925423546743684
.2739864345622013
21708565931704157e-34
3.6241897438407094
1.014629384207708
.27734180808743997
18947071473506395e-34
3.1549911642606676
.8660526123539444
.23973327559591484
20962125658528424e-34
3.4849158202832253
.9701520803768889
.26670597203233004
23200716686645164e-34
4.067840311086563
1.1172048793464235
.29936698328202666
26120700731921293e-34
4.408027685475068
1.259939179102289
.33833011427404375
25975900524842494e-34
4.68945688839224
1.302510051249757
.3406549261147102
24849948482668847e-34
4.557471629470062
1.2512545138868112
.32607601694636473
24248152369150878e-34
4.27967691154011
1.1900347238922124
.3154368035374661
2418581592034328e-33
4.2735878547998825
1.2016898966252736
.3164151709693467
22105991483545486e-34
3.883965467459835
1.0662473114591255
.2854075492049108
19767123111008908e-34
3.683212407871468
.9575442513359346
.25471127305871033
20169956047036494e-34
3.8409293748242215
.9881817025194546
.2608069507484521
19953910824888163e-34
3.9499363150484417
.9878696716606084
.25856332033270585
19961770432452522e-34
3.995446005773456
.9951844296610627
.25924535178249436
188485376154813e-32
3.5312694334235792
.9041510968298588
.24181345641167704
18926256329849378e-34
3.6664466526241792
.9195264305454811
.24365485370967455
19910191527410515e-34
4.1199095102037715
.9987302836570319
.25875967829317714
18315804773620796e-34
3.755693759647522
.8952948648713243
.23573426578007034
17254840578789901e-34
3.404028356170437
.8199389783918437
.2200154894612963
16624323283843385e-34
3.0636289585144176
.7652493858609036
.20992917208079376
16669051288313637e-34
3.088680893524638
.7593352526151151
.20959591233690655
16544966795837963e-34
3.363786313575215
.7949769155787293
.2115764183332686
19587386902599186e-34
4.474175194140921
1.023517248248154
.2573460834502079
19124131071766572e-34
4.277487361652906
.9894995096092544
.250563755520367
1916271242606826e-33
4.440020842007662
1.0050228769010332
.2519496527228048
16741588208186668e-34
3.675608268071287
.8338741398336241
.2163757942479959
14322681185820338e-34
2.811271944089975
.6685150479880808
.181379401840365
14286684849780996e-34
2.6589151434531906
.6501854909244816
.1795139615421906
13609169297476029e-34
2.3631408654702755
.6007516327853294
.16939489292979054
15034440629837399e-34
2.4390222310459286
.6527124384163184
.18636790510843
12972401952710159e-34
2.1269587338162697
.5593431134116288
.16029974762352492
13019465664900666e-34
2.2200060029700897
.5699019346559386
.16162209246570527
12605770725164225e-34
2.245129104753399
.5603316244202589
.15719433527085463
14653933314177595e-34
2.717826768692542
.6737300375809862
.18488044129207604
14724452460503828e-34
2.990544621104306
.7025458695825688
.187800437206337
15325254913440926e-34
3.16587520391913
.7466205204865749
.19689410968965812
15979506161969898e-34
3.544930567566417
.8169158950112344
.2084797552991362
16499829083629707e-34
3.779920905702809
.8591976797052818
.2164650022720196
14386617516347988e-34
2.9351886320133347
.6896285946505215
.18378510496589212
12913938143974573e-34
2.6414465183360494
.6090445942135573
.16395123847337661
12904069730518876e-34
2.476365923898318
.5926349454268057
.16253818276183252
13318766757567274e-34
2.5405989316370214
.6111391139083375
.16773880509319544
14007265548070901e-34
2.8468535184865047
.6629762376020674
.1781077499500651
14314475048095059e-34
2.8886046889570136
.6760054409688628
.1819058230320309
1276311447377569e-33
2.7543884164633976
.6113078079108194
.1626877397475891
15070533549647271e-34
3.5310564097812036
.7727973718814904
.19639492060647948
15240834804956508e-34
3.6105247943712127
.7910785528065709
.19941619977146274
14099995936107184e-34
2.943526411574681
.676708852150747
.18005651186443372
14713776839355061e-34
2.9947855043370875
.7072508189517565
.18817847494386242
13954137136048099e-34
2.9201516467912936
.6713391299886661
.17834078374817794
13445953847849693e-34
2.813099695198195
.641451206956166
.17130817276495675
1554612990275842e-33
3.412854351533547
.7823654458256271
.20170858022027457
16075413566960804e-34
3.757482132291528
.8404682105044973
.2110243061314746
1650753543854839e-33
4.025069749826932
.8783191815149115
.2177090355115936
1694338981877308e-33
4.308792715511952
.9369605548287283
.22623395047174924
1808104268026623e-33
4.552739981923218
1.0037977220928263
.24190109046805813
1766663539021902e-33
4.0362559645460525
.932265094537143
.2329895457041269
1695553321365332e-33
4.131891084748437
.9125905245727389
.2245823495563886
18112079920735094e-34
4.451300318640441
.9942177007252867
.2415881214925604
18999708149609514e-34
4.539774557558037
1.0536402098686943
.25484367656912055
19210086995877734e-34
4.8231905328061435
1.0944203686776894
.25961317366684866
20151957994281366e-34
5.024252231123145
1.159812468334969
.27356311872036887
1974416987209702e-33
4.563273903703232
1.0941445645253067
.26533054038888826
2142385189355789e-33
4.385760619308333
1.1334671192953074
.28483681544528205
20826507871644843e-34
4.5008301462697045
1.1288752047582946
.27864691079114584
1997204731867989e-33
4.201267447388282
1.061376921565877
.26549883973843824
20272328823221297e-34
4.087265060382128
1.0583906312085096
.2682798505480779
20292978275488045e-34
4.012997904710413
1.0433143128276297
.2671449875082324
19493864308637517e-34
3.7227081850831545
.9702561679717724
.253669548300057
1936378944493594e-33
3.8309054863287773
.9742867326814935
.25256638786588254
17862037487729233e-34
3.345177329698637
.8582187568674094
.22927620690580677
17390148974124944e-34
3.40550438316961
.8428659916947345
.22350345264929666
1893652871964274e-33
3.7626430356442295
.9361271213954814
.24514178992466454
19334727647322763e-34
4.136048417486547
.9960428467106103
.2534733898544319
21999141490298206e-34
4.602471015701738
1.1602737346944672
.2916174042684917
2072016865019102e-33
4.559886508757736
1.1081489100118402
.2753197430331926
19914322300317358e-34
4.1164895393537435
1.0205521612289605
.261033361103007
18575944812082104e-34
4.116918427025525
.9679034824156959
.244160285211867
17773148448175667e-34
3.9610195881609993
.9142471544359168
.2323819169780969
20876560393589607e-34
5.036173702628041
1.1523215286930941
.2793429631114633
16881022196907716e-34
3.5113146135207405
.8259915341255015
.2171823032479775
1725601903837432e-33
3.4855022349200917
.8379614224159281
.22163225158824454
1711379736026759e-33
3.624120948101741
.8438442753286254
.2206623411037288
1653739660769081e-33
3.3523495883040413
.806213421451901
.2126934856987105
16316617929851158e-34
3.244142829084228
.7849682721694775
.20894611461379234
14547210724512863e-34
2.689525433229302
.6759892320413171
.18433043458312054
14472341374328246e-34
2.8337763014128843
.6818084532871937
.1839436295573693
13087637422994625e-34
2.6015002707916977
.6162597430131178
.16621934649253323
14797990531717042e-34
3.0785206595130865
.726923659469104
.1906700129288764
1442735644506577e-33
2.860451759619554
.6865854443332662
.1839974853478582
15257967363686895e-34
2.871370176755952
.7127626518527779
.19359584660751886
14084728778153777e-34
2.5386171898416117
.634490402737274
.17647766341477428
14555610561531385e-34
2.57341037119289
.6516844049463928
.18206661864774049
11882843413902978e-34
2.177194059063055
.5325032703284049
.14850591500488988
12310818715816218e-34
2.2762946364113743
.5550034164307805
.15416249585296837
11027399760449693e-34
1.8725065632156481
.4763730593246469
.13620825546779636
1114831624407717e-33
2.2490348730806686
.5147591066646624
.14049017770521
10979059949498016e-34
2.300105396652417
.5136209539315914
.13887352701401387
11417770635498832e-34
2.3237921071283374
.5282406640770321
.14395419075534566
11852255441041387e-34
2.4291367661140875
.5503012060414652
.14959804838964064
12466852615004845e-34
2.754761909600797
.6020681968882973
.1592748710267594
12180765909971856e-34
2.665146544604789
.582180903067968
.15508354835657512
11407772379951614e-34
2.2354426071023665
.5156279842961724
.1427513611712174
110583762301605e-32
2.124037021557069
.4969147012759854
.1381538363801563
10819116823262577e-34
2.0729102916888054
.4832470590803002
.13487380189920598
10717922339816172e-34
1.9984057457491973
.47507995105875345
.13332899639818893
10205216992451888e-34
1.7553733729480525
.43883145188275013
.12578285917977702
11078603653309411e-34
1.926076760326522
.48188853169453133
.137106165354151
9692813873737283e-34
1.5344743548394593
.40481860662508273
.11841020590603439
9376343090202706e-34
1.4159440596299757
.38537035562011834
.11398452108249689
8425917462737141e-34
1.2187418931557323
.3404009667565944
.10186533794479588
10271311846524095e-34
1.6496677078731348
.43368923399839054
.1259607188947145
10400447752085007e-34
1.6284281166804457
.43572426679134907
.12725432577338971
933963989708455e-33
1.6076969477889882
.4022039594348356
.1151766788154003
9408460804150976e-34
1.5988443563832038
.40492429408900665
.11604155333737953
1034540519151908e-33
1.8122759296353765
.4539275681192902
.12843141369028005
10321320221065988e-34
1.795690407802799
.4527022082892098
.12814194177345942
1183048669718199e-33
2.223977030051343
.542904349327916
.1490763419857724
1165962200992306e-33
2.1122086535800975
.5315191255297002
.1467457497351912
11771647226991775e-34
2.3736660074641884
.5625395477399372
.15026969658550948
11609055302803759e-34
2.254656748960973
.5450824711849951
.14740617441718742
12182270856442655e-34
2.3394812677708177
.5701893048317784
.15456231210819094
11143869919721085e-34
1.8888488040963773
.4897691400767937
.13858874762466633
1123705389851864e-33
2.125546889916952
.5191326100439425
.14193262460291547
11531242120629231e-34
2.2479056377202142
.5399444015493956
.14624314736946797
11724070381498978e-34
2.3832154763380795
.5578211488917776
.14936924412819233
12437869149806481e-34
2.773974384545751
.6169723106093621
.16041428591877382
13655600699304666e-34
3.0613626615959975
.6880768746687902
.17711063218259349
1389810834498724e-33
3.10922319284983
.702326680869217
.18046609138687283
1419499342697621e-33
3.3093743922906254
.7339950919244222
.18559267335134305
13113305161514928e-34
3.042525562638991
.6714601672871783
.17086315115614273
12816897604399623e-34
2.8553538672094105
.6433553267223721
.166037231672148
1277020787487534e-33
2.9138027255229773
.6477411744468148
.16592083559219298
12596809626042517e-34
2.712459705104596
.6231823746372193
.16251585857990825
13223330843631065e-34
2.9727222989727995
.6685915592767855
.1717054224918456
14156731204682211e-34
3.0982173176865206
.7110688147816158
.18357096521552752
13819070592155775e-34
3.419470090158315
.734368488918723
.18205582004293108
1364671283464122e-33
3.452971305191066
.739103941929939
.18228399674048237
14425628053942534e-34
3.34058599406038
.7205286336463614
.17962788289594572
14083423658893862e-34
2.9451431554829592
.6667370768253424
.1722704009660409
2902493626386372e-33
3.4520663711197463
.7982053179989654
.20368998979516922
28361082330423356e-34
3.2168080296236057
.7665261400237676
.19908703089836743
2533134841878982e-33
2.7826259895279617
.6547012083044771
.17394463115768244
2831309393615224e-33
3.17642516713578
.7488444894887101
.1957862416169683
3043839573039582e-33
3.8626666183680167
.8869269345113594
.2212389492284472
305192033114226e-32
3.9097834145421047
.8839297406413306
.2205762690138114
29531149721194798e-34
3.965342003805414
.8776521433662445
.214811451247034
29576562989477663e-34
4.07641705527572
.8901252458137294
.21593494706142133
29021749782271256e-34
4.007695205594171
.8693798728450118
.2107221052687481
2891497920923959e-33
3.8620343858788533
.8573940216822953
.21508612105541558
2509478304269414e-33
3.5233981365053744
.7578501610608624
.1877124601959448
32209804707989357e-34
4.6976204170486735
1.0511724235129294
.2477939341406949
5375736221262479e-33
3.842102406639295
.8698879646397395
.21628526473048562
5681334875880305e-33
4.653884562775613
1.0016468972373422
.23452295720003175
527702660345449e-32
4.689127717505731
.9694746746639181
.22397823284687926
5819775530052078e-33
5.071192136055125
1.0898938427082296
.24525179474114822
625383583400573e-32
5.255883961143226
1.1627814728106212
.26283582735692373
5600853657561478e-33
4.655700273004927
1.0414351460679665
.24205125954908893
5366146181385697e-33
4.136841755028922
.9346850552699566
.2276513121277058
5173635893171563e-33
3.997670305099274
.8889908588800312
.21830990496911118
5082027708624423e-33
3.744279963831987
.8424020266589739
.21237977787543608
5685505726338099e-33
5.017470728510997
1.1052614088221682
.25377412760982226
5865295965674449e-33
5.391993746757885
1.1807114487967256
.2645380607786881
5133480448823512e-33
4.393175090078385
.9361840481465759
.22317915529555296
53132135069869256e-34
4.559654223504785
.9759923928230759
.2316158809170896
591345057838999e-32
5.38281449788243
1.1817308616512645
.2656344206057937
5291817041241125e-33
4.233659433318189
.9287209381985695
.2280114319301371
5196613214625687e-33
4.191110147827665
.9251674791318398
.22481820456924073
53787114371096146e-34
4.276951611049728
.9575209327087555
.23280714302888963
40778000996003715e-34
2.680613423078936
.6231330703068951
.1676426500182346
40501676703938946e-34
3.3163826846422797
.6959073871546142
.1773481703333727
34199262464493144e-34
2.5962586010154696
.5546321259821836
.14642948964611271
2619661683462682e-33
2.221068915514209
.5235257810032485
.14304604701504947
2651831634818604e-33
2.9850541265518395
.60479810991926
.15534814323016705
27714158423845203e-34
2.9991434100908028
.6200451395882741
.16006594774456084
28945768678723158e-34
3.226739800054244
.6740357386539151
.16938893863953003
29795003710955705e-34
3.184077388806366
.6736306910148998
.17105444298709585
30558735110599095e-34
3.5652543406205925
.7174463341590329
.1774582151402477
28098330432457253e-34
2.9235681570995116
.6205859427279402
.16028237739436765
32089255342835076e-34
3.953113377992517
.7766720180794014
.1870294492559103
32200469180602855e-34
4.309377139882555
.8286059579055006
.1943885312518195
34988130706805166e-34
4.63512064035082
.8953231638668058
.20706590383316364
3437001320312195e-33
4.593603531789859
.8781640232715502
.2032916956734652
3651436768672907e-33
4.781410760382407
.9455312258635579
.21717221897187328
377027427887878e-32
4.415508263850771
.920648517655237
.22100917864883313
3534033141195773e-33
4.793963549054103
.9237435720104444
.21056146422837063
32882678531634293e-34
4.264856234945205
.8146865533898306
.1927177611046086
3831642521846573e-33
4.750309495109417
.9801696854072078
.22754186372084115
3752275519967953e-33
4.551947274514375
.9353258412753652
.2209946775946825
3793653547713581e-33
4.338108331674361
.9069128344736103
.22067332898656472
39342509636226554e-34
4.631722610973506
.9676304565037485
.23091349737289274
4005580102468051e-33
4.790711384575324
1.0027235325482682
.23645797374401153
3989921742733546e-33
4.855405937720555
1.0138435270372386
.23661313071300918
3943538905509131e-33
4.908247012819857
1.0242042774460673
.23545529382194139
3469689435763032e-33
4.064498743434202
.8455257293940395
.2040516292024425
3735802062843761e-33
4.105104429660232
.9018146902261114
.2199610206604604
3612880477262817e-33
3.5334503800193655
.8122267533155909
.20820562801171313
31626980819291353e-34
2.5690693871966803
.6425521654187274
.17673830348030323
358624615794536e-32
2.9678833471287387
.7523226968892825
.2027853439734362
3410855575268644e-33
2.7982211738742433
.7081505956719527
.1921315621290194
33719654356582356e-34
2.6209878312418784
.6852851709426236
.1887448559714613
3260472354932258e-33
2.6369533028620125
.6756613295292311
.18359908796883295
3020292864760991e-33
2.5415475989779623
.6646858752431042
.18181666150597042
31987441397161813e-34
2.781856102734021
.7117913844363467
.19121394851993995
31264809318622425e-34
2.503373714183121
.6669964591226294
.18463056168203806
33048933294378628e-34
2.6458254479595604
.7011670035709805
.1926914834063287
31637333658639766e-34
2.6524729667927485
.6768889255936731
.1844290557387457
28545290383534144e-34
2.0293394757687926
.562109982968725
.16205639931440344
26134177743399143e-34
1.917720381833894
.5169549103683665
.14792084699731348
27002813417038527e-34
2.1803232201292917
.5589842342465541
.1550030042512174
2484116124505287e-33
1.8214068428638732
.4970349675338332
.14270327060149482
24925607065752726e-34
1.6699279732837173
.47567528250317687
.1394467927420754
2491570931844968e-33
1.6988104768231036
.4798987737507327
.1398287624461085
2259683841093649e-33
1.4989511191183582
.42808298149871804
.12610620120334431
2481097868914846e-33
1.6554901305141425
.47371402559593734
.1388896537602234
23865823178083594e-34
1.6194953734476392
.45821949429767167
.13383464308152582
23029809973963053e-34
1.583091614900378
.4436938773277464
.12924747396871353
22767477193108177e-34
1.5737583289599086
.43760365645253685
.12762509653070297
242020566079079e-32
1.7354358410521005
.4754987536297868
.13669203498665886
28233845835254244e-34
2.0495498089927344
.5609099416491663
.1600443704055859
2842349092656285e-33
1.8451828291869796
.5375404730679425
.15855945257252047
27566906875709674e-34
1.7859835010992613
.5187343858567006
.1534680692588651
26694308675874327e-34
1.6510465276286965
.49587880526913014
.14911795986739734
21753242412400382e-34
1.2614019165070929
.389731363336018
.11995179626419186
20918400665365686e-34
1.2163475815740146
.37548383513898165
.1156569746232915
19809971314037014e-34
1.2396928425565998
.3640512450958621
.11025182750236298
19444100825288626e-34
1.1503339353651543
.34939888815390097
.10731107427591009
18390843643310474e-34
1.1086573444609134
.3329471013332075
.1016650175311757
2032935734467938e-33
1.2415330685955461
.37147418764610574
.11276766144599282
1992603671083104e-33
1.1239854759172727
.3532928801568751
.10946615151814948
2108656567957658e-33
1.204415291886436
.3761987317587433
.11611316276394511
2302223177015351e-33
1.444679092284175
.4284847977186762
.12866542782400003
21418867981138115e-34
1.344794563264068
.3983339979504002
.11965351728095304
2117473061436879e-33
1.25684604328133
.38388420155124375
.11744572858803577
22482577343935614e-34
1.3735314219383576
.41378264756147787
.12535821721528395
2181776903606746e-33
1.2767919323679713
.39454974339926785
.12094644571576944
21011501908229082e-34
1.1819889729218425
.37425573080792696
.11591040282315207
2363380262819244e-33
1.2833456203644296
.4168071962402161
.13002046533962053
2153081450303511e-33
1.3167722734307146
.39655802113263605
.12007580239371114
2164318949031079e-33
1.268940642477037
.3920620143161868
.12005850250355767
20836778725098147e-34
1.1751049850810455
.3716302950981964
.11500006219656085
2070939834263746e-33
1.1245703097508248
.36449997185899335
.11382773006937337
2204912004661737e-33
1.266017862283069
.3978417621900774
.12221731778269307
19567868635368183e-34
1.2030535047155706
.36113048101676865
.10919834780103155
21305506541181946e-34
1.2797566674191214
.38997589457090953
.11859378492795312
20846714132034494e-34
1.2189395172551654
.3781604902385955
.11572593725137813
19905708531265517e-34
1.1984627048437648
.3638958405747879
.11072994683282442
2068518391188082e-33
1.2185598655759413
.3762445247067297
.11492588048464589
2072133786896208e-33
1.2602202310349027
.38088405132214104
.11548945571455714
21610105956481662e-34
1.3856171023918338
.4064905177649449
.12136347230224943
22919839267324387e-34
1.4802236355999325
.4346660304234471
.12912991614022193
20618186267238406e-34
1.3271899380701204
.389111714422781
.11593624125890457
2030010738638897e-33
1.2555225830662233
.37807828453279796
.11370380478310013
1840841453415515e-33
1.1744171561681735
.3434263902542166
.10304317514130851
20203522567967588e-34
1.3578580370021895
.3859736960362963
.1139852888108406
2086520737154273e-33
1.4253620427662024
.4050474929609044
.11843158306094874
2304729210079361e-33
1.5444996406944314
.4458911687370902
.13074268181706672
2130312177715221e-33
1.4897095908059352
.4177495867545071
.12130825186697014
24453007225908645e-34
1.6693464887535356
.47835082507664567
.13925500135050567
26243233144895117e-34
1.748082135128657
.5113982613220933
.14938499067285857
26774450785339844e-34
1.7792253369270596
.5203472247818756
.15224776185646186
2476640367311456e-33
1.6217821815898061
.47809671912610496
.14052112802415348
2547411097880258e-33
1.636758428241469
.4897221170690771
.14441718509570864
24152884748788196e-34
1.5006729716644467
.4540898257229988
.1358156346677654
27057964632050507e-34
1.6577811224335455
.5093531817495022
.15235302543904808
2397756135967616e-33
1.6425623666763318
.4706232540835925
.13672124916910702
2375072648666482e-33
1.7411012816543812
.4795070967940389
.13661789471705213
25542229260005243e-34
2.0255160458549604
.5373197617513401
.14890762923074438
26239635592730387e-34
1.840946995575534
.5239026621658199
.15054712074258572
24821891926180983e-34
1.721518833091813
.4910005241066929
.14192416252922666
24844458054793904e-34
1.8437663268365865
.5059547274455537
.1433476257227211
22653693850519642e-34
1.6369309550366846
.4519832236774654
.1297487273882255
22695359495362797e-34
1.6952809305567424
.45838053710484034
.13045798968826045
202097470699644e-32
1.422298088015517
.39394719527644806
.11476545247363211
20432016062502232e-34
1.4209741115670709
.3968090555074747
.11590555513965309
2040612943314088e-33
1.399353876476341
.3947395681424084
.11563485984539922
19719535502195947e-34
1.3213287553670034
.3768209146323623
.11127998077359894
20798749847134417e-34
1.3547812173328413
.39274084287110256
.11692014094633806
1993089468332173e-33
1.272774462946409
.37315284747083005
.11172910544626401
203789741978142e-32
1.3497032041802575
.3894926310390977
.1150669742545007
2196819894095446e-33
1.493089682389514
.4247402083007895
.12450740068731754
24794207537176237e-34
1.7307520524225162
.48702027796063996
.14129825296267648
2434264444950946e-33
1.5671605632672363
.46189527858149865
.1371976865527726
2348084551280688e-33
1.5675077271112414
.44966311135938114
.13264657627024584
2550902764761705e-33
1.778395700565704
.4982047759380692
.14503111605719382
2368101128860421e-33
1.5669414658288856
.4513107945369958
.13355483556380854
20426498151490672e-34
1.4313331310651705
.3953163716379798
.11567314759294046
23844986802027682e-34
1.5573941281128643
.4555887066584075
.1347038286617276
23074055600348646e-34
1.5674944141772222
.4441738492448732
.13053732344930782
23948150405109605e-34
1.6407426139112014
.464892584437627
.13591273023232292
24498972433129e-31
1.6174647470525096
.47057516830349644
.13864521028282853
2363544405716371e-33
1.4954125024485934
.4450034776301388
.1328716140849218
23672834845506908e-34
1.5592911139304761
.45384003764939573
.13387444639847987
22189473487342714e-34
1.522647418021128
.4296215061298233
.12578419744254285
22283996932681826e-34
1.454468115458606
.4235970289931829
.12561363835888062
2601989809127787e-33
1.7930689442187906
.5087522167008554
.1480816199950135
273256121522942e-32
1.7542385276946988
.5201741464121066
.15424785589918333
26648281319237626e-34
1.637526232973457
.4970196905199078
.14940153336714374
24712563487086046e-34
1.5552266331268543
.46299661513644375
.1386644259918211
24949340667142445e-34
1.6177202490303064
.47352759615583284
.140586251391789
2759640367834915e-33
1.963797868588719
.5492326692847104
.15800381398081462
2660842333885795e-33
1.9394279434764818
.5356337303453862
.1529090339456947
23938893508027364e-34
1.6404665089479953
.4652504751694764
.13592522123083978
23116425461421628e-34
1.5709897038790261
.44822517612022245
.13117498601500008
22384453348738374e-34
1.5177444505794413
.4341835568943814
.12705346175399146
2314008924019377e-33
1.594525167274484
.4536794772671084
.13184565911919255
20832293406345372e-34
1.4734822078307372
.4089741501925713
.11862461244072117
