0
33.42145136595255
29.37627265351925
8.147665094648476
0
36.383974741035985
31.583509830060958
9.025891700448051
13036621088358371e-36
39.882604930401186
33.27466163944636
8.151017859411843
11504925889192757e-36
37.502287137104695
31.998193494419645
9.10104408956093
1895238079213275e-36
40.410765824117604
38.09947129885148
19.154270497593366
9895293957824945e-35
40.18060426459491
39.046636224706916
26.545237516353954
5758476709430163e-36
42.25512209136931
41.65141148258751
30.1303204200134
30283128307200587e-36
39.477028624319395
38.962095299982465
29.085777687551666
13369160031366204e-36
39.95659898141471
39.01040747530537
28.663212822418686
9236274555859387e-35
38.119827615238954
36.94435102470791
27.09046082086571
5552115079312022e-35
36.28800590867825
35.461618230771315
24.486287171387747
1833139339878517e-33
37.61623782497661
36.86526484942131
27.801481986867547
2455264982373837e-33
37.674849305512055
36.60388082252186
23.631837583354283
5712998782559204e-34
39.081938461343455
36.611449315961075
18.05211416078857
25405461392003053e-35
39.802137492257316
33.75985771892179
10.266889011217865
8153493228291737e-33
35.897167118361686
31.165472145304346
13.519349894539353
9630713757016065e-33
38.3092760961831
30.761887403305003
12.032493806391946
7162063747456984e-35
9.094905866862343
.981160676684135
.10981721119766182
20876460257411505e-35
4.232861614312713
.40739412715058215
.06792957084626378
19206154229883505e-35
3.10366997253598
.28852933131843855
.0502689351568128
12256976082449732e-34
3.944151851481454
.45664350728695796
.09292867601714506
500861723587145e-31
8.63352156870653
1.213653462633299
.23788751625437873
5092237270169272e-31
12.089779523477437
2.0962058315600975
.44277596569219396
4827880028632382e-32
12.864760832825658
1.7419481677888151
.34367532447943017
37898931048903173e-32
28.386851279740092
6.914670603047984
1.1127223829096937
2856688526600527e-31
27.792515217872324
6.387319059766759
1.2356163457485676
3544736076771919e-32
34.445956770005985
12.884969105228858
1.4718413978571343
46272694300698183e-33
38.52970934142483
17.079522731745374
2.618677114135647
34839871488924434e-31
42.777007365025625
31.075027456695963
6.02971582944117
1943556985869222e-29
42.38073477396681
30.036878144568302
6.451336203386676
1704432503771516e-30
42.48125390890464
28.743512202764915
5.14755995712382
1732988785554254e-30
44.847328895120974
42.547036397409556
24.965554152237008
7216328087708322e-31
43.92856864900711
41.981373661886686
24.470479304744224
14052214965553356e-31
42.34095814573017
40.68223528940836
23.900346591985496
7690219806234161e-30
42.838663477953055
41.28654982945295
24.620442604350316
3899244164011216e-30
37.742624414032726
30.113187249562085
5.613778637315179
7197151768645403e-30
37.539008637256295
28.845039571829787
4.524546155867751
15622978558103346e-31
34.73323749012392
23.476778129229796
3.216597750238713
9690263724161022e-31
29.118042637234232
16.19466835745754
1.646759919760592
380957786807063e-31
29.906541438059648
12.565219025492988
1.3373197538756927
16352684837365072e-32
40.41604919788997
26.583737523913463
3.8757777920592096
54651579650161787e-33
26.54597051733773
9.740528501424942
.847781975297282
504552964051324e-30
26.611402579095905
11.320163350061842
.9597815498221709
1517073554191239e-30
27.37039994087271
10.235270748411715
1.1147341942739248
19485215746608033e-31
31.654226397615464
14.874195075963614
1.5465415592377294
2719806452575211e-30
30.910102931956555
14.219508525866535
1.5605897908895068
7133540782818302e-32
28.131592260259737
14.99266837226875
1.0987618536638284
776595461749274e-31
32.23961604118541
23.414920338516293
2.8543328785656024
55680208837268376e-31
31.511659116197908
25.828940690674244
4.755706717543967
26977225060614643e-31
28.78825825064459
21.016962931651616
2.671361548321454
1144628557700885e-30
27.079096321873756
21.05113918971932
2.7123219841675863
3758107253695882e-31
31.074882979513536
24.51009578148829
2.8531063378714467
28062208034405925e-32
34.26748607221218
28.24434348788838
3.565390052344492
16847446113377805e-31
34.57442567657293
31.41103641912606
7.44922324035861
6337809777727262e-31
31.08223776503179
27.709717151604373
6.045725248757603
188370454086946e-28
28.781453112528972
25.057046996349573
5.175927107779836
16662214885851095e-30
28.912194798247203
25.505064808680338
4.673105364528472
3937190571287451e-30
31.254478452834128
27.969658683388463
5.872955178524371
5491658174152786e-30
30.375175027364904
27.498327135634348
6.157116544115961
21880080991474223e-30
27.002304993283303
24.025080255506474
5.550963429351051
2013154305430429e-29
26.99366668478822
22.63143067703876
4.679165675619591
10145636811777724e-30
23.922611831508203
16.343748293272146
2.109331607245619
7125180259076197e-30
21.471611365547453
14.35373586304669
1.6286474603148815
14652685462312756e-32
22.525648075132175
15.617899175807695
1.108061515694061
21449612458446023e-33
26.453190217054946
20.68985254328569
1.72984155033344
1442863532807778e-32
24.756070668712745
18.203150145307042
1.3863623969917735
4817373271158288e-32
21.474271799866777
15.159181156857004
1.198541877896733
25269985218383817e-33
23.985173503467394
16.710752028126706
1.3487947940521121
5494338738365165e-31
23.659304188028706
15.26403355881165
1.2825671344722538
17864642726203836e-32
20.87149805773584
13.191972572623989
1.057278772811931
13568957364401424e-32
21.495460750090423
13.444345284894199
1.0112723055527348
8017460314184419e-32
19.341241563120324
10.84077459855597
.7008428890102203
1653414671550319e-32
18.66501553968731
10.232072956863162
.5246382229552269
22465568692867468e-33
19.144801836277974
11.132686786344564
.5862480170507343
3198847808142931e-33
18.77595903488848
10.430204711548162
.5198031264165021
12023821051517965e-34
18.725504115896644
11.883718138516807
.5205794777574715
18576621515125784e-34
18.11461188592574
9.89161962276938
.41411758582446495
7283742634422317e-35
18.23208374766133
10.567504973997695
.37275379646340495
3578577492931453e-34
18.44539251317737
8.918961152295472
.3787038828073187
6250672934087728e-35
20.570556207649844
10.878049365124328
.5198385586859289
2803125563925128e-35
19.77987319522691
9.74368083920253
.4025920163909312
14737184603475595e-35
21.22466413446993
13.104200926283948
.7967943273198339
10020647368605858e-36
23.626180246686808
15.002073215889439
.9083520114583882
14092061154217447e-38
20.689945385894127
8.819489478740557
.27331431366139286
26935778075504124e-38
20.604434122456095
8.11149213040868
.24964627885516394
11034686282589095e-36
21.215601798485466
9.762835419643844
.41891811827270425
3727987918132834e-36
20.47816752343569
5.335042093685108
.2401514848059881
34414744667059557e-35
19.993786872767615
7.695681481071423
.4076741694948987
7545940941471029e-34
24.248683515235733
11.380975338574691
.7690938991110202
10578128906959081e-33
23.53688848396805
11.282227368146943
.960171482758897
47077980577810876e-34
25.19921132138554
16.270592702173353
1.8986547397329367
30843963793037485e-34
24.91377962818909
15.336805611925117
1.4808992016558131
12194963677140504e-32
25.250710421756516
15.227524949323076
1.9538318063758844
6171412757582189e-32
25.36736116513568
15.824505528822295
1.9317464482802893
57261370352039505e-34
25.356880225196548
16.03530957458452
1.2741049550790122
2424119563851969e-33
26.754084388829423
21.623026619118644
1.8365174332355305
142637089756817e-33
25.966225383900635
22.2281238635171
2.03735150822639
5859223064975655e-34
24.158783550839228
17.00543327929305
1.1313813376927029
19493005433250144e-35
24.96043384776131
14.357664955465651
.7468493715362426
9902231030955288e-34
25.94481275162797
15.306646731845888
.8375548603995064
26223636177044974e-35
26.840996957693473
18.492779115154363
1.2542553984967464
15989662401927807e-35
26.704239488501756
13.34316851541203
.9150413472978225
14672524392963392e-35
26.730571744926067
17.623167045587003
1.0868026499926102
5239866690317724e-35
26.200218661479777
15.425174645622667
.7531435547412558
4964438633595552e-34
29.232452278819704
22.129574718751538
1.3466665145924794
4239480832328773e-32
27.839324901651686
22.041458789592028
1.716270443092397
27964350314243445e-34
27.67412833199474
18.556358472936058
.9444119957652989
29485696915613657e-35
28.761991384142004
21.115667463681493
.9364044175100499
3063624898542543e-34
28.784153413236186
19.715166406007985
.6836575473005103
5747480638326453e-33
27.947234825738004
15.542310075501259
.6616055545208026
5454776043499031e-33
29.35734697447944
21.99032663693306
1.1603033781165006
8498686175120619e-33
28.51081142409771
21.20756958972577
1.1025122292841834
59408380145006855e-34
27.975932457291684
16.930242712188157
.8735282064288685
3945317728750204e-34
26.82204254139175
8.706103366229723
.385177159789432
12313175849063999e-33
27.747514986146857
19.00560045827845
1.0438923106968023
10386947434275919e-34
31.61111752530623
24.148316614418956
1.4960246742459622
26555303663487125e-35
30.176777621771283
24.157467598161773
1.453068450457325
3615345952321605e-33
30.977890613207354
25.542647795144003
1.859736045431996
6673947698136169e-34
27.95888375269224
22.287392322727683
1.1739074943055208
1223091028340925e-33
26.982608808942796
20.763445648860884
.9458553149118822
2785293805705438e-33
27.252308620526893
23.037482844799104
1.460282205496681
729330755897007e-32
28.568256431108328
25.491316613100395
2.5477612073243843
2721739175175491e-32
30.011468066589096
27.252843639227446
3.2281119862648295
8638491431640478e-34
29.318032524446256
26.642072376523974
2.3441886225639443
9806263229240756e-34
27.942443348865176
26.50248901136965
4.683682795932085
27873841026795766e-33
29.02914458387395
26.952658984656846
4.947384072689906
2059228577079993e-32
26.376131380139867
24.356824354488246
4.372255891338448
1287414037695583e-32
26.216728910288722
24.073586821242422
4.072086050806195
30918500498284395e-33
26.49512844829167
24.95528749657982
4.553771138021215
4291630846914282e-33
27.80842073452141
25.643959282126755
2.87686103195228
2526946142332108e-33
28.159949485797114
27.313809467693584
5.402436750609327
1649636358482184e-32
27.718778378803975
25.294284006250543
2.6646401707255665
10631368178292369e-32
27.063603126218467
25.70814746395085
4.855227717276582
10223673589135026e-33
28.357276664889735
27.250839061825005
4.617300765294805
23027761255914538e-33
27.05832345464409
25.842727515242025
4.207286839453559
307203850462581e-30
26.41161984207526
24.12656329170035
3.310873649992847
2657329234161618e-31
28.58779376900236
25.981165778862362
3.173686765969218
907017283295449e-30
27.730708636542765
26.603186062294164
5.938647565375886
437812642433083e-29
27.81810148325517
26.205910318573927
5.214636872508891
9640144339530377e-31
26.966454892809555
26.115159488159772
8.03385549286187
3831060713804121e-32
29.24534293276107
28.38548335371926
8.654883873480896
34677724831244404e-32
24.200718739567147
20.794437556284667
1.9186395033328
1441057164655859e-31
20.28299729629953
16.406958819125975
1.2072309851988103
6257931424219755e-31
20.589397286436785
17.641413519796345
2.065991248852302
6072873590765584e-30
17.53595299646065
14.816270447250238
1.7329708718189296
28859945340658717e-31
16.917332260095886
14.351795227091687
1.7402653287623038
1527686956337645e-31
15.789784789695087
12.51857611067694
1.2307603649014047
38322375569763014e-31
19.258651638688136
16.410963388814828
1.8817264822478175
4099681632186533e-30
20.455586901993
17.569619798249093
1.7456580400836328
20001580360157895e-30
23.27058926017842
20.814879852902894
3.4815050225836828
7493981797716629e-30
23.136445708155062
19.002463620007827
1.7764749285901889
16253751216683e-28
23.910389190949513
18.496795479782467
1.2705788190611318
10559487531589522e-32
22.94374979450166
16.850588278754326
.7605641921044423
5860344669450248e-30
25.017732757957685
21.111494805150237
1.9198294116758912
4813152056278364e-30
23.241578199787586
16.054561987643808
1.0334637885959534
3425463156092164e-30
23.54175088750704
15.989314547197033
.9717141016503626
5980393541304061e-31
24.93984679149897
18.929003798373273
1.0083392957366097
4303123395415485e-30
25.06897917787075
16.40695183159848
.928138508615608
1921360707073727e-29
24.875211322757607
14.77364606010637
1.0326506116869099
26363760814951056e-30
24.372656606061323
16.01890457619569
1.2971887731455463
6781535967003656e-28
23.77733245717394
13.914959739499297
1.9084290591942898
25738516350178064e-28
23.34886855016339
14.793023301575886
2.0829580170490343
2759756715141534e-27
22.35324259318821
11.878209522204642
2.1399594025098456
18386704857941583e-28
22.36430785471269
10.48609334001784
2.112353220309761
13651598637443974e-28
22.721756054923073
11.297661068743494
2.5262927088877136
13464349614934228e-28
22.281231167463343
11.308292513619318
2.181398087088219
4526891741800135e-28
23.12589153784204
9.532288255778319
2.065845029264223
1738956599629645e-28
26.553948510802805
17.030052981377587
4.00306144002116
8411345123534785e-29
29.699735386326992
19.24421902581977
5.128247956030327
34005432395953465e-29
31.0778595665502
25.271021999006944
8.618010875161373
8415716576480541e-30
30.965128571043714
26.987145352598308
8.367570638526745
3315650471457081e-29
30.771722384936933
28.295001747842264
11.664147242707138
7311444952488807e-31
31.22680650154757
27.732889040298208
7.015861588201369
6076301212226405e-32
31.6753809067807
25.60474183470201
4.048094025617423
3643141277140267e-31
30.392740964865162
27.47094879930634
7.150904509287388
2647228435312597e-32
31.23300960326228
26.713517484177167
5.035719639193564
23574301955154555e-32
32.56377196261712
26.143021798682113
7.580655685037785
9071665726727023e-31
30.041982410579738
22.582606478919637
9.285310809147559
13041755594577607e-31
29.03562463799337
18.719812060969105
5.736129352795409
462214112241813e-28
26.934915957345062
19.119608363638076
9.194699436244797
22134275074510604e-30
24.323472932209906
13.662184386190521
4.378388978095592
7951318659782861e-29
22.951020809255574
12.603387421596777
4.101034947032204
6788426424284908e-30
21.808304372461638
12.11113795328629
3.2928050437013314
10405039302470576e-31
23.3409535897153
15.758487491289822
4.294593370671327
15667365100189212e-31
15.49348294684192
3.210609238342374
.6456655002195394
20704869176817725e-31
16.873380306331363
4.217948586849597
.6666796680908041
16738832933829118e-30
13.870927248488515
3.0395941696940363
.6163712876853056
11077680779258242e-31
15.495545915466668
3.1544505666437885
.5836598114959676
8819177172035633e-31
13.180989705032381
2.729616302562799
.44110304145805196
2546212975685144e-33
12.053714925368158
1.9576117992990072
.13015027375259214
47544701426573745e-32
26.13309816530024
24.200283461470022
10.933033406908143
6274846131229542e-31
27.39166554356874
25.2779648307429
13.570815706672311
52062686558809885e-34
26.85798242520498
21.81847871088611
6.509514325281483
1397245486271164e-32
26.24336080837711
19.763900350710617
5.462786083123889
1128725429045677e-31
28.260286075726608
20.250981622579648
8.230623971920426
19578718669590063e-30
29.582410518550795
23.57714115285413
13.886795209408225
3700402032359291e-30
29.238943455794658
20.8188439492395
10.25134031910199
8963164518950898e-29
30.25415230219818
20.72854870042761
9.643459292865778
42170146345071045e-30
28.729493755918423
16.167003437581222
4.647838553864746
25976954027505916e-31
25.4541682880891
9.852916930050917
2.07177225871862
666052754386869e-30
29.31476149734009
15.150444061123014
3.2050397086319076
2545282633260434e-32
31.37694865229693
19.063325957366782
4.510392994955503
13201446608799512e-32
27.760732521439834
10.078118134759938
1.976550952740445
19046563545995065e-33
29.227213904396372
13.577375190120527
2.27164213438447
2330997213078806e-31
32.92120645500552
17.819648638163837
4.048091812089611
37362302123269017e-32
31.787674371363426
18.587598346234124
4.434546754087861
1926342774142055e-30
32.09086892276498
18.836351906229563
4.450447712499818
14056263564476747e-31
30.76509519358227
14.574701156554175
3.015743475915352
26595106853211235e-32
33.87466088132915
19.71011921683582
3.4820456738709002
6211654692364176e-32
33.235601842979214
16.756571482542782
2.7311043210723085
5636812070168798e-32
32.46054101525936
13.715933296919502
2.4005015626008976
12174250221308219e-30
31.32457341203652
15.9558561270669
4.041182622641718
23298873808204784e-30
33.762941632392824
22.361136156026486
7.609867960331957
6737399182510123e-29
38.91997617491324
30.874512599519065
15.40771393495369
147060043268174e-28
37.649589999965634
30.89493854912692
17.107168935493906
7014803948567617e-29
34.357983941118654
29.926186810257445
17.879137360092173
13931180296354564e-29
32.99396046025098
29.806193906138112
18.677115077334175
1829730334277689e-29
32.76123032721983
28.967510343286435
16.79231192693249
14459905979518158e-30
30.136449029263616
28.41216068284567
21.31758890369668
9947219430225554e-29
30.12291999599617
28.5621762811614
22.009761800310592
35848078440010595e-31
31.522935095452336
29.946875245972237
23.19635904896331
3809276051002441e-30
31.32771859061591
31.037274673596436
29.049114682352084
38075468476562146e-32
30.736650634905583
30.230018210925103
26.406803977116926
28406002813068916e-29
29.26132930190308
29.197579771009256
28.65499702942884
1226220519603011e-27
28.95846319085957
28.75876503460261
27.46473407217679
39964893972564077e-29
27.526261611087595
27.040949888754394
24.329363614268104
8479102483001347e-29
27.169287033720767
26.71933239735043
23.49193460839079
775918716341993e-29
30.13923547838205
29.87755999640739
27.49774875631035
7281476875112131e-28
29.32005900778266
29.047209342541496
26.76891508514046
18767227793992085e-30
30.749600457251223
30.427821101390105
28.265485144710393
6355362895970014e-31
31.13414894726011
30.333998938252254
24.384513300524052
15755208885320058e-31
33.68483504459698
33.36800654966739
30.54711525082797
879340986788805e-29
35.464411514870825
34.714705257841196
28.432838807717086
2017176925381515e-29
35.57749674229717
34.88527692899919
27.816342551614543
30669870630842204e-30
36.105361229643755
35.54862099126414
30.38754408522354
28689329369057205e-30
37.07594226258824
36.14454672370341
29.985831468750884
923330299511504e-26
41.3237850272236
39.616462963531674
29.891661480071512
8576592699063498e-26
43.585699970453945
41.25886296980564
32.09962325554294
8184154884305112e-26
46.78787469303182
46.02950174413863
40.36288747956379
21577150441247482e-27
47.44464669673528
46.440545242913274
40.637000216615064
47232511235324596e-27
47.88582164700919
45.96857237275507
37.98626922286065
8125103915005906e-26
47.447868842750175
44.61767120220516
32.843485331815316
6393341248019493e-26
48.89029121751624
46.40691950905894
35.45640074235497
12565665617745026e-27
47.32796231444214
42.28157492775491
23.748766083186734
8104654155246617e-27
47.02163824196567
41.48620439179002
21.0640736230878
7548953345543268e-27
47.58662260956795
42.84528411649433
21.95140328308896
31852292675031176e-28
47.86855915428485
44.595825635361884
25.66883073421667
291533009051461e-26
46.133900859303154
42.79151106088027
23.764763854249733
32247162176718113e-28
47.13910399111992
43.08877174076459
27.49828008678352
917081065649195e-26
44.799432079807666
40.65758571957463
24.937595244236554
13276195310486643e-27
47.87760088475408
44.70943275717768
29.962256651170087
41679863799727196e-27
48.47802445707167
45.94077548550738
32.32358897508948
3130277289744037e-26
48.85728223430461
45.0931495289788
27.132632732454248
404356181265225e-25
48.328142835797344
45.40265199915492
29.73978315124623
5478433106312654e-27
48.48145892312441
45.92935422513832
28.486669848730433
1025979204083974e-27
46.70730736074421
41.05586247572744
16.79954268507332
24443735253014835e-27
45.90363297457179
41.47141346920638
20.190532893122224
20192299525152515e-28
47.27435481913218
43.0840301194672
19.882559676576648
23411266621127756e-29
44.570805077258655
39.37305277266563
11.939653087747107
3689218261704926e-29
39.503437462919656
33.87338042781256
9.505385353704101
20736887423816083e-28
39.545274762734685
33.83602476199087
10.480107047109897
13034102343919042e-27
37.025552250248595
31.240861788687717
10.75793616595674
17516785217878533e-27
37.22400423629127
33.96412079202021
16.539370243384678
19729270326461086e-27
37.20164219358177
33.91549634164032
18.257445451335226
1839050310541735e-26
34.882868185064886
31.86468466803227
16.764263328241054
19058575457819623e-27
35.08927767135617
31.913438601798298
17.457136732102295
17429465506925308e-27
33.54794867765954
30.6772284901988
16.821394004532277
18121205624735414e-27
32.194281293414896
29.26077390544143
16.076116740306922
6637097042458463e-27
31.07488455421768
28.047283126818066
12.855109232881926
13132109022071612e-27
30.47937711268962
26.50470342273008
12.808995566386628
8335019669065542e-28
33.299199688350335
30.77986221182824
15.781774498307927
6915192585170418e-29
33.93345139545033
31.82685684352332
14.635065194238036
61789153193267e-27
32.115401151629726
30.454303887913348
14.55961588489898
13794715462004751e-30
32.5615337463209
31.381293605679282
17.615736612186193
1526543762367655e-29
34.08619533345642
33.45079316944517
23.340700043430925
5475483657547265e-30
32.564496677195336
32.076973108877546
23.53143878976351
3865103226090064e-29
33.20670606879298
32.76478982894715
25.157393598834286
9079531824893295e-30
31.742568787312276
31.11574467895851
20.880643413399778
3098780793464473e-29
32.2332936212391
31.63240147993489
20.211702418592335
9081518603366036e-29
33.50836418581617
32.81549130273423
21.224037776987664
1417757484765536e-27
35.42959711953664
34.552309581240316
22.899673538556726
1896597547284178e-28
35.1398399919859
34.037198361734234
21.057284439151267
6867343292940097e-28
36.097417187555344
35.30667993891849
24.947745390313905
2619013046095592e-28
36.912066440516135
36.030292440371234
24.934335749656995
4424225679110776e-29
34.33182493278697
33.08851265738756
17.271651534556597
1146834016827944e-27
33.98472266986327
33.08616630405098
22.671903876232047
730807840864126e-26
32.76617656102035
31.49293413870315
18.834658033418556
9365944530801612e-28
31.720809441799403
30.928977557102126
21.853359717220343
7950693975442064e-28
30.876770851520106
30.214732333394466
23.203163341061998
5492067860316267e-28
31.38350306930626
30.947440516591996
26.409882955240516
3949404016773675e-27
32.97672539976739
32.678509358021174
28.798325533895007
24682373105472225e-28
30.513544902823515
30.12852495884362
25.366773744933873
4372516583205238e-27
31.156358309900266
30.55316329327103
23.281390767469784
9670254547852602e-27
32.969870385607905
32.53205668452011
26.929942635046615
7289606988564684e-27
35.05004619476814
34.498803300540345
27.43587428200985
26956454145510593e-27
35.14484928255343
34.42709829524288
26.01821177165492
26652446464169647e-27
35.041555953875175
34.25658930207515
26.645472359056416
20937221905377608e-27
35.190940198566736
33.576811540346476
23.312306318171835
1319579396751609e-26
33.16707005708536
30.474870677478076
17.42237027031617
15253184009139653e-27
31.703191887917075
29.53413566453822
18.726207624318295
17110125915699217e-27
35.12022741748674
32.905335950409054
21.857971967948014
16194495724784433e-27
34.85766747946957
32.8348055359944
21.586406697601355
4986578031510756e-27
34.22645526960428
31.475544905374274
17.732031069554026
6780009295305825e-27
31.914013473657114
29.810356467027038
16.04030342340177
7177840507128156e-27
29.011586526184484
27.07445161920316
15.390383290631384
11781062234312146e-27
28.92314873944039
26.770252612856513
14.697565528389672
8420601217733293e-27
25.423997626133843
20.74648907529494
8.45263746176322
2919570983279479e-27
25.232891374084208
19.833369363837868
8.034908628328225
19274261730220425e-28
25.184151675881864
20.23454331030589
8.028412565860659
24953061017791626e-29
25.530888387165884
20.94231331368386
7.756190662022494
27425804458498306e-29
26.005960108051763
22.26937603112142
9.050949124615485
23525365917460332e-28
27.6501092354148
23.82087190638147
10.462680491546987
5781921963380703e-27
25.189412189628484
21.58497759410981
8.649614573495557
18930037579428325e-28
25.455481740634234
21.423107673490723
8.076820647210306
620309352784635e-27
26.23362048695169
23.33100916773465
9.981291281674464
6070110229320086e-28
26.795058127673766
23.979556961282928
10.881947062110081
7987715128788087e-28
28.335206876439027
25.06682360688448
10.503260474111434
14528891800032929e-29
29.078990411322096
25.429231250388284
9.917197484485731
7253571620432628e-29
30.480471683358257
27.479289873332167
14.246720330791284
31745916082097285e-30
25.661021926277964
22.741166904245578
8.671294170767037
10526813549370873e-29
25.60415862061451
23.28874753427714
11.021742804417148
4575101750248478e-29
25.00007906142989
20.831946767301353
5.895134792483297
7794859823362837e-30
26.493012902546873
23.005299210655387
8.233104512690977
720864726262562e-28
24.114953377580658
19.718373525367884
5.525325451281513
4912683334847765e-29
24.135556749329904
19.69549310619904
6.088137794687697
20799347312531634e-30
23.63718910400474
18.32091610633231
4.895058018772986
8732796087746207e-29
24.542551549002955
20.281618396443513
7.22364699121026
23247282679813513e-29
25.6240557026349
20.735971262963243
8.2583843159296
150402923140542e-27
25.53421486937596
20.06483325889598
6.902517583342039
4866663435382807e-29
24.56377700678372
18.47480509586927
5.361027536962422
12453596447242773e-30
24.12352956384078
17.209121523959137
4.043676699922339
11662313569654233e-29
25.256115510619477
19.763924601394937
6.573067833907252
9034417684126725e-29
24.501980845138362
18.33617695441589
5.440196590018212
27607932957040148e-30
24.825205067581347
18.54868480048701
5.393392176486902
7793390483765378e-30
26.761621461602097
18.76310691863924
4.1323300498265825
14448247944836674e-30
28.019888537442306
22.138823021061945
7.120984847040754
31845619689777934e-28
28.48079908434073
24.601960295075887
12.696468971888288
8948536746437398e-28
28.22747372785848
25.085049981510025
14.880770175355645
15533831094068116e-28
29.904190760902317
26.480419375289898
16.780678566397718
6067946279927486e-27
29.558094753380338
27.6223648210674
20.21314456623546
26586242003075587e-29
27.925058441859385
24.901136944932443
16.197291659676964
20556987731413645e-29
30.717132116312783
26.550278102399588
16.898037484210196
25086380202234453e-28
34.31853834921761
30.670882552162958
20.012780085804714
2181070202550058e-27
32.49422548623316
31.00580942119395
22.89039930844113
5414856867520914e-27
30.846279989760227
29.497833600263874
21.836151927215372
4836360508824522e-27
31.56711859063359
29.613675317981656
20.795078263943324
6063864329394012e-27
34.45771680800142
30.5745297754802
18.906707093145357
22738844432665077e-27
34.667885740664524
30.541718040875693
19.08697963378295
27566685981616423e-27
35.922233725601025
31.848507480288912
20.78831285773634
5379739262395047e-26
38.0301413982155
36.35043414021994
28.314691535802954
22940198665983653e-27
33.49348483632327
32.16534135820097
25.061193107678513
13968420989064631e-27
34.44747697196505
32.91415046360863
24.428370298325312
11726181604918437e-27
32.23679975159503
28.599655174823983
19.16548431676735
5841157985609874e-27
34.8342426527635
30.99229412708417
21.61334730295792
5813307870346858e-27
32.078599918932035
30.05617000651875
22.61505526674476
22740105077670113e-28
33.02662382320099
29.80443051020333
22.54404993714103
3123952022141213e-28
32.51849660716436
28.610020187620567
17.56050492036839
7293827439653214e-28
30.051343457614877
24.640540542358714
14.131345709356808
16194563918609897e-28
26.996730991378158
22.161183422225825
13.012121253811173
2532251911209688e-27
29.051792924130243
26.0343622207428
16.27800253929015
5175987068840205e-28
26.797581685058113
24.268825745855736
14.474836905768354
26593379437801323e-29
26.987877277090455
25.024279141262138
15.236522800985727
55460677830742044e-30
26.60837774156248
23.858778698844993
13.542759322369035
8311246164398028e-29
30.111408979623093
26.143790230539565
13.713310896877479
15212433785138295e-29
26.551267694726526
21.56201312568909
12.03610147871403
4068902394272456e-30
27.10741238835988
21.40022054315764
7.392787402201281
14050715781823297e-31
27.14440141425738
22.589925709116738
8.031110830678344
7714104482866057e-30
25.663366159012668
22.182148667114216
10.138671572152493
588612709914014e-29
26.913064192923557
23.589639200950664
12.33982879300538
17902144024870902e-31
26.351173957061402
21.920545065048813
7.671632402605691
2324710673220145e-30
23.27700063167791
12.238511211105692
2.149784855157676
4411236505520765e-31
26.755959412772544
17.07172719889824
2.5211611256682858
11166524149615003e-31
25.16914239986513
15.59700473057268
2.2873869441748425
11075100315076718e-29
25.29456528870611
15.77349656174099
3.4873900360718237
13030530448468973e-32
25.5256284160982
18.47666173716355
2.118223070995391
11345182608359014e-33
25.133690912325402
14.440825915045016
1.2883028533612946
1306382328803843e-31
25.006514179079847
15.851263061360953
1.7060579782599168
725711815967691e-31
25.870157407968946
12.583500680468202
1.290642087572663
12996305314011424e-32
27.03478529604162
10.383352113065271
1.1974723900909605
16692087843898722e-34
28.0124582998204
9.242245636109033
.7232174781250033
8258970424813295e-33
26.466279824562378
8.999577439673415
.7533651806194384
8926261211371696e-32
27.98968444357873
14.210622448778508
1.256364370625121
2387063041348277e-32
27.07191382220818
10.419128397461796
.8623406484350841
26323855593462374e-32
24.724495723402114
9.735080966514122
1.0378924389462985
31063184319834946e-32
24.742968580007563
12.121417850778212
1.2316517752835103
6111364358485255e-32
23.887712902991076
11.65335944855113
.9029204343504871
10912233780279404e-33
25.337322221888545
12.828884177918898
.9480028926260428
2171829741361906e-33
25.382841175440323
10.946787025587131
.7752599953792677
1079611091672889e-32
27.683050089723515
21.67575378917133
2.472303048650288
56888796347053156e-34
28.24586531691187
22.358929437483425
2.590808244310566
14009657005990392e-31
26.68343535597648
22.52193220234613
4.6421800803451685
77015016851497e-31
27.32866482916064
22.899245540944086
3.0724839139919276
10390215685304905e-33
26.452081196311788
19.722403873030753
1.891437745516764
7439295759153615e-32
24.905598698560578
14.89624672599824
1.2992242725090868
24415955972183046e-31
26.30990904060773
17.541068196054322
2.027781589081614
1025472879089549e-30
23.950354572818615
14.120991029843974
1.5145847842751299
2095395732408186e-30
27.483876015719606
20.892103804923575
2.7882321529332645
41353990419160865e-32
24.845179373956512
15.318227226716987
1.4998885829808095
4455187919215393e-31
26.314367794158226
20.173716994993807
2.3261031994418375
3740941076334535e-30
28.186914495496545
22.071500918291342
3.195473333142467
26926728074947094e-32
28.930048460278677
22.349530083711212
2.7969346510358326
473953885905792e-30
27.66183143975893
19.300780798227652
2.25718713508275
3231909275475403e-31
29.02642901649411
22.581385026794
2.1759087551297753
31397735888178213e-33
28.052984219939674
20.729355556358232
1.6673458302044672
5655198684374787e-32
28.734709544185044
24.74197255088752
3.680217831310164
3112177528811196e-33
29.121052609802327
26.01251799040955
4.138192799457453
5685282326371074e-32
30.690489417682752
28.159861000867664
7.859104506978308
2180086959593572e-32
32.19042200357161
30.53622364826689
13.650042858718217
15928961580586807e-32
29.64585102490425
26.922047108494827
7.103689345678127
4772686266543795e-32
28.082223137517925
25.92370768743694
8.400774083909686
17013815021365573e-32
26.54052116962104
23.74140498387553
5.70542134748704
31291615565590292e-31
27.51736015576609
23.773132283494455
6.7745512862402295
4865952891502568e-29
26.2362459617624
20.93010880691604
4.915768177179314
5243516562282821e-29
24.94723665493628
20.901272153101825
5.5643365204838995
247599869335178e-27
23.973827689875364
19.843257355046532
5.627174647067102
4291423064232634e-28
24.87966049451951
21.376993498672665
7.419963914672869
29977976447961837e-29
25.46750323204799
22.836061348915305
10.06461363698577
1334449383028704e-26
25.406379974718334
22.99373239600735
11.35952191091481
637629030577791e-26
23.731437521251195
20.791974307934137
8.873422705365016
7525698860449226e-27
24.501048419565556
21.987801655602713
9.436283059312933
4263506332823403e-27
24.068825668053783
21.608152608777146
9.144285570748815
3338652954290485e-27
24.410857874692233
22.062261886947542
10.202476093349413
3573661399458162e-28
23.93499320027788
21.335186929453837
7.921266303049378
14791128522013277e-29
24.879836585074134
22.32265035276578
7.48784716792358
15391370593458437e-29
24.940155637452126
22.325191276217794
6.280834531540215
5789179453595346e-28
23.36708297413604
19.833101846336586
5.606152540251938
8243615298115522e-29
24.283073842342294
20.5146865631064
5.1346321652680675
8869279798797885e-30
23.7252151869627
18.338031554372275
2.9542034441415317
4190681451701707e-30
24.267862594767276
19.473154523375353
3.564033798264945
3070548782397511e-29
25.068045755733138
22.595479037861068
7.3875815356872305
11373845523426864e-30
27.235438244093523
26.014867665473883
13.835603843533404
40144669964802837e-29
24.634353365891975
22.528975882551414
8.739840635041405
4449426315560093e-27
23.13992528773616
21.258620751978967
8.793772073504936
8109078602665514e-28
23.30933860563545
21.79010179190604
9.815322666222201
16221177236273933e-29
23.73786057330158
22.135015799196
8.373050876824358
4483068786538182e-30
25.3082803278445
23.445330012013926
7.395240944172279
14044712439771535e-30
24.638940575497102
22.923072466090698
6.622043058060174
8905322048709996e-30
26.73499713113669
25.23612779817093
8.70328496203462
14816383373259993e-30
27.55918925609554
26.620324689766992
12.308093969128098
3761375629804e-26
27.270142750442528
26.051118738731798
10.696494603819021
8777606123336357e-28
26.560366350898512
25.719747729191464
11.12918907142378
5371518065071794e-27
27.04251922713659
26.064366974978952
12.50924143772181
16610956853735868e-28
28.681103542009428
27.1644958516327
12.071087279094828
8690274590001288e-27
26.24570714426135
25.326350101730583
13.31609199177911
8095578099119571e-27
24.812516562539862
24.10203971772517
12.052345196412801
5313152523542269e-27
25.33403323359176
24.629855032829393
13.609414449542998
13863205097765706e-27
26.31026025299283
25.565262140495246
13.414073252989356
8464651158766958e-27
26.36680492295998
25.784589132025935
15.831424266910847
23570712069611086e-28
26.192485502391833
25.519572393114125
16.674214434272344
7208362391285784e-28
26.88140310006103
26.079587987942343
15.444050079421192
24894975707691137e-30
28.362761824261522
27.66179310905965
16.546797512586785
11425794793477747e-30
31.285656729486917
30.738869032399005
20.181126490988888
5581811188158385e-30
30.770514636074193
29.97771689212414
17.364872017085812
11727237156396882e-30
27.123976011921886
24.683521568382634
6.995739699878552
42176479222381896e-30
28.942578550962445
27.413660701860614
10.870493635988911
22007469051179822e-30
29.320945695097784
28.450253031208334
14.952059945558899
899987084987021e-29
29.605020935323605
29.058303372283696
19.899467443970188
10341149708111431e-31
29.627306122667324
29.19184871061803
20.84010050413033
22299077707576733e-31
27.504947129994335
26.929382642291344
18.61233621535814
2106097851437756e-30
27.751595800208346
27.310952364661954
20.847986020687745
6520606321368362e-31
26.78466675167072
26.273420621227732
19.566200220789646
6678499132439287e-31
26.830451884179833
26.36056741814274
19.66194796325289
2428372538757929e-30
26.623986247492688
26.094899910472186
18.860614188421877
14016703256501645e-31
28.730725003753783
27.73216429646995
14.021174533810063
10448295044022491e-32
29.551912249090865
27.84160271778378
7.926940773774032
30937923898783624e-32
30.546778842241036
28.778554751860202
8.230054483924343
46064695663607496e-33
26.796649956746617
25.81103325288982
9.391835587534038
40670448879301393e-32
26.949052010837086
25.902825253328587
9.783592394265186
4117422565177553e-31
28.104362478856736
27.28514235272551
14.385917489987856
7815243442695015e-31
27.871392915778003
27.289592393492395
18.21424395852126
128281598232345e-31
28.449779409577207
27.81267298620081
15.533030069697231
28035879552096646e-33
28.012308252900013
27.389827008546472
15.0823020072383
2291689910684736e-32
29.565011346464185
28.947235534352306
16.912433629731318
26185781123511277e-33
28.249173288601675
27.369626922525814
12.03859935676348
10975974010423338e-32
27.49603644953478
26.680042907741026
11.828974192801972
15701653257140522e-32
27.999383563519107
27.1156204970374
11.63939304292994
7053429924607461e-32
26.952897408082386
25.801124624628528
8.045321023140941
35092177416812235e-33
26.574601118832575
25.55628554770643
9.05895194517285
14674017754599474e-33
26.263447256197686
25.42428967733124
9.841527248431179
20666012854434588e-32
25.72045255894403
23.63158420750596
4.761542596173345
5162279749405634e-31
26.56431250987098
25.495496470691258
9.273001682046369
14203129812594986e-32
26.643436144725644
25.19674820755334
7.100236633383062
34481647771976376e-33
28.317675147212427
27.265904230286612
9.578102552908845
31645371384678656e-33
32.025825867140995
30.992993912659223
12.31190627213504
5795964829594712e-32
31.326531867221433
30.694939345565384
16.54725098304185
30376353091740734e-33
31.528887852758857
30.644867271471632
13.375078056662485
24041753603902588e-33
32.49917776461644
31.815835214988446
18.201657358794865
9516036479549604e-34
34.01705438241851
33.370628657599035
17.62381150523595
31767164979767484e-34
35.127399453776896
34.71662727067042
24.636657329487864
11633675596949399e-34
32.74505617566658
32.36606542825782
21.962853131275118
25064603446721373e-34
30.915940733572178
30.590177692294596
22.31231728038761
14905018636411234e-34
30.484994423408466
30.110188245458467
19.92620323554652
10303811529465233e-32
27.47765247500683
26.741430606109073
12.618494495143855
2199712155877841e-31
26.126720552201
25.512270853598594
14.070581594829761
1585700296220174e-31
27.60178808498168
26.7218204892954
11.839656955489842
15462287540157797e-33
27.644659812252698
26.348766866438538
8.716576542155183
4832411525672671e-31
28.04693192912463
26.906145808309933
10.31529998712821
36740988737867296e-33
27.868249034003444
25.979015279786264
5.700172420847684
22796605191118348e-33
28.700314398439268
26.89830803484715
6.197174593085641
1445413675388652e-31
30.18257963092182
28.244123036443085
7.800224804139326
12928446979212204e-31
30.347532597429677
28.110756423282652
7.828785564752484
16760091937811856e-31
30.378392927243347
28.349358402357904
10.036272355760227
766760854005759e-30
29.74261385242199
28.389298749484187
10.332828013310072
24070557583067472e-31
30.990643520681974
29.615138775409488
11.62806558711271
1031779217527068e-30
31.99289965864036
29.449394591564015
8.037978598491
11864836027822253e-30
32.36295341239664
30.238440298499953
10.36950712126
7237532897285702e-30
34.55551614011018
32.175913990463044
11.094262000608571
40868188234910956e-30
32.312202161670065
29.317786392230126
8.538842128116967
10073904722578317e-28
33.339354799185685
30.770258179440123
11.841754328512613
34075349213788635e-28
34.856164204490256
31.462975678061934
12.856245750831999
4278490109294764e-27
33.05686033674249
27.164935665618444
9.91712296146659
5272589423161673e-27
37.53842231985089
33.725571400806466
13.980083478584913
17819886646955048e-28
34.825203443649684
29.88961572259096
9.264640390149564
5295674391883035e-27
33.166003473983466
29.34554242297861
10.072244030693621
8486597917634287e-27
33.023090882288415
29.780915277098064
11.637950757479773
5087930616582302e-26
35.57724985519145
33.341960672455
18.455046240515415
7094709637880577e-27
33.416174136552605
32.029646051991
18.584818774938537
3911318677279654e-27
31.728699531305683
29.80703513031969
15.19060088699865
17598573680856795e-28
32.95151309097978
31.32623234096302
16.63609968028742
5889403550169e-25
32.937627421577176
30.798095015196324
14.546727552543
9955428063045308e-29
33.23294322716985
30.981410308809696
13.131786798381064
4802101516004594e-29
31.82617414357684
29.538450148042728
11.04874216290522
41896270628086956e-30
29.763570715753605
28.76681431033469
15.29080259102609
3304253357606182e-29
30.786227128201304
28.834876503677638
12.333617639721101
2579763250037611e-30
32.26536685547203
30.044564626985082
12.243126547301706
12610678440274881e-31
31.59529470971726
29.886350201445055
12.49637297538718
13510092647829413e-31
28.95112820429479
27.90126495016226
14.189349346537949
5793312714400814e-30
28.076233590316214
27.253685516013082
15.162451896786344
3819457972493702e-29
27.623231830099687
27.013173319528676
17.67879807420079
15366374596934397e-29
26.79295223449738
25.52078140234763
12.324465981082152
2665971856054401e-28
25.630786654989468
24.367086778685124
12.274144098629144
22955999646718727e-29
23.853195338095645
22.9636740382744
12.067106475094034
115512066225678e-27
24.081842355721562
23.615851260288476
16.128090709367623
18857850348508626e-28
26.03207669364774
24.92445756521139
12.981232435252457
12945366327395349e-30
26.069436732372143
24.15731911015895
7.878508955784645
533211886367753e-29
24.483331089096534
19.346824118787666
3.4286118598729542
30940629752788713e-32
24.583225759474132
22.355671421636263
5.61235599222861
2932229155431678e-29
24.656675437840672
21.071744995263863
4.963463543289365
32729052541618293e-29
24.325079710121777
20.851342280141644
5.579980602609502
309490874992193e-28
26.901202342067194
22.686211866882815
5.191483126430998
8370588625013382e-28
25.2999207682232
21.62704794840005
5.804296049774318
3744561500061959e-28
15.599237401224183
7.920994893462137
.9933768416943756
15603682520912586e-29
17.080761003387455
9.064198030300203
1.0487374490328416
5975635555296569e-30
18.58840454184403
7.930390849724311
.785692830531092
3174301661935571e-28
16.13352368243085
8.428327811517095
1.0478118823904932
4260282125559186e-29
16.94202315801774
7.131892196691569
.727231355416538
5555697414437249e-28
16.865668543231006
10.048940411071516
1.398637839494939
24680721035760294e-28
15.990125367757422
8.785965818338687
1.4442104879188093
15273475844939965e-28
16.02572246020378
8.295197167480469
1.3235181175541886
29865781514509177e-28
20.401751301987026
13.883859216467325
2.589259963952466
24972615710021686e-28
19.04312305955114
12.051959567178844
1.9376027525765653
10979125730481968e-29
21.40355643747058
14.88302361870458
2.16590538862968
28748811657436953e-28
22.153855663790655
16.708597699447296
3.240211554225471
4547902712758724e-28
20.78579538802821
14.960431860345949
2.2293006245352127
5653100285155424e-27
27.675172194996932
27.323936685270887
22.079266783604545
12768044413820498e-27
27.72325148490443
27.195971881996392
20.82606453509195
1009223407064145e-26
25.655077600161547
24.365969275364872
13.066139298477614
17558093022405372e-27
26.86783936587237
25.414990980490447
13.194460522051415
10673009091959684e-27
24.9702428536435
22.226276673665993
7.981653471876414
14509146789608966e-27
25.86432771442235
23.31889445828542
9.226578617992207
27852549824043896e-27
29.320235189401107
28.161513601591288
16.97408283607653
9032989253951649e-27
29.48033786928753
28.276634365761705
14.337357052942131
20740476317065448e-27
28.45179484361326
27.418663368610147
16.52169058200094
8693208620696883e-27
28.545450961029594
27.645169002067824
17.05997228591798
5767039509891874e-27
26.973853437496654
26.23174248916519
16.93133992958413
2623919544802755e-27
29.02088364039736
27.309132535922046
11.81875417584993
7784118332850596e-27
31.497858615461375
29.63864683653203
13.726177571234043
923401017949739e-26
29.254739756833246
27.923480065171645
15.069078709577873
5572198390450545e-27
26.66355675812138
25.402612122319645
13.823249096514658
33680900093281833e-28
28.902807444614304
27.870984596299746
16.308152836336458
1337755760566217e-27
29.67409230192017
28.752509354988803
17.833678668170123
4666160864505807e-26
29.143509945605427
27.60960746042197
15.228093301062415
22535412475815658e-27
29.980575446632486
28.52440054345507
14.971358811608049
4286229462504202e-26
31.771398064144883
30.951656616778937
21.65346182111056
314933410774901e-26
31.026304834043373
30.445154672756907
21.275094219904755
2822652072430685e-26
34.64408335293485
33.58941096024049
23.356953688295437
397758734516497e-25
33.04688911540516
31.695447304824263
20.803874214234703
4079449513335655e-26
35.37892549117169
34.41334001783606
24.082926119488086
4444508332134945e-26
37.391124294168044
36.60995690273147
26.7184046794527
35335331918898066e-27
35.17002184377212
34.11550116219367
23.1662644038022
11590326592994525e-27
32.65114310591169
30.96390887769701
15.293716925802219
1003722726469974e-26
33.63962707958479
32.02913211266126
17.362980918773307
191952797500545e-25
31.996540546068637
29.070409212179875
11.652441588022953
35172406499231878e-28
34.669606418914086
31.9805605626053
13.118717276784155
7934704267703586e-28
32.18047171518902
28.052043548950195
8.283559646996506
14374275115357515e-27
31.730246874265905
26.69432743255161
8.266613740713836
5792198081047027e-27
33.81264434573602
30.448821559970934
11.809761594264833
3660100371974613e-26
31.90078632289186
29.285299734237114
15.951263581633379
3183140819015621e-26
33.23399759479665
31.490777314861294
19.369758053365132
1954592600494399e-26
28.866027816556542
26.435565321459418
13.371909207099913
13433876281441081e-27
27.114303598720284
23.514937142063236
7.70312027645151
3894053329782983e-27
26.962342284034477
24.38361103454355
9.923292162008188
18084861017288203e-27
26.34764400874845
24.048833065088633
9.704693240276715
8035687245466198e-27
25.77700087607771
23.89407706253646
10.98382584193699
10950386159869106e-27
25.22185138469139
23.212258908465945
8.685798571759083
1740856293968463e-26
25.843594825028497
24.319339057125216
12.014831598835181
13207131760325273e-27
26.39839725329597
25.053847712933695
13.740990959524646
45317317028701785e-28
25.817134120448266
23.965033148793808
10.196895378284829
16771311874489644e-28
25.708257688485574
22.544219616643566
7.404935187758886
1203411345063804e-28
26.445710185242632
23.388560442216782
6.515456942338396
9902344118823703e-29
28.70995535685793
25.877422603455802
8.2530497439594
26951611004638533e-29
29.597426624052957
26.811141869452285
8.865271302115541
5944354205841481e-28
27.462277073756898
25.29668977020934
10.00418858621229
25826918129931164e-28
28.49727815501502
27.156056996979633
15.251547474237235
25137093128619257e-28
29.221689096397196
27.6689858877469
15.430051044023934
7447605033562919e-28
30.20507780233344
28.657153267551077
14.8640002874746
17966330925034294e-29
27.684259841113562
27.08964000573768
20.75058909023286
1585931498994e-25
27.14411498217476
25.83570220066801
13.911938020588549
3852201591288703e-28
28.57365388697523
26.59277521110767
11.440777926618367
1724384515150726e-29
30.769853983119262
29.25227338864169
12.800425514914295
14117821113241209e-30
27.639468098036666
26.01732430547387
9.079494727817726
669518680136755e-27
27.81905800084232
26.71991632854416
14.388133148572777
3639833928093722e-28
26.683924970809404
25.440237078590854
11.418712231827724
6671217158149604e-28
28.529433275384978
26.36198008768332
8.086341303299834
10450732819048768e-28
26.768521046935245
24.874995487220268
8.747443735386254
4411889138490592e-28
28.329720967677673
27.140542284403562
13.637577118150013
16997930298554596e-28
29.383059992107707
28.18011177692759
14.835117152996277
22385554624148443e-28
31.209311708363966
29.497746420219844
12.639582621193936
6489101174763513e-27
30.026729434462634
27.898126473104938
10.60856135155427
17667503417071098e-28
29.68101379007931
27.10183159411399
7.927768737343503
16603161953067769e-28
28.5062995050461
26.166462559709696
7.734329808997894
10306869472913488e-28
29.99178746460188
28.007534956630675
9.053124377780357
6601130860780491e-27
30.797073305491622
29.603245213148355
16.033291495617586
20529627933550615e-27
32.56430219426899
31.302840807555317
17.835224387620876
24373568321167136e-28
32.61635989534218
31.4119580107525
17.648446302862745
5020678054630302e-28
33.259387163586545
31.404557400148164
13.495673196110483
10768797647035042e-29
35.345658063517156
33.76805910515075
15.842871622482585
5983264323795765e-28
38.6920926490832
37.053347120811495
19.124067167774157
16562877298047506e-28
36.747809092528556
35.60061701606863
21.492060912467362
3500562959403238e-27
33.30835139572396
32.03845990747046
17.894330488724965
7700933198698413e-28
35.80001329761982
35.1568816108286
24.100065814137476
2005883916308741e-27
35.03845368539448
34.52660906257665
24.490985553318986
2426192010398665e-27
34.932731124739746
34.36020326513575
24.3495585551209
10242701153059673e-29
37.15795256074437
36.43824254963364
24.964927880564673
32032972837539484e-30
35.03928920705483
34.44133038457407
23.05133155059317
22562539033665883e-30
36.689735375828434
36.30872502407869
28.48639915088636
7415868310104868e-29
34.100566707657045
33.76999733746749
26.885887950226568
9893094374480999e-30
31.85408095091202
31.501051346269076
23.850059701360568
2642759916176522e-28
32.27650401887008
31.769179051285928
21.50798775483935
10541944726504356e-29
30.150143443303286
29.673486268879373
20.41962815586382
2691851598966172e-29
31.477392395285786
31.098124277551403
23.38645463953808
9039037156143783e-30
32.1686489672375
31.678109558619106
20.713230051714532
6304655835020006e-31
32.355170171996015
31.8172893522976
17.247152925531573
699620119538707e-31
30.485665528063144
30.13624597600304
20.578840450895232
4472892517841892e-33
27.961422328066703
27.33218834395977
9.888976402327978
4412113946045794e-34
25.643267898187943
25.29753763327146
13.491984293767912
4092273892388768e-35
25.07514838386447
24.751553676748706
11.36760714521221
11385323612978941e-37
25.359757158381466
25.135908840856015
12.747485890403276
6130034549579422e-36
25.16608763604072
24.77959039880093
6.633015970475895
17112499899303142e-37
26.117701764801147
25.90505622287493
12.937462291453002
14053501942616058e-37
24.993277073874967
24.77552895802775
10.74432065612349
4089495425069405e-36
26.84386525322781
26.55444958523823
11.405016461757517
13761281632944945e-36
27.39673591422899
26.84543104042077
6.494465404481373
3322074699460625e-36
27.879966123727606
27.453715221794567
7.8016546654211965
15554659558125946e-36
29.777201053833817
29.406142161046134
14.463453947202304
25855444423260176e-36
29.970478467659206
29.6841244735485
17.720515598882386
10271412667250152e-34
28.07003357407876
27.685404627183683
14.618585236610686
453315724294954e-34
28.25300691285928
27.635343349275654
7.044532842001967
7600536168010411e-35
28.140503547362393
27.22315771914946
6.044820127106251
3475174625250274e-35
29.15431914447006
28.168212437782163
5.475418038687931
12345799920535652e-34
28.055816800084017
26.219021798540947
5.53985356632027
4820712495017479e-34
28.384730976191825
25.123701261872665
4.416220329659386
5721214621704343e-35
29.4056154766598
28.009362742678256
4.888911997704459
8212226586991424e-33
25.54706406505783
23.865802538331806
5.444046254917473
5888679504395883e-32
26.283641804387724
25.314384951227375
8.938311245602396
5979357878554755e-31
24.192461117537743
22.998812108244078
8.789648852785824
7666059171617711e-32
23.731702444411685
20.550261245348914
3.714191009260257
19448414822463004e-31
24.385613030886738
22.803031318576316
6.527459468613424
3038351011443723e-32
24.691629389189302
23.27093672395831
3.647111455945012
1444903215098219e-31
24.239394583974686
23.74743882752866
9.631618876574143
3622660154902789e-31
26.38209580637547
26.048842611528194
16.785485808510582
6850242771475971e-32
26.14609466430405
24.81314381490996
9.663863699955256
27159539354965354e-32
26.440045993972788
26.128197046299217
16.391113894596888
4524776317619727e-31
25.1058187340735
24.80867795989752
15.355560582822214
6500142300792578e-31
27.6303599714401
27.187908742831546
14.247077803707766
27710802116594193e-32
29.151461480246038
28.75193921840901
16.562780465240486
6073164361453726e-32
29.088429238279222
28.742645344290217
17.148521099049223
14488377870482554e-34
30.056228103191756
29.72229345920505
16.741898061219054
7520883777625722e-35
28.346191689378212
27.89648858976489
11.693750870285035
1161875817388305e-33
27.101335177154123
26.655010620327513
12.712454300593953
12782014727789201e-34
26.6106450201186
26.154672185285754
12.154509667032803
29188123687695116e-34
26.292951383302753
25.867975863782917
12.952414775208757
16608578091774845e-34
25.617539059300807
25.13878515516573
12.2421856704109
34910019965276084e-35
25.36917670907742
24.76682670292804
9.287773451042504
10341211077006535e-33
26.24195673686843
25.556248077154248
10.30234335526962
15943122561221073e-32
26.085327944497653
25.23633380969006
9.263196489686983
11241302279393298e-31
27.469318323693088
26.80643909900514
14.630526505594988
1775512605965899e-30
25.741556552054483
24.51390348273738
8.116873347741667
16530552815821258e-31
25.807996225497426
25.061667961103613
11.428439469128906
31071984343852914e-32
27.081029569599853
26.575297278707215
14.913866005333714
28379018521869854e-31
27.14626044955981
26.553574199107505
14.248932803218592
32215401492183005e-30
26.29177486465231
25.52561695601543
12.554642608802574
20033871713638482e-30
25.15597446588839
24.175887498016152
9.933867810860681
13142924204614286e-29
28.350480783761366
27.58543618278482
15.870296866618178
15565325385090704e-29
25.61289169349615
24.810101585075195
13.458007439324005
8045635487622676e-28
27.69016916492511
26.18273644858087
10.008888122830497
5699675105008635e-27
27.287811854485998
24.326640736943073
6.982319573158397
1093911358019323e-26
26.600153094043595
23.444036595587143
6.855023073324354
9074784005471173e-27
25.32793067997957
21.444510156653998
5.6273636287830895
5578643663401673e-27
28.887448780037033
25.984173449998753
9.488451418581745
16434844988174219e-28
30.51824919182428
24.471033376245117
6.87220351081853
6471662510507168e-28
29.359842549809862
24.211427553848758
6.705171454678864
1878387236657574e-28
30.13394287811227
27.369196033391134
8.385278803731891
6999960402472573e-29
29.287603874184995
26.434901812200362
7.057252883321464
3733754061322831e-29
31.81657501523638
27.37556641539281
5.731717281856545
18662541329431958e-30
32.06110795213692
28.56805791081909
5.248851738216775
5610397455694287e-30
31.366388488689918
27.327719613632926
4.988689289843318
16472981330301334e-31
30.48741762945701
23.57102700519474
2.858402754283941
26308095924191594e-31
31.29716893123318
16.947555406612267
2.4060139073680644
17698777391087498e-31
32.77351454493649
16.27555232990132
2.135340260182823
27805123559352753e-31
32.98919797995805
12.935603515047125
2.2720974012261252
22983365214481743e-31
30.75399776116833
13.601081443221336
2.30903655751494
13937288712585868e-30
32.02650448277192
19.73301883492821
4.560918432438419
8199090407725426e-30
28.238121245526393
9.298535791744467
2.040878533271406
13217457585541897e-30
27.343623278517136
7.413638150297305
1.711255850282871
44561807634210775e-30
33.78325205365845
16.27160494506426
3.2696257207332082
11664804208857176e-29
34.36182074869213
23.226903088358576
5.678644255746074
13205232036383765e-30
34.594268062352874
24.045900669009644
4.971950366574191
11363639526483341e-30
34.2173024739674
23.834336504827977
4.947249014778017
1715267322536709e-28
31.73686385650531
20.049294389835783
4.900718116051173
6186331604482023e-29
30.722290492902783
19.775593057797806
3.7592311794860063
12674036393709145e-30
15.184900944601722
3.6315527852054914
.3355898082162945
6981819765496243e-30
15.666985599993382
4.064146787171987
.28173727231363854
8436729461816765e-31
10.020419281219036
1.041091315732384
.11099491171978029
15644796641869106e-31
13.921354061211805
2.335940237858795
.1816478704667972
5440396219159514e-30
12.574848177043785
2.4104372583391074
.18580867531073397
6539367564894881e-30
18.648293869952916
6.717600592828168
.3589258908716432
40274848009593564e-30
18.857850824019593
7.917362782264192
.5146947218658887
17783993968967646e-30
18.825104634954453
8.632117757002996
.5366348724305569
21132222621181273e-29
20.99667087590906
9.882692075704824
.96972619372311
12368332009075388e-29
17.11645546362344
9.550374620084183
.6306272866547005
9078474148315924e-28
18.73076331052317
11.057760135548158
.8259516127342622
37832598045476845e-29
17.79730744038091
9.093666324085813
.6468729882728596
20724553335643433e-28
19.72456645552847
12.241534311367571
1.217573939772258
9095122282021348e-28
22.222946145373214
14.688628262882586
1.5802552607521725
235614372195243e-26
27.74701817210412
23.689528283313653
6.067064931543711
2180093954021121e-28
27.023151842060212
21.14261086332933
4.0739124963213635
3928452638309725e-29
26.854852179247974
15.828062261493825
2.5190538771674262
4180813663971962e-30
22.22571622502669
8.588668200011032
.6976237884153432
11649321743727136e-31
27.013950794391256
11.89504499778368
1.7144454983529667
24527960077588625e-32
26.901740256380673
12.004026659478471
1.4375496554096567
5441634321625212e-31
24.502367625475955
10.106906763226604
1.2574712930739917
1062368287854216e-31
21.33706558765324
5.493272927969444
.8389598300975166
69576284096039e-30
27.841887071874577
15.9531823874966
2.3361326377387455
22690406526674706e-32
27.79527509353301
20.42666783515136
3.9285654392158067
8473063252629167e-33
29.29794217155936
23.37937349565448
2.8850541672266816
8728946866651525e-32
27.47495853369329
22.28826220693233
2.9212291221577993
26192151599848624e-32
30.45224492816848
25.202240941253883
4.6113153223213095
13563892984982258e-31
31.385771852111915
20.66588179271265
3.476290380896329
9496661811226023e-31
34.653940016544695
20.018962432452593
2.9780423387250563
8155229867425565e-32
36.8473245196955
20.32172961554631
1.8738971133712305
201304388194168e-31
32.08968115567791
15.28383255207339
1.8347416126078464
25832069576900123e-32
34.89152653099108
20.216495540991147
2.90749209985702
2151804636579479e-32
37.02818593296319
23.522321082726123
3.115086901212193
5762912008197643e-33
33.412330673963616
15.261530107014941
1.9298453120850163
5154156284482307e-33
32.07593034411693
21.945024027171712
2.105192054364744
31791885306989233e-34
28.95269173616523
11.085230025263213
1.070529229809484
5060102898547166e-34
29.271856997473893
9.52065205945256
.830182930849494
3238105072549224e-35
29.925205469286634
13.254969418771703
.9276578614296137
572112721103885e-34
32.37218225035808
16.250041285813975
1.1151309278037154
20678751240121448e-36
30.704366875023386
12.498905296032575
.8536798114361357
16773319409976639e-35
26.973542677513507
6.898020049834893
.7254903629271853
5927499270203387e-34
28.225224652501556
12.409546580807762
1.303591095394831
232865390902109e-35
28.78115254731089
9.564091651665118
.7458501717575533
10390429069396714e-37
30.265500209697613
15.188613389321793
1.3152074005191605
10823051728008478e-37
29.72042316215558
15.687263651270209
2.0609367144430495
11491957776876067e-37
30.121522263745444
15.342477940585491
1.9627507903326686
10153080507810976e-37
30.889065401106503
15.080498230314154
1.6508759104331436
11862435930034428e-37
32.56758940339478
16.594159955185688
2.0263355645557812
9726951928193166e-37
30.237099148362983
9.219952388746263
1.467277132473363
8444615053370484e-35
26.778185982322476
11.988566106855892
2.17729751787079
26903973595759407e-34
25.984376151862765
10.00477008795295
2.4109710076551476
2358442440155408e-33
22.353830227129706
6.771047850521633
1.6398628184042197
18455216999355174e-34
23.14662026182081
7.731304138248661
1.6576219526317801
11574718874361359e-34
25.723299714608533
8.708302793936125
1.1279561370800626
8115195118892115e-33
23.69449069146416
6.116976035539987
.9710876663529171
6605072524642083e-32
24.740236009439798
8.314555604631826
1.4819156838702792
22583428896935567e-32
21.5077239369597
6.586471382689473
1.3036331120804285
6856161097762753e-30
22.59659378962882
8.928568143893164
2.1556341332313824
54871514359077404e-31
20.277395082779556
7.2119948270261345
1.869140756874111
2127245088547752e-30
19.00242093946512
5.62690267365434
1.334769924173396
713161604034564e-31
15.83658228048019
3.2054937984914718
.7009219167706928
1752110931493189e-31
21.411135028163585
8.103325486062623
1.6345384116316375
24009612133221898e-33
22.6351934638846
9.249513979780309
1.6098968345544327
39498838494534515e-33
23.255763728440456
9.866570957454906
2.05930349328539
8969272434696684e-33
25.611909158993655
15.290926001030194
3.2478858979222536
8688857028819938e-35
26.96271536621012
13.580054718811255
2.2826123578341884
5807466021877112e-35
26.512461021023174
14.639486608954691
2.2253317967016546
6147935336945242e-37
21.269758548546207
5.042353417024666
.6525433122215073
8677690676821297e-37
23.554131335936948
10.938883709939974
1.6358684523594311
7689567997089805e-37
23.25089936599393
8.385736155686164
1.326257625057198
9103407379784744e-37
23.421792634094036
8.724352424557209
1.6016152789031735
11787513353199734e-37
25.204799483828726
14.07256696716492
2.6451392987421944
13062455282946596e-37
26.61393997399508
15.929440901233898
3.1494527931497034
15377769508049614e-37
27.66971640134827
17.950192335464493
3.6795388655296684
27780080115480023e-37
26.198937192607936
16.07422927490981
3.506317716987135
15341948268200143e-37
27.24834063367813
18.64183280367879
4.578180217064124
7254299491930966e-36
25.90277176710332
15.820350705204516
3.134687228036756
7620332346318553e-37
26.392190823472394
15.577161333294036
1.8155858087453396
5932811333922192e-37
25.032983081754615
15.22029464499628
1.3109163301993911
20499086911470622e-36
26.731296784009444
15.38913493857919
1.7133469845699794
7133396032791738e-36
24.540516999666885
14.599429443632255
1.369028985361189
6424011061108532e-36
26.232199921481087
13.73359370433374
1.2512079053675127
4464235256346759e-35
25.53082756100012
15.08341932740647
1.4846997167891671
7033474171839559e-37
24.458326016677525
13.604839144252658
.788325635455177
21411836392312686e-37
25.45503462201131
11.351584012294188
.7739360822814229
7321796359855897e-37
24.589264616013494
8.79320863594205
.526474210103132
3924404097311882e-37
26.383426865451465
14.000675222494474
.7925348038525016
35852971690373316e-38
29.862120509605578
17.459692115005293
.773997164490086
34591622506608244e-36
30.369814290806783
15.47163319952273
.9544302908044474
59885575594115125e-37
32.80614723621687
17.24050431184158
.913264200657171
7371976248077032e-35
27.092212120416825
8.325851713366397
.4278849936797843
31769018126471082e-37
22.48963136716511
2.987799155592146
.22192112072770856
1695412710214273e-36
29.70763085501224
8.134720232062575
.3538222422242148
3543283069680463e-37
28.38446337117148
11.389896823183337
.37679859995397397
120582854705757e-36
25.77881902275893
2.660734188527074
.19368251429680852
10821457171970403e-38
20.659853931558406
1.541461261354767
.15053322397011248
27009407432359135e-38
21.280891908961255
1.7520636435217551
.15907818643556923
4412949748965917e-37
21.30239037297099
1.591262032898397
.12459454647798843
11193274737178698e-38
25.655718799625788
2.9254460892241805
.17514585069795238
1039229732740209e-37
25.910232142655385
4.257633000998768
.17355541013443482
8774391792507673e-38
26.5329007608954
2.944923999755597
.14345943105284192
14902923837036326e-38
27.437384745774338
5.316998125178976
.26391614173882055
45598359362914354e-36
27.083133351397386
14.529796311415637
.6576391516319104
3502177155706484e-36
25.228027080987815
17.089365314384548
.82077765911281
14997761380603002e-35
24.52722439397015
13.578961815363567
.7108354893475528
1099708695889116e-33
26.13982226686232
18.285042057012834
1.4055794310363716
7238283460584499e-33
27.01013997450849
20.03390806010848
2.553059930886895
