21.558121960896916
93.45167615906313
65.80466683359698
31.03148881223515
17.81182337161298
90.24335979867634
47.16421676853297
23.579023404863513
22.03132854606167
100.81990664248737
51.77243294989803
27.715256716828094
27.563351828171946
112.46218733285835
55.56140356472881
33.46236409718281
15.319030146288762
92.23794304159145
36.71409502780646
19.197643612436387
13.523594906217934
15.423494745079777
50.6201609606866
19.994797670834515
7.817475910973723
6.275676036625175
40.89769367881184
13.311956496734847
6.935048508623172
17.23383580393888
32.216880566693554
10.687038368833987
11.82000145334474
35.591109322438406
37.64054357043921
14.090750503640566
16.82000815853888
61.82893878823387
44.07120420393911
21.340004651891388
29.430013248426903
90.60546685028265
63.47854507161571
37.98906912242645
29.149581974287823
64.3637712663833
55.851753343068374
31.28562625061616
28.206067133126663
56.39786902765875
54.054318392653066
28.83566688508926
37.3125193055425
92.58313940047002
51.81758400585795
34.6914605562531
32.41263015671868
88.37188754849512
49.09323694221399
31.41681930112143
34.0823024965257
96.8755872473804
47.605682927192944
33.047645614628976
35.85938171127735
104.20573340161627
49.58482441842016
34.50433348590001
32.14012896355734
93.22105144621231
45.33545801764499
30.58303523154135
30.260068455352773
88.88835807267607
53.75622570900055
32.443304391866256
26.09181885573749
86.14188341974878
44.34570305627649
26.64710773997159
23.52244356150487
72.72920865832425
41.509017263494165
24.13539002992728
23.458658322212475
77.13760429106001
39.73954284572486
22.807144909712513
18.911146406433105
62.983812348590746
37.04794198129401
19.045163324199986
19.74363283339342
63.36999740057989
38.665114849853595
21.089237252595446
21.760558834201017
71.8416610389937
36.48248750447691
23.374293281675705
19.634349978454658
61.49415956682431
38.28236465450439
22.451952112330986
12.445622545607831
54.58561888187309
24.586257641824744
14.15635957661897
12.302389087532232
59.383744598987064
27.271049609560233
15.302538903547763
12.88878854901486
61.488547256817206
31.61868467415814
17.103271812238354
12.063253740374588
56.782245449732564
31.157064023193133
16.736342988471414
14.180667918794073
59.03934964153639
34.85654697899017
19.428495784195096
15.400580637800916
66.02760015302901
36.27553815602773
21.283820453761166
12.467246378958933
66.32738337483376
31.687025383581606
18.32382298351235
17.39575849364472
70.58565300176033
48.318310731717396
27.48936452695858
17.417406862582396
59.904597191656705
51.379861172495936
28.409136128127518
16.657167343002413
46.81103202943622
55.19128488827747
28.53652422744272
19.278135387697766
59.73567947916656
57.006336641587126
31.14879534747487
25.8898355988918
78.72239979831677
66.94401162921542
40.1881454152177
32.585450831766515
61.535180238137265
83.26379725098361
49.54145478667546
35.49474391754805
88.64540468198634
82.61543252565174
52.60769667278618
43.255368544471445
123.40608991923936
88.25018342730247
59.994703100693656
38.897282104385496
112.67403923294196
82.80981180146209
55.988067354285135
33.856276626358216
104.17718713921813
79.98910315298849
51.40080491169319
32.8529715950659
105.12364387543538
78.428573030269
51.3388562420435
25.52216610665948
97.62979026715807
69.07531160674712
42.31703023448647
25.117381653789714
101.4627196750303
62.25360476349287
39.31659839466356
26.139290626500006
104.42832822081652
62.92889352951558
40.267805915978514
24.561956921475655
101.04739153542643
59.860743452570794
38.30782331901498
17.12268795192848
83.08786306216687
45.348171007870356
27.96623977780829
15.467082735608919
77.57574013550493
45.02899179355238
26.60442527770558
20.933756102150216
83.4150835498434
47.47836675629826
31.30341454201071
22.4512567952105
85.93150395093902
51.10455277567423
34.76394572175074
23.24085236164134
89.39290258162163
57.61930848382913
36.44475085449273
23.37133723820018
86.75593499679182
60.92374328070356
36.92634144563494
27.07256746435862
96.26695972058239
66.84731900393446
42.27266395426286
25.065503602665952
90.75586814128609
67.52849224380341
42.573436634376414
29.65920946685822
96.42162223209142
69.53847144230036
44.70301397968393
24.022197164436847
75.41400019978886
63.560095295850445
39.4918213086315
30.266633352623234
83.94852819979353
67.57744794306178
43.247115657592296
38.626277600201774
91.83399840390118
80.09389803348817
51.176839413341796
43.24529903232192
112.92827411715817
85.01952434517418
55.91145228408863
37.98806017574818
113.04395334011429
81.18286315903632
51.434447951586165
31.706427051488397
109.16137502105893
72.83235737319893
45.03354194655579
33.713595452335035
100.53228522274408
74.00603908520232
46.37474537697076
28.620532406630172
93.42793066443605
64.31463848321255
40.782227843439564
31.44584222945926
93.80816870398448
72.2594933667383
45.35060211114397
31.047162169308226
96.49829779475591
74.27403173665265
45.5744411805818
34.81619246112554
106.11374264585442
85.77256525971409
51.76921374721194
35.7245461974646
107.92950074177463
80.59705203855387
48.01093420444052
33.107573703052815
99.01042443513944
77.01860303809791
47.547250383663204
33.5956190497003
94.63075934227471
76.02314884788213
47.985912878696745
27.754333148192135
85.39560559453435
68.70041033187336
41.77931953192144
26.382741859560213
75.63698868795778
69.03599501105857
42.08916988426856
29.58066076489817
87.63528414562167
79.0195713611539
47.24249575065794
18.153964747290278
68.95023870892915
66.92984908511903
36.011991744796475
20.75327999709626
61.065348087586486
69.13472893841133
38.42702811424756
22.261169874852428
62.783261565972396
68.37076156870451
38.98091927640017
20.855222671751555
67.21778266542671
62.375625554875796
36.13169826775154
22.108989659331186
72.35819894389532
66.32556012797649
38.918207954148315
23.87967703748323
69.12256305988895
78.24229949229913
44.84308112410285
24.603795006303567
75.97646665146851
75.67076293883811
43.15350711374985
27.297019799018337
73.67998816985154
82.06946272425017
48.40444090182644
21.855770433334325
55.698854594080814
76.53030781198385
43.29939843740005
20.76792724821047
59.99068100657215
72.65433255637411
42.19572097227197
20.266703896875676
75.51811644985129
65.54863831671699
37.72843893346701
20.708134945317102
83.08197725468821
67.79552326757592
38.487504764624816
13.304699926645368
69.71027478202282
55.39677610691146
28.025752577843118
10.94842649731018
68.50363334576558
50.8225807294021
24.329516372534687
7.754395330574103
66.0023989302061
41.520462773169115
17.90697679023074
8.767411175276067
66.26514463824739
43.276429359180774
19.56598571258181
7.409931720208732
58.73971110138982
43.70173341604401
17.81831859212082
6.561389995386917
58.455540220181604
39.68783447433592
15.490937562972354
7.242831602749382
65.77394165619809
39.67969873012763
15.680475251142855
10.856242874453658
70.8017270916624
53.954235532979524
22.77752257448794
7.735049769182931
47.660273388018844
51.44110372943902
18.68796525620932
6.9054965127978205
40.95022328375786
47.761617749784
17.44426210904974
8.649823810895322
49.464364198199846
51.53092042832513
20.918304637548605
12.78621380516712
55.521698416878706
67.3413902874905
30.25713339915973
12.649088569333781
57.38295221083866
65.41825266049936
27.78586472039502
18.638627741612154
81.37147366125728
76.2230683136445
34.89381155016967
21.28278501049166
80.31114890140289
89.74128941813825
40.12503563412331
23.696157616437517
95.85698393318343
89.75239045406512
41.19653243541784
19.10255260669515
83.7574485758556
78.17230188608305
35.18396305775037
18.30694939074206
73.6853663657002
80.75678645952719
34.759086093419846
15.857925074423187
59.98719343021792
76.91397644949942
31.851833630246215
18.695321151925814
75.66206733188227
85.0403999163093
36.171642036358215
21.733393787728726
86.95442443668408
86.85191155074213
39.17596671006901
22.528914186673372
87.90228098357898
87.12576761862265
39.534610324051876
20.291932561993832
75.31828701270065
81.09063855418144
35.428719812803756
20.508579902151627
83.04438524874368
74.54629217860139
33.84966344031566
20.887118577030904
95.25190428650325
68.39400918066914
32.76652433654906
12.57426988189174
69.27528429163316
54.83516749233956
23.228989216899823
15.160264758275567
79.2411378974635
55.46604204214917
25.69877769466432
11.4992965045715
69.63673658738497
47.06484822479957
21.375822502850358
13.989383400567547
75.71617097672693
50.85047666282244
25.311356889013236
23.534085120742507
97.87951444404237
69.9492449035346
37.88589180115683
21.548874573146037
95.50806486706507
62.21899973769373
34.164005559063796
17.886166520893703
88.18468440051532
51.8785017245526
27.743004690966995
14.596142539108847
80.7052631064359
47.504809438859894
23.55231291790701
13.924114258687519
82.28185063761282
49.262496606586346
24.17927292189094
21.069450919827503
93.98937090390935
49.44709049789252
29.466542012235983
23.269715876670126
98.9569187401092
51.924231843337886
31.628917361751817
22.942271728430214
98.82110843737748
52.903631763095625
31.13129920904317
21.47441357787509
97.76961679307622
57.4595346233852
30.863846627511492
18.965215345321226
92.08743681384132
55.07869629713223
28.397311712230803
19.915148195981285
95.04253796347865
58.551141600961515
30.501325632123365
23.611273643999024
99.08926594566982
64.36264793119848
34.8835447963453
26.54734407993148
108.16225787866082
68.18289716092032
38.327494807487284
24.971425027215687
105.4655809407258
75.16314201386623
39.88361643519743
26.935027499453025
109.04197292284327
75.91058530449094
42.48074704600181
26.62534742029023
104.95934304028724
78.39248345411468
42.91977182478815
23.579914807254614
100.79699995375495
64.4595362439625
36.74886378193141
24.5430019729839
107.57853104098744
62.68474413184391
35.97347927420584
17.868757252739844
94.86285330677428
58.096943660969686
29.872982774104106
15.466719107321195
89.67394994907413
51.51052060272656
25.87714823876875
8.54452819359712
71.48985630677332
44.7324635039515
18.488290157553458
12.489649300320389
79.58861649768268
41.52553337163494
20.86056319240743
13.667090482012965
84.55954999443365
45.14916442465733
22.615045278863917
11.40030932305902
79.03973830706724
45.3033086130032
19.74038840552292
14.397761576210948
85.67872586210365
55.75531383002224
24.745423500724883
19.933088455394596
94.2823602966384
66.27236054803281
32.33376787469716
21.622501642266965
97.9170692483996
69.8156040569058
34.97769737882975
16.396362220852275
91.58877638209493
59.402819081302546
27.305308543914624
22.281582723615514
111.27332536757294
61.30024760051134
32.869767718274666
14.173846337487294
92.03705317745862
55.332404377306595
24.792939081940364
11.540209951297646
86.01176959790719
48.32182828677594
21.206573514484607
7.343494201546235
66.31517640500302
47.875648779676176
15.555272527821108
7.789620050323392
72.33500993802735
39.39861104636317
14.845960219291657
7.71892403172852
66.16564126023877
38.85877677082096
14.599142839839581
7.595859813329242
69.24266730297686
35.38928891561077
13.511236897688926
6.410793462990531
63.7402280081489
33.66538156213123
12.355457327450043
8.039529841195808
69.48123380672914
36.47073796641601
15.229203581729227
9.347717448543523
75.0833926205408
36.6028747949591
16.837089372106192
6.958544839057964
64.19537703273437
25.84730486511762
12.147366844216183
6.167106243244127
65.18863588964048
24.66819910649104
10.340722519664386
5.581292758919357
58.948355304009866
32.83891929989574
11.578945655114111
7.348533059096122
67.15784232931958
38.96862507271588
15.214770263954419
9.551066398843027
73.72061078709247
46.429652852078256
19.164559480522
8.639493331346685
57.18587884445672
51.81542363972781
19.528332741870273
9.042624251147066
52.30912988337972
56.2943204953543
21.532619306182365
10.082548712973642
45.029101167980755
67.18594873616853
25.228639956101603
7.555624508526966
38.01843862731144
59.79813633407882
20.08585390127513
5.9423105721475675
36.92104085134118
58.407377038807354
16.595525110975828
5.575479218519668
36.717572782788466
60.21889671750529
16.2074186312819
5.358930410553489
16.482795848805456
64.2106764810924
16.936944635565926
3.8401752794659
12.979739998883137
49.31118773807984
10.884869672389202
4.681557669668945
21.322487272485628
52.52711368823697
11.936934349944634
7.582903978797162
33.84645297868567
65.01856692774909
20.029913418137387
7.880040087383785
20.472950181484446
66.88127215965231
19.614499381987788
7.2054192327778805
25.681066632790614
69.38839870156018
20.630943271303895
8.102625420358518
37.5850579496585
72.12939866728938
21.204913638144156
7.778665600262554
28.05928235779473
72.56889399291055
21.113151863736032
5.775143985289484
19.380918502391292
60.47172919302032
15.461983407097232
6.021170055408353
38.16993073625775
50.656491817259784
13.291079075073004
5.912211204600594
49.19206505455151
47.718046350272694
13.646327418178648
7.903350318064144
60.97967085732355
53.106175520043045
15.519689358114002
7.636188321912856
55.21503990104397
57.78906686288857
16.78298678020641
5.002408468966828
38.9573306841592
47.96526800659241
11.961590503316813
3.9554420318040058
38.64575635705937
40.97673682451656
9.375614129720937
5.416243936049625
38.88031766750033
52.023242626354545
14.621451971490476
5.8563910353286435
40.83505678590006
44.383069959500645
14.339870715572998
7.958896592197754
42.00993855160459
52.67827797607263
19.504896257173623
7.791481090381967
52.20828054085005
50.926611619370085
18.09044615784725
8.711495213345431
58.556823565115764
51.44493045373293
18.71630019647701
8.856852247472226
50.92614193956153
55.06770298595318
21.595882684335912
14.830601195588084
60.96923852372422
68.00058660483397
31.35285597408691
10.651781743176498
63.21463538875476
52.60607119285854
22.327387356518372
10.199283298781422
50.37741955549942
56.55895580835804
23.442234961493007
11.882064128720112
48.01844104178956
64.33915012987276
28.572754852158457
8.853943225728186
33.35023021017609
62.29729089713258
24.754149639048975
8.581705153100165
30.765919571482275
60.33535592325674
23.54440542733085
11.325244500705573
49.21880256159249
60.749759905458575
26.13920092760723
9.70677450140029
48.99890372022327
51.849285303149415
20.540787775361927
8.404192778884449
46.03395000706382
54.507789121648266
19.641953140489257
10.279107748314015
44.33510366044775
59.02164237194717
21.945692253045905
8.905862227657133
32.02031677622864
64.11087888660214
22.612774811084265
8.700766193517783
31.901882215157126
62.628953507336355
20.58392132144359
14.689268156132792
57.52709952502459
77.47261615756344
32.55571699959923
11.855648782552283
35.5538754541771
70.11316872953438
28.506322016327182
17.607734763426976
57.23892535451069
73.59713724282291
33.295526997693635
24.946206415835825
94.78974672353294
85.93459912052514
42.01911664025859
26.984956644683713
88.91719887473639
91.0345248777111
44.25329189210321
28.802802249782722
114.68865583863148
72.64352823158154
38.80612155149377
26.873978758829267
113.73497020414915
72.33797456700171
39.62273598227272
25.0273673172532
101.51417214102838
73.33504993573166
39.22286960006818
19.522584144805545
83.43581592209088
73.38686892170927
34.08015524257954
16.594292825545967
91.41096578223637
59.044683604279754
27.875035532171818
13.434900709524728
81.26408877668094
49.34221773652877
23.231852736998533
11.896368422269532
72.06153804296949
48.451506686401004
22.53476962430683
10.13607439994805
74.58667443852578
46.73607103674725
18.268912645079645
11.992705064494265
69.29823858016987
61.066456585710945
24.304788274135674
10.18885657778964
85.70019086261554
46.967403136782366
19.909271000056656
8.888868444073369
87.42795573700987
50.493646385842545
20.131383476772175
11.628099348401571
95.08991733238622
49.77327779398033
22.834772297248904
9.416686481420845
86.2320931188098
43.718103918037
19.56902962498875
13.922849102361004
95.1925858868997
49.96998042795188
25.468695440540127
19.770382769001497
101.72928973106754
59.75062302497912
31.493380264275384
17.510219788879244
97.66782654110007
49.892630575556524
26.711371971464864
25.15773987992663
107.06161661620676
70.7197093598131
37.867110033384094
27.713378962966694
110.48681868604044
73.88145673566413
41.13204061176816
28.695698037783696
120.61730663965088
69.58550818098246
41.20480110198702
28.40460842079328
130.20665386474602
65.82410315618323
39.684218308572625
38.63945721743304
145.85794926909875
77.38215038357342
51.37067931364872
36.957207808390486
141.06505593504818
75.62138041003449
50.03442592850762
41.732232521564725
144.82254169966504
77.34290915856683
53.43987694494145
42.887122486540136
153.65794281901557
88.43744724331692
56.87191327313501
31.859811074511118
131.0196640294615
82.75900316467839
47.57088383362561
34.60053369634925
129.81505241093342
94.11110600286918
54.17016938311225
34.03759154519031
137.9892583982441
82.8791421624453
50.08797465686098
32.69913184927931
136.52003169195305
87.00238241636649
48.78747850139854
40.95178934624609
158.28905854305196
99.695568571686
59.54268087806416
29.61187514013359
134.32609092089757
81.4985431834985
46.56419728327323
38.06334915972077
151.5705189015708
93.27008678324863
57.08086166502294
36.866337505157304
147.79720999910558
86.0703456874572
53.60636267533386
33.00020810655357
139.4407932952788
77.64730791218555
47.459954810861056
32.363358308606124
132.2767695368898
71.86497061591025
46.11347979915664
37.09533160144322
139.28389185358
74.64259374955994
50.40003299556031
31.85854914977484
125.70050306439362
65.18845905891995
43.24224673868999
30.845164430997293
120.90141664812926
61.421965649734666
41.56563869290351
29.527116592114126
118.00198190970731
58.411278537063
39.43977716671198
32.275589954966435
130.29631164443072
65.68228422101039
42.57455713765174
32.712004844987625
130.50664917053828
70.09358786817114
44.9568213459444
34.717206063355
133.32762035661767
70.40507822067127
46.01204750920316
33.624332626817626
127.51090845198974
65.55978588423334
43.47127151169529
30.385614950607362
118.61909171170497
59.93867612011846
39.71055669980823
31.558689542851603
119.9062800702566
61.426017319300925
41.69714726467348
36.10005592369485
133.08841769642774
68.21061496929038
45.88996394353343
36.406129810150155
136.87797504253157
72.8288772649883
46.676890315605036
47.65471538941231
157.43070492722407
81.20919192381588
56.99719075785861
40.228887753570625
136.7297754044429
79.7049338465355
54.12438732498266
30.18334424637076
120.25204421012347
65.80121730856905
42.21900550720639
33.69970579285652
122.60969742562199
67.00330076118168
44.98870383811931
37.264510407054914
132.92684183728414
73.8418203000315
49.312325930567035
38.096390658856905
137.68769467465302
78.38447460514331
52.16209502815548
37.188192556134034
134.98798481402096
78.75264759376822
52.167805211466955
34.85575974592435
133.12401138255296
81.61648547223592
51.6658482891986
38.592617770564914
135.00658316725412
87.56625594112292
55.999810486163305
36.83193818318669
130.56343955698122
87.65238521664963
54.96846180368647
44.36659424044451
148.48503699294034
102.04508157173913
63.13005106854223
41.98685533148632
142.68349646881762
100.95334055801129
63.050680820715314
46.82603859340285
147.11991491564694
106.94251993318144
67.73853164291394
53.44537923239875
162.63510269018286
107.33664230245779
72.75604898738378
32.168705625839024
131.30692852938563
80.8859246266903
48.9524448817284
30.96176902003076
133.55981273702673
75.47521233120632
46.80502552904501
27.279401519863843
140.3782719760975
80.01781545117342
45.08407707546955
28.785774958482452
147.66485623114028
79.87877460034703
46.28614749414555
19.678378615581124
132.604244229567
65.35464954045958
33.756785090863175
19.35765021263911
132.13790611009722
55.936304487089565
30.194426243299485
22.853309984321093
138.367780236696
63.97131962221676
35.39405101349507
25.542687517645494
136.89367422311716
67.4252797553098
38.553386490499584
25.775820106532656
134.5325975612284
66.85860966058763
38.84831153160535
26.997294103406492
122.34159784419694
58.47823292694224
36.99041795517981
24.94342180552672
128.82170359894764
59.620836065648426
35.55659657922401
16.600450240406435
111.22952019959834
47.55041627350836
26.38507275695284
13.312964245823721
96.92891188094173
39.73830993471142
21.295673597017235
13.710597410221073
103.90564308618728
44.3065536649208
23.00648385592495
11.991749495333037
104.61049445369375
43.14527236966444
21.15495380589415
14.815308182318772
105.39996002663506
45.39584537334288
24.370303711188445
18.51418909845555
110.19082198389285
49.22120641319702
27.626908790884748
13.465272467586718
105.82997050193235
48.138264961054716
22.487959540753362
14.412707823770447
116.30744652855297
56.15860228180293
24.753431885749436
11.086061211820402
107.73819601077203
49.33444410926169
19.11310535524887
10.71159701637402
111.26211602538406
46.835085576090215
18.337804956526412
8.577557923681093
99.99435921630568
60.44778614158325
19.13517899292563
4.597016117393534
83.40806244396636
50.68496950842298
12.191349688757501
3.808076328412898
74.05349224405731
52.574158718940545
10.313730267066878
3.947435068626858
72.86850026682166
63.010354209814416
13.34262051505987
5.2856035055357
70.48624255252366
62.674853213353416
14.929652893719648
7.898466074047389
80.28252367118665
67.34344064802252
16.655842287869927
5.285514103605522
78.39506714057126
49.48431774751592
10.663081514455323
6.4824496834359415
84.42546150693143
53.99534746828935
12.340895615627803
4.632555729319833
76.51571071226891
49.59924422573828
10.517543442095025
4.920906477162694
77.89335899045753
46.508383690680844
10.325673692346987
3.8361806058066503
60.76795468994918
58.994378227112996
10.316672827027856
3.2716328377404156
55.1035514292316
55.29895146607835
8.8319712269983
3.212734009513329
35.89253625655897
59.283354900431405
9.521349379951626
3.1242946720349036
39.932118253267845
52.70315278529427
7.929769864631487
2.3615692484333963
33.40143411482474
45.65496633293238
6.109562280114961
2.551271413375196
43.14705239020817
32.380595469741266
4.554081303915575
3.177072211941538
31.372775800332764
39.9895921440342
6.108276014732222
3.3956787245784694
46.09830930254817
36.36725191766489
6.246501229826609
3.6834975976796414
48.02792896736319
35.814113717267865
6.771511124336115
4.59621852525947
70.82307150486577
31.142227195208083
6.4237891132938
4.283351678431981
60.01311190039063
35.96035988062497
6.67168203532395
4.573355547105675
62.25434507081467
45.950035853285655
8.322158773976561
6.803970158164319
70.87539229965004
54.90852745559227
11.267128455489196
8.552353015524577
62.706764241515536
69.00523270654217
15.000558685037914
9.091124704721864
37.25197232502306
93.6191289125239
22.848603195566255
7.912903975205922
33.516682139562796
98.58299667607545
23.924763346596475
6.100969112353578
13.330780520420403
93.08741264618136
18.266549904368624
6.320481062619663
7.409856576343734
90.67310166961178
18.184169109190304
7.000542956042834
6.504780875165574
99.09312840354389
19.170285433223246
12.197102377880325
17.784275574664647
112.21946172390525
29.019187269160266
15.056938493597562
34.73484270995905
115.68628377384198
33.30467516486556
16.603748224144038
26.769587180650017
118.88712840642127
38.097114851583676
7.91216429170318
12.749544098295322
93.99812613368128
22.31003715040708
9.307951463382029
5.933263883178381
96.89460761930562
25.722802856723888
9.389143534666804
11.007684198505608
91.00013974108056
22.4441900386252
11.148945770083785
11.510086636931165
96.01135563549717
27.251767177708434
9.555004614979051
41.08614791267284
81.83669007724039
22.344335016482624
7.474289934041
25.619022733670995
67.87980550979924
17.13124002847348
5.071525857796822
51.48577323558638
50.46236323152222
12.145787182685773
4.483873952315171
60.29412609938075
38.537772926563015
9.500970886904987
3.8033854520084582
35.57412773886386
39.65952735619693
7.4237974129062
3.451239910208148
18.77365710230701
45.29563271274443
7.254025132061747
3.3047964709091455
7.141721491915838
46.382424556445045
6.326975747153736
5.051210446252855
19.185114717275844
56.68928122434706
10.981924275219443
5.183792102873833
13.698230249540721
58.36163382271022
11.954801656527907
3.845512552506382
12.100600826819274
43.91573852176923
8.180393357123146
3.5544503691547247
5.6562048748061695
49.980662279287785
9.12285632738397
4.002281470649781
17.71489432728362
43.6723224102197
9.168363557921392
3.594770938396525
15.30475362487949
40.4782589753122
8.43633404143183
3.12706519569679
25.23318286133221
37.271825347959044
7.238584220694563
3.4659294113048063
35.26393927792806
34.63733358433343
7.344028927979234
2.758902681899875
47.209644950307286
30.816976494274915
6.145171122952235
3.3392004942342157
53.729611162808816
31.58254103192636
7.77194620892828
4.240334051144418
48.552710570525214
41.72841872495356
11.368089795104122
4.644702244188448
64.3608289520362
38.0684193465836
10.879797834874326
4.407869685608529
56.89221919053995
39.21855047816736
10.006685239964247
3.26084908782177
35.568075033385334
40.786137812953164
10.02370742171685
3.179726906935105
22.44231662622781
43.533309099977515
10.29782748895876
3.3040983996647504
34.27995294135229
43.71203293186839
10.28245770337706
4.64136818975601
47.12681026944934
42.131395800284984
12.126574839857884
4.787933191362461
59.14579299970664
37.42483177127978
10.917507193062205
5.550388414006403
70.07982498540335
32.18181579236883
11.082976487891177
6.449461903317294
71.81682811286379
36.62178244814829
12.664559474511298
6.156256933173245
67.6949862977884
39.32539666140952
13.020218466756315
8.104249629002153
61.75045027022698
47.78994433202115
16.205196787148264
16.724999681452537
93.69799032781772
52.49533184361187
26.088673681458804
25.435732862050298
106.34639635375889
56.85889873926919
35.427989480758775
23.682435354033288
109.3671763913094
56.34315970826864
33.327347529371536
17.83190932476431
101.13030628553652
49.00274419574817
26.094034214078956
13.76237224725084
89.9267277705948
43.95622944602771
22.945711599350812
16.092928414120763
95.1239379926924
41.20424454970858
20.49147454255715
15.492572723558473
93.3300985743468
41.40550793617032
20.95015651061935
13.4052011620234
91.71332389399797
40.70022248719194
19.126972159773796
11.428058001079425
92.02876921723895
38.263334851677705
17.2389226627905
13.996798703316946
100.75588856941182
45.840418154186544
21.28208989544015
17.51391172327716
108.34434166729395
65.5936527769762
29.964611765295192
14.92097834557068
110.5191769159881
56.52670044604495
26.23613283435159
15.044980003576029
115.96556797108843
52.20838919248007
25.66687929784633
8.009630244928665
87.16064884195424
30.391793234293978
13.624755463404323
8.150669421321597
82.2417784771262
33.44422038345976
15.55446513679562
12.687140615529612
89.48536485479163
40.086353371685604
21.81393236563571
13.71037641465191
87.22651017767149
40.53125160664035
22.268903542972883
18.44726293205484
92.38217868727924
41.5947060767413
24.396895142962737
14.246646082961277
84.2882048457235
36.24636198926948
19.803131346480598
17.065135004045185
84.93353983449131
37.266085781039
21.209547958694813
17.054046556162238
85.29590402863597
36.139644558469385
19.03498406406681
19.6068997399326
88.97429864392872
37.505720036446874
20.626424413481537
15.773045216176806
85.88108171791423
33.81616086504884
16.883168628274994
10.973289429489206
77.51812508895294
27.680989396841884
12.357638860814944
8.882535204497849
86.49298752325186
28.360178203419284
10.952804262179063
6.379606639374194
82.43081460937624
24.990127446610682
9.154322761157106
5.56344031626145
66.83328147048303
17.17688374719994
6.805321611444044
4.99815253315295
66.06345679841431
15.210289870440498
5.50449272608154
6.016286666892096
63.53653560954072
15.950579678375552
6.196186396537413
5.579191677562384
67.36515685494386
18.50784152879522
6.949274657143774
5.296603568893826
65.8582578824972
16.806556764820286
5.996460657617799
6.880999933220681
79.14429199446738
24.19536377037616
7.716477945380769
6.768800209946726
75.77156690698367
21.14126403965613
7.137187595706395
4.952574664095126
66.73312537105595
18.29098036235625
5.533205591258835
4.691240526211686
61.02769347380878
19.968063173750654
5.227130635249376
5.540622817424127
60.50242868055677
18.02648681536931
5.958255133438199
8.78146022959637
67.96454585538248
22.330540785503025
8.168611906926559
9.033000610620206
65.75452066439075
21.490510231887704
7.4328624779006836
14.399056615896898
73.73898043995341
28.24112092682959
10.73648960277119
16.936811205423492
75.7889396617968
32.13409876756925
13.300682017067274
17.4968577981967
80.90303268371598
29.527957957292443
11.770801765508326
11.340129605693562
76.86766338613947
26.616046434005217
9.397573071869417
12.63488690956854
80.0126516778794
25.519843925831243
9.04091851104235
13.152738763694611
69.89171482047118
18.38780097016168
7.139520067504801
15.854932421771373
82.64359595770244
25.114852075305944
9.847110157332338
26.77852280464452
82.0790529244774
27.505688230489543
14.368173805358449
29.737228000194133
81.55055423677919
24.86994246012813
12.591281914437246
35.05061774034703
92.14560002246971
31.05408053702714
16.78538715995585
24.237724791301556
82.61383621389325
24.415152587484513
12.607052614173918
22.431814360036416
91.73562987878185
28.391432413284598
14.666643569329937
18.17579942821794
81.20950181435221
30.509320163421503
16.017696590488672
14.391786488935427
78.81792190133177
28.17604109574417
13.375898483717076
11.078701454798976
76.6037493341538
26.46071897830117
11.228635851159014
10.241629715869898
76.1533199679273
29.24425102541269
11.224124384193633
8.935898671224198
75.55819053329355
35.88728017505233
14.309348233425176
16.437562538675017
85.64929114445411
48.38993705195422
22.14468425620726
21.96942563260355
94.79388994975552
60.284939887742404
27.754345258194665
24.826570046104905
110.78685636434055
62.24383345249528
34.074460657053855
14.595997994546119
87.3821196249025
53.83269677108767
23.342560912295376
20.691850567094335
71.1880239590155
76.6812354905644
34.035991150948135
22.995708629453304
72.03102496365157
78.01250395142392
38.80343261846052
22.357576706255507
75.7739585327452
76.9550926427037
37.54147980420414
16.700738084651157
88.16030621820268
59.60257275976424
27.82637158022178
19.228185970794776
80.09190484359826
72.35543984068694
35.52762261286226
17.752663196437908
75.77794701471507
75.53386295122587
35.95982889503856
16.056471497723518
69.99834624991544
69.52983995286553
32.874348909894856
18.4931627917645
57.353744841546636
75.25019342078943
36.120916839728054
15.115241450317153
54.21264127637688
63.64371992838814
30.20492645684274
12.034952493358427
52.12577275468623
58.160783987737716
25.997757374714016
11.327678039665779
62.29800897318264
53.63419378590049
23.683122037991563
8.969960505897298
56.71922095778749
45.49503747848714
17.766695080062334
9.906410801111484
56.692248670380565
44.50163090427329
15.73417964204306
12.841594917791662
67.61072844442064
49.02223224257095
17.00771264432507
8.165392377265693
65.44833922685939
31.882995745252718
11.037344601458885
8.487261484702232
71.68857457766511
36.10207408090824
12.69988924181092
11.676924422363037
82.01055153180472
38.65855169350267
17.114245071324355
10.19328796857012
76.83460381911368
33.87235893987432
15.218735201067684
13.998048349444904
80.41910851207042
35.01006849040478
17.301839287368665
9.754219828567104
71.10623596245424
31.83032089657327
13.117962698437792
18.790810555212346
82.6307971645119
34.06183776390562
18.179624453285086
11.080178573467917
72.00911909894845
27.399928878575608
12.959672760907235
9.051820850983106
63.43940055288486
25.84714821051914
11.257243160474586
8.473087153690471
56.11472947396243
20.394899069085692
8.93255135128234
6.162723907148586
44.51218253730825
14.160645885819967
5.640617597588977
7.671467837018485
42.88135329119806
16.710196943314127
6.133824389427772
7.372574745656402
47.629303763642724
17.086741811813344
6.128116630432432
8.855663688568724
47.11698943382094
17.613923067826374
7.258659873338897
11.133683192682106
47.91362534849534
26.2157757785609
10.347027491167141
10.73428927973521
41.04068240504955
27.302792732520704
9.7668909386316
10.600236914608079
52.86321363616353
24.676821947474096
8.297545470657255
9.514563402711547
51.303354565506105
24.155118123558132
7.5917364473993105
6.794835984919854
28.805376706437045
20.002667102934346
5.985857833232034
7.669789065019681
14.969157736374116
23.475236828166985
6.61455608412522
6.276047672136794
33.396629788763164
15.659854293185283
5.231540224596204
9.293970857025819
38.28212499309687
17.992258260109924
6.021835649538818
9.693745673027278
44.142750944054725
16.716835730127436
5.87577796802906
7.078928367995157
36.603502830742464
14.241998214222418
4.870140567528493
6.667083611701028
35.53617365617081
14.1429464767587
4.7546437523241805
8.104054435512563
45.28261449448581
16.027792934145186
5.582655375610838
9.495601251896895
48.519860494481314
16.46122290061046
6.333904430100412
12.671971221881984
47.72543957994828
23.79747765960457
7.712912627699342
13.818100278884025
55.12514534376975
25.148553921353813
8.613476410219194
12.598315837012345
54.134244272659004
28.467612311359265
9.530981066456592
11.749076699124798
49.68603452900373
22.921781228942283
7.036726288200159
16.337492025956653
33.99121107662824
35.836688899739556
11.048786845829742
13.78409698224457
35.833662086677705
26.25704958241422
7.62979552214809
12.689948929556513
23.305276440486214
26.98865776389473
6.869397247356448
15.942566565315737
35.230712869216674
34.01280994493004
9.92469089597118
18.041442435637713
60.37810037133502
30.507264400598963
10.927313045860247
13.533450745792702
47.36975331255649
24.491742975445835
8.456299752746377
15.84799062439344
49.34872729077526
27.344802190020076
9.505978364613737
14.998788614144999
51.542227728338126
26.49000044642084
8.20178659187952
16.654171088058913
59.23357413738044
27.463990291666114
10.28595762631096
20.504548918496692
67.26636394933918
29.278525363893777
13.184796975199594
15.893744202434734
51.44006618666214
20.69713132505788
8.588874623827826
14.744233719704477
49.809987634192346
21.16481003828204
8.385493719097841
14.400446010859143
48.656571282798645
20.3532585707576
8.181377926409473
15.132453948042658
53.98857966231436
24.039518498652257
10.05420761624668
18.192079696371756
64.2335689360302
28.27208824031076
12.086009258282827
13.672210500663699
52.90543338711077
26.075568558142777
9.725029311340979
16.75446610310611
57.09707815971287
24.503288810257004
10.733259151057144
16.528370775144424
59.53244562669398
25.07357427736617
10.925008780247467
17.014637860801773
62.60325644310396
24.074760972325652
10.506752099712404
21.20145421254161
65.70755773430757
32.15012524240178
14.046943066509934
19.656114512539066
65.49523543263186
30.36633601373454
13.700050057094687
23.635976028705826
77.9865257477267
33.71600673712949
16.499767929879408
19.43718588646602
76.98227271489067
28.824790206328025
12.43587812082834
14.111864369881776
78.52263291581458
27.055481471309
11.787996058085493
10.312584956215664
75.8773244899228
25.55623137116336
9.695103080990952
12.405342264439405
79.0512373164551
23.18115727747589
9.774369052965925
10.86442695811412
74.94098938568703
23.25973953675931
9.132462808078607
15.396864354298982
73.35758103559625
23.503970854387163
10.457280330722531
16.12104078893377
65.53405536389803
21.1156718954592
10.277818361775159
10.985860548169047
61.13395005920742
18.720360328771044
8.475865985114115
10.78910666209889
57.58581460391562
17.498290587495863
7.902966819916216
15.850311938997368
73.01097720097138
24.206242640307522
11.521113963088654
13.124390033915857
78.92962281940974
29.722074391683083
13.322057476201921
14.834035562278917
86.06385349816482
33.08687121900759
14.73509388733704
11.77669646570008
90.5046581567989
38.03625476851822
15.91777849661207
15.22511970089094
102.04516700643394
41.87486446564394
19.655158652388483
8.48997566057976
84.98171032461217
26.58142862645111
11.641450553608548
8.76260720537102
80.88776622582529
23.633030339605224
11.107483622209957
16.128751750197452
95.9621944755183
38.16358692575087
20.534043319420704
16.72953496623521
85.18698699790534
32.40737750859769
19.788090257979338
25.051930694230027
97.39015193512044
40.41325397476627
27.417575027529637
29.303982870330927
111.20245722728075
47.149330474847794
32.58243101846593
31.707228854486033
112.49057225049737
49.67388892908639
35.016808125575736
34.39430634376108
126.18549175237092
58.37196481316226
39.43558721502217
29.989332361928877
123.8457077814514
55.98925275508902
35.62321214540978
32.37050270318076
126.9727039465786
61.802221806823496
39.51101972145661
28.46658571813812
122.45780363491295
57.04537066746984
35.16974021559073
30.469312096201502
130.23187825523925
62.73999629442641
38.593312975410576
19.527311588584382
107.16445395450998
47.203420563809736
26.145400662619014
17.305766392471465
105.29275697002879
46.04910776756959
23.84349439383786
14.305466115637802
99.76364877972226
49.68539505486019
21.06169552841611
24.310970809024603
115.26285621173334
72.63964156687126
33.71094294766503
26.331924409260605
118.07422387203705
72.29247286024498
34.81645739779282
30.390953601254004
130.79898044614356
76.0008450074946
38.230921799128026
18.736948609274098
99.92479110624079
54.44225916145125
24.79220413850945
14.15551445618888
80.37355593820256
51.05995066578601
19.28452474113824
12.505388812917323
88.33694544453638
39.54979147696706
15.989976938919238
22.360157202585622
90.7337424082238
66.33429834555366
28.794575674812727
16.088992976397744
67.34880013777983
58.78513975290491
22.005838705844283
15.573263801248624
77.71925169995214
58.314150790115015
20.961447909965795
13.95682644171686
65.80395276476857
53.38253160867936
19.92486897718415
13.046443000919648
48.31180083117205
59.67341560586475
20.355749159408923
16.149352803061404
23.119658595787783
79.59970166093093
26.25853193101604
22.410122422446317
10.683815592394373
92.9461306486468
34.80273012386934
23.52188295918936
12.428416318602098
108.90333834110298
36.745521928967435
18.00598745112334
4.495209066936321
94.76194077747385
29.4134659532663
22.57613414645798
13.90668952606453
107.28130545576954
36.045529791925205
15.642442427969975
15.6537076142092
84.9580163577343
25.047683108641277
28.36822230979574
68.3511576295798
92.55567242391218
39.3790137412586
21.416806400252582
63.16666900560393
80.2524604586423
30.761112338055877
19.161433232052424
66.31449991219783
78.98142281043953
28.1230772984034
9.92095810338328
30.10639711562882
65.1986499662408
17.473504432386267
8.02586384064636
23.26704655383653
58.56797077358502
15.670832949356575
12.916325044805374
47.5542810885392
65.71086211965523
22.437793444227374
14.398425915256686
53.119557001670444
76.87651835461908
25.6235271741784
17.753265534785243
38.93953567354738
93.22162375762281
32.765576040949384
13.412195940522736
58.77197589311145
77.66419818238695
24.30270189536031
10.253919150546793
64.48200453288513
64.9728722181689
20.32867839672864
16.816550091018918
87.45327920790992
76.78792940347122
28.418801426170983
13.834275028372721
67.04633074103477
78.87225778473098
26.983682764946398
13.862807129351136
69.15467995261736
85.42087268845845
29.890099769499436
19.031587524540704
43.863431780028755
113.22295028533615
39.34375030845999
21.338574291867744
46.026492100702626
105.94154638574338
37.91043964049367
24.700395087064557
79.97331152305753
106.51970072799386
38.351115637769624
17.49139103139655
90.49761956964204
77.25134037350779
27.746002491364877
10.165852055120276
100.26945131902036
59.473222861741036
18.461927257133674
11.17416779416354
109.4529569706581
58.41037043673343
19.367282332050642
11.54963276788881
122.07049894818287
51.48843374323733
18.97564882003242
12.56714898100671
113.39379302306325
61.29250170879034
22.136857034216565
7.104967757865087
109.17919119493219
45.87595554802489
12.427560315077104
5.857104839107971
96.26857948479346
44.958154138089455
10.722643606500153
4.689015475173642
94.21816802917164
39.62211277912187
8.137467667816741
3.9570005731338553
69.49893931713275
47.308371750749146
7.454062452959968
4.142939601446931
66.48718778038518
43.323703401835694
7.2270986071539
4.754530656342718
55.73569997032581
55.88580583048221
9.161450276674637
5.180564420026999
31.92821837586762
62.03200553316918
11.489112346996938
6.556296203983264
21.210077343644432
71.75749179911338
13.710859599032474
5.903333733054715
47.86876965643778
46.404699207955076
10.14160343640996
5.943708026234583
81.55781023953747
35.89521151214999
8.957731048766744
8.182543523362098
92.03344615888508
48.242032651030186
13.502491163563091
10.647857708509266
95.88822307247301
55.53071845766567
17.120816595023715
11.634238435386031
78.56901745861141
62.682388610847646
19.501863601607592
10.756451982178744
63.51915684594992
64.99770858471507
19.889774834615448
15.321706021949685
96.89711114233872
62.186502699789024
22.11329935548877
11.826522639797025
59.34694776063725
82.38799666755473
20.01542807328336
13.534448846805645
73.11069358121924
85.72151891567019
23.434402686056476
6.945329299668981
71.71905323588649
60.02711165927467
12.947450179808296
9.664911352049351
78.8997528500391
64.09623608357897
16.06689285434009
11.70018137484836
97.1134713636555
64.5671685658357
18.9040829074808
9.22793850910909
78.68938918654771
61.63520824774743
16.004770660932436
12.456882510526905
73.54357292328874
81.78756578183823
23.172455981222583
13.527563396100707
54.797645401167
88.9672281131064
23.94243464077173
9.786366660716466
45.21227706265665
84.1471725796977
18.803901085676383
10.772677733428063
41.57782695157375
91.68869641820008
20.52285175658565
9.72702217729149
31.736489313805848
87.3534146305659
19.178429932499053
5.302485369051028
48.7896965457782
59.77469234040006
10.872113831947697
4.2064354567111515
38.671514505793056
42.6977838075891
7.076677947578299
3.202483844030056
24.67388503113396
45.3001138443377
5.354059930173496
3.2089472685752614
15.319439597180788
47.00176898869011
5.88118957484782
2.435689475530218
4.856207142648013
46.24078651064398
4.621263009830044
2.6334983270719685
4.711272137679501
50.98778178138639
5.674174784805945
3.614730475687757
17.963836401898153
55.75733799223975
8.289323985363954
2.9427589690176785
17.769362387373672
51.91596415422364
6.817562264742812
5.4149824028718685
12.110940604397241
70.02729918055057
13.712792321341066
5.209680744549653
17.175662696796078
58.592768748290304
11.512953778178042
5.412356145196929
35.31970164956589
54.90099479458627
11.31089861784111
5.511672028056262
46.50147845282692
57.384679709199496
11.277007141400308
6.345362200050689
49.72167653091837
53.8378493198086
12.673646864408497
5.987822207432952
43.601350379322476
51.99000836308131
12.024407112427257
10.121206625130533
63.72933560576357
51.77556640931842
17.72684905514014
11.677219205607452
52.01306516236901
59.61387864222327
20.51467759055934
22.558789921381948
55.31528229295158
80.34832530386504
34.098900000565756
18.66827208538821
36.93975372134442
77.04798353692898
29.521340452005198
11.193721577101861
5.386970070873652
80.52628359298336
21.226471309133316
6.684264796735969
2.5110310386008936
61.32798591937958
14.130850220692984
6.734548867776193
4.30969682797001
59.68414919876483
15.649081699002345
7.114215255480288
2.5355169078816115
58.85197256863578
15.613400592539879
10.490295446920426
3.1703367343374405
62.601995089319914
20.18163837008655
10.644446234024171
1.6255950274386615
68.47388643015647
20.380718786083758
8.199042637863808
10.860104623856426
42.096147428977766
15.065377487594489
8.32608086237869
9.545936273672872
47.09904720547509
15.856014566448454
8.498367454511174
4.711913998024887
48.11209686217782
16.183399083231926
9.746431504696911
7.088669073279436
47.38777665703585
17.17927878834677
17.97655295912431
8.619359737143453
69.71093197498294
29.56703390539597
28.099579851901225
53.88859537475927
78.13353499185304
40.23405800246272
25.911471483278643
12.059257238542374
82.04446777099987
38.38142844778595
26.213755043320212
22.745235097894902
83.42962308774356
38.95202043026528
32.5704038867608
6.261944376089811
109.91852476720473
48.73507124243926
25.512779427627297
12.667228792020325
92.06068837745613
39.773844168808154
33.585374242428344
53.330559027925524
100.81608919685091
47.84891424322961
43.63621651547373
98.28782574241306
95.68195798281737
55.62227655580144
39.10464083905398
88.77070189982508
86.23256183503459
50.52250701258024
50.29013652281337
120.40615412069654
95.41326077423523
62.022936211678555
52.550071375039686
129.87603657745885
100.86524160379444
66.26582392938961
44.78300171383826
137.65736703073938
87.5361637471762
57.4988158873481
51.718326223892994
122.8274152221399
102.08571618050289
65.60794859954251
57.60678479064142
138.67389647482034
110.92725340900205
71.06907357722865
51.326373620155174
130.27652390564444
104.98448819115136
64.27581099687305
42.096133672590774
102.02955533348526
103.13095783561599
56.0547831653209
35.58072869129566
67.25432034500808
98.99509996544406
48.416673147934624
45.5747356398661
119.02186337874703
98.79263544175609
56.66031972847776
53.59680701271041
136.52247241757314
97.38886983880593
62.93992907852893
46.01005711430674
127.63379699706546
85.16548126017075
54.21549413670511
42.69605537296012
120.24807364769597
77.43261640357318
49.676138070663114
30.43231473633007
107.70461332840335
63.77491989897006
37.552919954771575
21.141791533693212
106.92747545610845
50.413021599802235
28.554249612277843
17.801189525822878
98.39348970394424
45.01895216453006
24.53198981661335
21.708733192604868
116.34348709558707
49.739904795934116
29.074450290477227
15.525252450476438
101.02665560347238
36.688557745175586
20.903320777962886
12.517345169088442
88.85560863723371
30.16682630640105
17.190473204294516
16.202076466801643
102.86296434460287
41.197963435923505
22.408678297530788
19.413525226969593
110.77059906733706
47.32215117306375
26.49674073674499
27.65995017453599
125.56068614173985
56.76731787906018
35.53702589130127
10.035388394560831
96.95487006443423
32.25544852825571
14.997383243917486
12.213433570971763
90.72408489413837
37.26098365700596
18.04657755734419
14.166735013080336
88.74682811789957
47.14049019861543
22.107239800222995
19.260163112576343
85.14687536575315
64.78545452178416
29.54907134814138
15.416236635111126
95.66458484190812
53.981729439450014
25.06198670888845
16.41628446036721
71.4189471757014
61.132086581746485
27.44730654190251
18.779616431747467
84.03708993831617
58.23214289781224
28.405423530831033
21.121515505628746
76.83004658462862
69.79372232450275
33.184992501436575
27.22657318932238
116.7175906658586
67.01024464430525
38.47156391363943
30.092310739801004
117.29757413066524
70.93900762494218
40.853387893364015
24.742462362421758
90.89281988765863
78.30747583164776
37.90498733066283
22.842226127852705
71.31696239538927
74.88380494033028
35.849929377812266
20.841197363095727
44.79332989440115
80.65420382044694
34.70630731864717
23.887707905386925
20.23908687036035
97.3752354620683
41.812172447527246
34.59400771113078
50.57122081698622
114.60865193447943
54.90133123579424
26.510558036978086
39.71882170627951
94.64209542016793
42.45357583128602
36.43922965399386
84.90032264817306
98.50674110876857
50.19602968618657
37.16873619625628
98.10537038068742
96.40593314060956
51.23349382870463
32.33694827536217
78.84429546899425
90.9600546317973
46.62648816421443
32.00457942235536
95.413855527483
84.80712041062583
43.961318747579114
38.46188224652855
108.27577765009676
96.70096141410633
53.59171680911046
40.36930536446429
100.92932441077319
103.74708602404984
56.9438402607979
39.23811231241035
83.41604803925452
104.01387374775777
54.91470186762188
28.42390389893822
53.46304662669342
89.24088648207407
44.54087670600288
24.661878852657743
60.08230584251408
82.15664464418388
40.21360709556867
22.621687014422434
61.161562655404786
79.15845652504481
38.58733767150516
21.780104560573545
27.419043167267375
96.38409336170106
45.726487008445524
16.981261586501567
40.169812870319824
84.38860309188955
38.355741547861825
11.702645546552173
43.29029048535805
66.44567328775614
28.531025198087125
12.172334097969316
7.353358215255194
78.63866569118888
34.379334278663016
19.559435033048405
4.164496142942673
96.67804413961927
47.17531568765697
17.001107004943687
5.372504970282518
92.02399787330782
42.4037727042599
17.77147869729236
5.02736026292585
89.62999929589009
40.25334398115827
15.887657343088572
2.746583946974026
94.2797666102804
39.043557415947035
20.72258000688548
4.3615202271521545
94.70582093591968
45.39029155265698
16.523006710179395
4.33412232365281
86.14719076664066
39.82233106478715
27.82653558128898
20.938530581763786
105.35868107436127
53.06531816356229
23.448468404195832
2.456470249632794
107.87920224871895
48.238389823122866
16.27854787912116
6.068848828383859
82.83220823678117
35.493837356280814
12.672693303683921
2.421815222898803
87.94684574229112
30.40705695589305
13.514109874669565
1.8948261876319084
96.08402037468299
34.46957299500615
16.453399502376136
2.3534476129750486
100.50225000409999
37.45662358098951
12.053204989680413
3.3716040198109964
83.54422975905965
28.305926793733896
10.628933140789421
2.7043526937354403
84.76603012244594
27.79298820157464
11.978265527541192
5.954265688518719
80.98870424890599
27.59836447390126
14.935261070964081
24.30622279869588
74.74189672318997
29.252369852979403
22.07603905100084
48.66435268758935
79.58786064718453
35.86304809717703
17.20713807499903
4.88385461626133
90.47329463439426
34.3730601603933
17.48160687300399
3.5354824147533557
94.09856901253951
33.91720054282073
14.381876270906288
6.504757294004562
73.63870973965503
25.943389634412515
14.558245363800342
7.6548977501900595
76.68343829156572
27.138243867274735
15.065661422887802
3.7025258233925338
92.96079988351771
31.093444923009045
17.060536963708852
11.814328708956085
81.68528642545063
30.78570964413615
11.850514265604607
8.847823527403344
67.30545305653276
21.86108242129133
12.537162735042935
5.634424450548936
74.74555228838013
22.96982100517988
17.24930934918041
72.56853238661068
56.5674741904196
26.418703668690693
17.929168145701734
42.35131594601167
64.67988865892812
27.160071985801856
29.213397564482868
109.21965217332514
65.84672244386735
38.69499078916452
28.241066618851637
112.1821170791731
66.91271946712811
39.45148150863291
25.270496266856405
92.79443866313007
62.82615108947799
35.6073455253918
31.29321523015915
96.29374079173974
74.15399721438729
41.623648644485286
24.512248898924643
75.24046036850181
71.31142481372407
34.21126851211448
30.228801079187125
85.44716766463398
83.42083283393123
42.034749388827045
30.15631067438516
81.22314606679718
85.43087894849711
42.572523623423685
28.996380128542597
96.10162076376487
79.91149591021754
41.025502577460294
31.782241025245256
66.03387933683587
94.06298214450952
44.867998147907656
31.574074826250083
58.48868080588714
91.2857189810235
44.50576927888673
29.402574973751854
37.836830198200126
93.19650014231921
42.303153391947305
21.556130468637413
19.530937006078517
83.68963019702
32.75855140319805
22.03746696415444
17.642811063528196
81.1335916165717
31.96144793558325
30.49994920790483
46.03251744317684
88.88446257393932
40.954361620043215
19.632943336146855
21.573090970680994
72.66299329937526
28.678517231166634
23.91675710184644
26.952626785673274
76.04096354045494
33.13516927361904
25.08386921462481
39.81666292716036
87.10187712532947
36.371886876465844
22.535702646713894
52.877411734474975
78.64782891712169
32.25707625584221
23.141987094982905
63.077956207827704
67.96462668817607
31.47391432868229
13.083169902450392
33.60094352349992
55.26974327429102
19.78431137643259
9.725035194343365
25.397606421050533
50.45767385764657
15.83513567642153
12.71295104856805
35.303408963165325
53.14823148890784
18.77827120393701
11.033900195044792
25.821197760929273
56.5171708275555
16.948300397913947
7.6019103321318635
29.566055511858718
40.89614235917834
12.338939447798557
7.9693984662781805
31.17624680465509
47.02861359649818
14.090364735757541
10.903595211969654
64.988981068453
49.07740920982969
17.565078487034388
8.29656015595632
82.22921617282287
33.92980380795027
12.913119470556536
11.13951808035427
83.43501181175706
47.936352401522605
18.552671636016335
14.20812742075485
95.27516976061878
52.64839548171311
22.632044751466143
14.599648776270842
94.88997736516433
51.09744195586478
23.226391454132806
12.017886515481713
91.19082988958483
47.60127216816891
20.695954044253515
10.931562148598442
86.62911884396473
44.867124247064744
20.213985954785066
9.739217589356507
74.45178114453975
43.1912132641963
18.43171257083062
10.945426920629819
80.36336466684388
43.675644511193426
19.59702056502469
8.932009860178704
71.15402201478594
39.99804070524566
16.670167867096023
8.301884320412132
62.10202244855381
41.07905988534714
16.655961871624573
7.9683073823407025
66.56096201425352
32.707953161356514
14.357188015632197
14.700348200805669
81.55642371407474
45.33188876145419
23.66882209790325
13.353635451240311
75.7380322063784
41.694511200232476
20.756419018226865
10.311618957522832
73.1243384754493
37.135800999944436
18.44921111937356
6.22340839354618
59.83929202797964
24.82530262637451
10.965428868694374
6.267372871847
59.48623039254035
25.108000886898257
11.023135189130977
5.028086091673242
52.24078036189753
19.084756969362896
8.590761854990983
5.659402074563644
52.456188756689976
22.544194073200167
10.507248951333075
5.038630809055952
52.22756600492932
20.220457760467813
8.72767065120813
7.338658136202101
61.15428033947075
27.806534978282354
13.089334329844643
5.599938604103962
60.16798915948178
26.092659590547946
10.425417139647571
5.369520050075334
61.385756853341924
28.180088553258198
10.76820349246205
5.700394091267905
56.53000650902017
35.08542087686034
13.0330820611192
4.845833805460198
50.180094917703094
28.644254295539575
11.12575210211425
3.970934843826496
45.51286994403996
27.16707602026292
9.694089476515954
2.9679774372207817
41.794760202627856
19.95133569797131
6.3358784442837015
2.7404045244819906
42.013883305893906
13.361474150158465
4.33425778468692
1.9870723093926512
40.30445533516476
8.740161648374038
2.9642010861206387
1.9610929907815509
40.60471622430388
7.098002702605076
2.678982303789661
2.7329571652168254
47.59139283630886
10.452666132609759
3.7104731460242384
2.766361652123972
55.29595359351719
13.059531857384536
4.353534545092996
4.719443023432557
68.61909359800809
21.7971672770407
7.912099861518705
3.8340860325871864
60.84572231207889
16.838006603958867
5.446078192502423
3.9518819655834396
60.772555563259125
19.16669953028637
5.412419594641466
5.819354663583116
68.45332520135825
31.964554723363236
9.392384745820353
5.279454885445825
63.53336750425205
18.634341046040362
5.947987104115166
4.353714129932805
72.11230796409549
25.651660948841332
7.756799693259714
5.72074271654401
61.414890642430926
28.54888701178301
8.25500375973532
7.250113058321809
66.27565603405034
24.642897259312065
7.4822433468379
8.008618400277435
70.87012408402522
25.45336530481859
9.211465447764313
7.211876210841812
66.17045917588528
28.66049469678951
9.747479991414563
5.969783759397484
67.5707269586698
21.42729283521996
6.950438877214889
14.73395349693577
80.22628198407507
34.089561971536455
15.109977515498649
6.044338162778262
64.8946411386937
21.371822070247664
6.708887758796493
3.20875071203266
54.350911102101186
14.245089025364129
4.223953441139778
3.2462158411756783
53.34177011997297
13.58714608183053
4.146267284782409
2.8570083098731494
49.171610538313054
11.166755155563985
3.580371300146697
3.098265393997497
48.578348739108435
12.963131371719085
3.8040988311434583
2.6954444699140776
53.516760074992796
12.037251415101974
3.4214874231163117
2.901451493143732
52.97476940647078
11.959037992891746
3.3927177184543003
3.315754590087015
48.683204480392874
14.350264793094944
3.5743530058688386
4.1380468650026
66.491742823608
19.770121691099558
5.985556410442255
3.9583050474989174
69.98027619040538
24.08657967955378
6.8241679373992135
4.726753398550822
72.11991349836055
27.950622949362025
8.036781992920039
3.636019770518207
71.87858977815124
26.192415352117173
6.671103018381145
6.719600077851447
88.07123628487712
34.35911002190882
11.655123044740478
13.140441074756
97.13314300386429
41.33853963912266
18.06978389274613
8.785146140642771
86.49059595986391
44.23145015337795
15.414840758462315
10.949025283589744
81.52663639355775
52.451854371535624
19.28978942553773
11.28551129018645
77.48685454219189
55.87487272081154
19.55333541195247
19.014460994352117
106.01366555206945
60.535739928015616
25.09977306597887
12.463906076935881
85.8268671421848
56.55032345861049
21.221709152037036
8.903521254344923
51.33594591893869
66.41625368957678
18.578596775641778
7.558410410678195
45.73845856006357
62.15609089976137
15.181446619604742
8.498790970949152
57.893343289390984
61.61918326904861
18.133255832753175
6.486735283700584
61.5341350499448
57.14366945507981
15.655567715279954
6.518293677900583
55.00034909134278
52.68903352149974
15.628470424155127
10.538662868978497
54.41779307878763
67.53385187980409
23.958160867521627
10.043464672927778
51.30101353092858
61.322089358048785
20.213846270468427
11.530994187251762
33.301747709348206
69.80000676872352
22.59127350408746
8.120364352809565
9.192456306539123
66.60043029828226
19.981190908230452
5.745621810511966
28.595368747034808
53.44325444497149
13.933457431278342
4.487689758358255
40.01884568419119
47.43196781654377
11.393740483987704
7.62038444707081
45.937928722414306
51.889204119017435
16.037245850451534
13.690363772946345
70.12228546422489
54.26756801355774
21.863855760495447
17.06979854927034
70.05448469704768
56.72511733978503
25.51695024676049
14.123599285897587
94.55742582513554
41.40670610616056
19.619359660000917
11.850802682147279
85.74807280441166
36.975926174289285
17.07208230225764
13.099474487270484
94.08480156963515
38.44622865782383
18.44763702689869
15.407257185796865
99.35944775711671
39.74703559792443
20.743701984222405
21.73308961689008
113.19036417220711
51.16559258382199
28.257331602732254
22.332264675273883
112.3763750491723
48.2713440491463
28.087215215127117
20.805535490396043
106.27555302440565
45.577440651392145
26.070406453300766
19.728409720852166
91.3827721603905
46.42152992662804
25.755294062172684
19.673628080027598
83.63848615198997
50.30899472440807
25.921274493838034
14.11173142558042
87.83012932548674
37.07878438407202
19.17292155748721
15.842441435533637
79.74517261839412
44.327120323201264
21.953399383354082
14.222289946064627
79.82360742835999
42.379688981528524
19.493470759648286
17.812128057130103
89.40530681465972
43.638244870056646
23.4415287319983
17.35826466796756
96.18359686839726
42.1898708958481
22.327336727910307
11.883820343373444
82.96008616022024
34.559182482366865
16.434744497435076
9.309976658865434
57.88629272040989
30.71068598624771
13.785296552381434
5.632149953443078
41.56293027154336
26.317658773311393
9.428489193306588
7.579211821493769
53.40859323849016
29.063948045660798
12.020223216564172
8.121745560610393
55.43628312619949
28.967402063648915
12.396253489828371
6.757088131527358
47.90399886824546
27.360504253623866
10.285742624844106
11.444677548404966
62.93511274794747
32.07932985590401
16.406790740558105
12.932795950220576
73.83002301725548
35.83608577431991
18.300628151677298
4.990689692886194
37.002683928047844
22.7506330611321
8.04121949739122
4.583154811836422
34.4575997346408
25.236530325376958
7.754903850050542
5.179661824010433
30.183528182134186
28.29424981606209
9.134345820980311
5.178387484757805
34.80706137856181
26.95443104242241
9.390557248558341
3.8133470291383578
23.394959887386516
22.508958323606542
7.092270852472206
4.2127528670659435
12.294040137039
28.547018971002533
8.16335447361311
7.135552063584829
28.211249911328714
36.27055380062531
13.508720774394577
8.533238009673843
32.379340083153
42.752089499430134
16.46617748358239
6.280879151324065
27.993416045850285
40.82517403646232
13.493240578869587
12.062484673909674
42.51402961453059
58.327079769629115
23.198901008513985
14.407757209124899
37.467664846000815
63.52355222533595
27.075764160064356
11.417321920521273
38.49277852659241
49.70945683800133
20.556253909589145
