63.49928594127127
7.203253997717166
45.543118040917996
61.14647086415219
60.987919386647874
14.406336524886697
49.52693241793459
60.2917116252614
61.353257113646826
17.50055844167238
51.415292817011554
61.18862816429748
60.47311264928261
19.69761037196343
51.705249062706834
60.04198413820924
56.10173913688577
20.693196274035802
50.064953677504796
56.453042886752776
52.860397917002366
5.103279007283786
41.37299512000338
55.07677865179125
50.10484087210107
4.133584624925681
37.74931948894962
51.62920453160565
49.49387010999619
5.675650899416899
41.447673866878866
52.39205711629881
46.63950832927468
4.200048194888229
43.310115088829
51.83974587454119
46.84186545792769
8.122383618925674
42.56919595801995
50.61156364027187
51.08453486777514
12.04602134093676
45.382544165736725
53.65578782190537
50.34781501892317
8.997001129940692
46.3680834115096
56.01087051038247
48.631659985816576
8.341899426091269
45.68740776685056
54.67947347848662
47.80510179162809
17.8134880164444
49.904185809847306
55.8220389989791
48.04932419790923
12.404753487500539
47.68749334611687
54.202686991497224
48.06299963364852
21.666208844518216
48.42654653034918
53.22590520455167
48.0019939405521
21.198282803032896
48.258206448715015
53.199368775196255
47.45175996512832
17.77546894948986
47.43240015565412
52.8633922558196
49.71720944955317
11.810261717142623
45.17576069251912
52.89555879447111
49.402323781484085
14.8142300586384
46.36492125967465
52.78697467536992
48.90260997321214
12.147689330932792
45.45123961001401
52.288062759780004
47.676003598239454
11.72234553700586
45.89211010239812
52.50148703738452
48.229575272866214
10.40390139408288
43.663280228159934
51.91240211728198
47.96482510895529
11.304768509458269
43.19527621803773
51.00877908767492
53.073537278074305
22.46645173922597
49.220708227035644
55.21928672568633
49.42687332068411
16.806757346089753
44.379749935033765
51.16460431022508
47.855452662779406
24.639873453225995
45.45215903466415
49.66095023086505
53.57994735915478
24.935397429119252
49.27749218901435
54.36007623571523
56.86470410709638
21.74023024543372
49.927176100102024
56.55119428318486
58.27889515345068
23.032031721450394
51.615337569513855
58.289852666092656
60.21965016171627
21.342674030523824
51.8145842458725
59.390945066911684
62.2105377161405
19.916826552410903
53.07093699935744
60.26358860447343
60.746886177096606
22.64784612807905
52.72657126710348
58.75526826873442
61.45008329607074
12.304933407230084
48.46142999784906
58.16565956510739
59.006389065328726
8.318444294174366
44.15705042631842
55.586415951245996
61.35442766650858
6.254378020702308
43.5761744623698
57.535150881265274
65.21089918806432
6.726968570998586
46.29553308325058
60.99118188722178
69.89152481922572
9.793707610256536
49.34596178647447
64.20530551286917
69.23419783971092
6.644894205815873
45.0407522373096
63.02434587191238
73.50531035999248
11.25096016708946
49.94224286342455
66.36852209649318
74.37047913692689
15.445088256060297
53.06669498694268
67.5732231991083
70.79510759363441
15.509154529019956
49.646840345175455
63.48063016146556
75.22780065433903
14.619083323941574
51.58322647022409
67.48399465943041
74.8513454465186
19.067418869706266
52.25976378446881
66.37566258837923
71.64737506410515
20.18300443000176
53.51462101723581
65.71609372008365
75.16688141511295
27.500238091049642
59.60448396868562
70.1503207125692
74.66032407247995
31.393907072160744
60.46268911830097
69.91992144249416
74.68064338860847
32.023034066039614
61.12703219746974
70.17991680219468
74.30018616239592
34.91907492268337
63.644011022384504
71.37089917683586
74.29872255697104
30.72323380992197
62.15473385681623
71.11578942776222
79.50757694935861
41.130133875162805
67.93440173373855
75.70902152972796
82.52281360405708
40.6206027502684
70.67509887998976
78.98024880643266
85.51412531733189
33.63194708719367
71.15400605847461
81.45298405775144
84.5486808660669
30.003970361761183
67.66949381396073
79.3208937657061
81.67564528367006
30.867619863990143
64.82616766460687
76.14146167743297
79.31288593472141
27.209491633576388
61.090403455278995
73.2994017394374
83.39511868228426
28.644777741709685
63.81028782154357
76.55185839979073
74.42480096182297
23.438512927156832
55.6327133738762
68.24025129729394
71.03798711941157
24.687334665586192
55.832013839705
68.01969366309274
70.38842613281085
20.964187589887803
53.723055135731066
68.1679199296666
76.27516415501948
22.338630279587036
58.8070869582261
73.32444684103112
80.23408170547795
22.98046261412938
60.41784132627493
75.2194963883163
82.97887092008972
27.50916186310938
62.878857912260706
76.45964386381291
82.68474668398098
24.222790890322194
63.00456885072018
78.20379654323068
84.21543360725958
25.713966393208004
65.77286681974114
79.34479869677078
83.99258830356935
18.84562803306342
62.63473076514462
78.86585115073774
83.75867700403778
18.832556567365117
60.794695819321525
77.8141205475021
83.37726672344627
15.343556563108951
57.41469049842293
76.59329085233888
80.66155150705427
19.548275117305835
59.73122083210305
76.87022077397238
81.71632778623054
22.958988388203437
59.33081039273794
74.87781957179322
81.58658554991462
23.89566603077872
59.08435929869198
74.46932616296017
80.81135145786958
21.12956746652226
58.60366570767421
74.60255558523158
79.1654081297697
20.762740768531632
55.528851998374584
72.20508085207992
77.3447587276761
17.601315190978575
52.19560783070255
69.93524730647636
74.3725288027689
18.486218157608597
49.68995163159132
67.21662198728842
72.4410983529159
18.15125862328368
47.55835901376113
65.29779662035155
74.2738699233333
16.300433090159046
47.61287757157512
66.85900005425174
77.0547259313289
20.028752365509906
52.53143590473792
69.34809835858472
75.66498866218835
18.12204498914686
49.19428597172925
66.8229700038573
73.32707145254761
13.090018334553262
43.329094515294095
63.478142883470525
72.43478460328656
15.874431258563815
46.00757699789887
63.397740135853795
74.04967882041922
17.804148474358605
45.97922105911154
63.928327369633074
71.25418828098381
14.948063720182647
42.89775005395369
61.608231345564846
70.06998858031875
15.981309690345112
42.59156721855775
60.36353595133887
67.79427645340672
18.431969575690598
46.334311841720236
61.21752659514987
66.93430783216006
18.424223501931802
45.56948632735361
60.25520125148398
55.68058451417102
16.687571227263895
39.35839035093914
50.91709180056034
55.99619958223888
20.467707648176276
41.82537488582075
51.92369960543479
57.60479492811972
24.4314333264715
45.7117993020063
54.90741278134061
57.16412489202127
21.803847839728352
43.28413639874942
53.221098866302306
55.80031595186286
17.163614757061342
41.59773790755689
52.99544012261603
58.90271249556652
18.153415303090835
45.34682921449178
56.73931211901583
59.396146164628064
18.217471193526013
45.376343757690336
56.504107996099854
68.74404138595621
19.610134167119526
47.6552308557308
61.9955327070531
63.17877194133024
12.997717924094738
40.764568947546515
57.600798143576206
60.957771950476904
13.55944660039784
40.12386909178183
56.037887921520024
58.05753250181392
14.833823062495215
38.011699083141195
52.02325503372699
65.54192438252578
13.99443257366595
38.13386467611609
55.98548329873894
64.92016868388278
12.194250926054105
37.87844158637291
56.26988872174006
72.14339912314009
13.265485517117584
40.261688653441034
60.81899369903115
73.84332354019132
9.554914325146862
36.14801174628392
60.24932437022499
70.29021448424825
11.427710077102939
37.02763799931345
57.835117687336094
65.96907788488357
12.92186904353863
37.13450599878857
55.24061678556375
66.58759975535465
12.78416466399869
36.97859839447042
55.830820304048395
68.30394124201828
12.304038876776064
37.88030637550875
57.68506721608483
67.8058898793825
12.52443833518851
37.392659408778705
57.05262000641283
69.13312175675269
14.785859165499962
39.822409169758345
58.1391214138232
76.46016741689505
16.041656267753744
44.50190277442678
64.55820419557547
75.34963618000506
17.18717231093723
46.2270494859627
65.32756546434643
80.5296959203004
20.99470537110814
52.09787336999363
70.52572033998717
83.18637495479098
24.150316487039373
57.020342299948645
73.76222682172083
74.3847111207018
21.299604649105405
51.40217731443889
67.01815503725946
76.07211994454119
23.06348655578842
54.088815217005646
68.77749642014733
71.87549698887734
23.359611976226507
52.30293263582862
65.74965230306688
75.1544969640574
23.490991405158145
53.76222839652846
68.22423486805121
76.5982781936311
23.80689639875871
53.1731699044405
68.12640594219998
80.92518339690635
29.083110966897696
59.936196577145644
73.46038185742765
82.59741416289116
32.237980356719206
63.157280959662295
75.69256377730525
84.01799540585792
32.69757447590501
64.30761297887672
77.12421041737548
80.46539227330264
32.217801616584005
61.15454250014069
73.6518733429348
82.86545610412736
39.43096009771548
66.25249788386235
76.5022625971583
83.95553456498911
40.89736198244622
67.57338413600634
77.68149580786522
82.56661994840681
37.88907345455414
65.51952598223717
76.1244699084003
79.12096753034429
31.78657452973417
60.58715192251072
72.32979894500696
70.78181446521953
26.560516993384716
53.88387815540392
64.899430776938
71.97427080382522
26.14160952154497
53.3899510195223
65.52323671822668
70.30607480037118
23.562217963581055
52.032061128154055
64.47258400772918
74.1081395879343
27.144944727966294
56.145072613795996
68.24611246507936
75.0108698948432
26.061097224237237
53.74236233729686
67.77345432123182
77.18212532406316
26.56752917692814
55.57706120184668
69.76761195477691
79.68765730930212
26.15377177577236
56.59669788680175
72.22988161690584
79.24326454494637
30.005192032413422
60.54192598774085
73.15535631903184
79.5478954184754
28.443646186173392
61.253697008575884
73.90592924148773
78.48368741626471
27.29460766507321
58.63065320053745
72.30014864676905
77.80749381510053
27.540274145402066
59.59941093965133
72.2587967396159
80.80241727416858
28.537318516469927
60.81791573821299
75.45438347829679
84.06589696853688
34.392021602640924
66.77243666623495
78.6055092626532
84.98239783983614
33.18368267113203
66.27755108869663
78.99525971177296
79.43504299145987
25.00779389233859
60.11472213145487
74.41894629285798
79.41817149659063
21.24377536403329
56.36573629233515
72.96286801178279
82.71682286141105
21.71659533483671
56.81339221008081
74.62648812588918
87.20218538052612
20.450874538878747
58.164885003213776
78.35615164185754
80.18041830726757
20.397408461824078
56.11178009706772
73.08744948006296
80.53228898239898
24.61924164486921
58.29808019900316
72.93663663972515
76.7401555969464
24.27854487068628
55.559538559414726
69.79611866309514
75.72403872872465
26.926369440986722
56.65408786511769
69.3474374250932
77.3371085358697
19.463272745678818
54.48145300078032
72.11798351913315
73.2127038333827
23.891489948262112
56.05479250812109
68.6028901658775
71.56420636333709
23.971011173699047
55.35299493081117
67.32414221602482
67.74391140359727
23.15354502090397
53.93857912229629
64.19024142971232
65.60135367115802
23.215076855686153
53.50898100725353
63.16531890623934
63.376817108421974
21.860795365091388
50.923915314105635
60.51475365291779
65.33538859212901
25.013290805500226
53.69406226025782
62.30446277197134
60.282601528314714
29.735694584509705
53.438680316904474
59.03735036252755
57.9048350285366
25.604140502579376
51.90972372446122
57.15540927124504
57.40159625812528
18.28413522282102
47.503356801775745
56.587774902733294
56.56701602346726
16.35240463165688
44.136048942395924
54.35238922456434
58.309519077372705
15.051231486694848
43.14676262217457
54.70568102798082
61.14014715019551
13.837770488123573
42.94342486904215
57.528188920318236
57.08182274628136
12.895229860092321
39.37056808553423
53.85736416418251
61.12146511999994
10.223501925523435
35.831875460958294
55.59202551852615
56.6164221456899
9.117130596482925
35.129886820368576
53.55335330682066
56.66807209284596
10.430159164275974
37.224279397512156
55.050699199288466
55.15217851406359
8.813891135682793
34.1911691875088
53.916248769897194
55.63983090189625
6.573703577651682
30.197520313552058
54.35872132290865
49.4330270399783
7.2525681329439555
30.50925696961899
50.10809147942091
50.54628792763478
8.147982359131703
32.22299753638301
50.342856763182624
57.310267476451045
8.982641296094293
33.56529513595814
54.219861036462795
55.74746426506266
8.159230616051586
32.0601930035173
53.93099179459572
55.56701093167203
10.241299282820984
32.95830114021728
52.52415073751744
62.722440074424824
12.58309145225799
38.92026343929614
58.782921206847355
60.64394910267829
11.46931103607089
36.36062253790029
57.31925450684077
60.68574335027249
11.985512886110767
39.25770518342519
59.63972451360305
65.47229231888761
17.19154637020262
48.382188281164105
65.39227588150243
64.32895435092487
20.40585997340851
50.64472995525252
64.03884439631632
65.79489969958611
20.449768970386536
51.33604186417165
64.94817662881476
65.33626577348946
16.00776939919981
48.13575014266288
63.82722054683107
61.60596970785987
17.369517111752625
47.42175974186968
61.21361011064181
56.08972303475561
16.673591968342443
45.64654703331653
57.18337799559517
57.69641071957772
12.587887469147633
39.99131470393133
56.33527538907752
60.02415092809295
16.036984992932602
44.18864114341536
58.80140188901308
60.24334542289705
14.719989644987244
40.8579636657754
56.32988414113641
61.145928751907505
15.40374552403973
44.05613111890747
58.670476229413346
59.92811693253741
14.460203698744577
43.13989090434082
57.07275765714805
61.193742823149066
14.138671368744122
41.428507666870686
57.401804450628816
66.05032253462747
14.382765300349808
41.09641145011052
58.892073897339166
59.642488004186866
13.222184158772682
40.39877380563977
55.226762713845275
57.81123529092974
11.847947404476509
36.48294767074341
52.32381471683479
55.43986005175247
8.929383209880294
30.363255297970234
48.67540595147688
52.04240528365391
8.26607816397664
28.600961645899776
46.676547013102514
53.26249902196438
7.968042693802335
29.170334253754373
47.46443004543131
53.69862026898362
9.195776575260075
30.933098799875253
47.31108948182844
54.7403920779568
10.419078455170688
35.17997358969781
50.026429483196054
52.284004801731136
8.04957985772797
32.82579109887711
48.57783834801332
51.55838584840905
7.159440950766051
31.80087031291051
47.833550592458415
48.352834165584525
5.185884264937671
27.626714173631264
44.424798526417426
49.99646126927037
4.352062432171363
28.22540434990704
46.02518451390585
50.575719756652646
6.769552691684663
28.59264400840051
44.79777080324007
49.39319210028147
5.341400669272314
27.412215484953684
44.34326463448188
50.89833707983843
6.5247476422768536
29.40122037470732
45.14494986040419
55.96432806635779
6.854756207356062
34.33402980845416
50.13712403787845
53.025219887179134
6.019647061603073
32.30088818530007
47.194149150709926
50.671734083641915
10.517235188828959
37.80249672858
48.101852260204126
52.17093417170724
11.921205528652742
37.18387386115946
47.28592343622031
53.55198064935849
10.663699807092126
36.391372788290084
48.02096554027227
52.5486623798346
9.020611185829994
34.02460981477012
47.051063534023314
50.22800408103974
10.581439291813787
36.12798096127957
46.56389052573838
49.428235124147555
13.54410161886072
38.05540494025773
46.82470851074105
50.53897816614632
13.957674641300015
38.043913545860484
47.06580213186761
47.417227131379825
11.524262384445981
36.40744500957902
46.01909955010088
48.874986038659664
10.737315034966517
34.57785272594778
46.272037254211746
49.27150985283616
12.942951295091426
37.09769524269679
46.35006978845737
48.9422232070862
11.447353205335254
35.45954012958408
45.72428055510694
50.6444405323065
14.201284961456501
38.787480510433184
47.61625276842954
50.15206822447732
15.984644799913825
40.28859038261782
48.09694631108928
52.21574307961185
16.188408551521626
41.28249595724977
49.23852145122768
54.27257418316232
11.253286283696962
40.693595475437135
50.49735997138823
57.01666922512572
14.434434833875812
44.66158693454444
53.57131972924387
62.521711168360206
10.855834170910057
45.39233477458463
57.70222478508549
65.41710367262226
13.050778066118308
47.81017351512232
60.10348981508236
65.68152880786856
15.482261216608043
50.27534809972755
61.13164850200517
65.77240441027526
16.894132882900163
51.7813943267832
61.93452340063179
68.38356149317843
20.177032940613472
54.28436404727784
64.17509191816204
68.87492885725865
21.533988568533445
54.077303913176
63.96005995276572
65.01005869493952
22.11322386985362
52.14213493873267
60.9775534276476
62.62086771994444
12.155764973252774
47.25512753685882
58.446086218880374
62.04250881801812
8.315142985048034
43.60220147729975
57.222902299169014
62.332918100535984
6.406943241334676
41.324721266884445
56.99331446352113
64.84371733177744
9.767674052694295
46.31166609878186
59.9129697216674
65.7742904540061
6.9475648270339745
45.05708523495726
61.17071647530518
64.44090001279285
6.194719436003673
44.988293788216716
60.5549406738575
63.34286685249637
9.379524059901987
44.991579110550624
59.34128340633702
69.10529522421862
10.685728886273454
48.822069014053895
64.11619047208409
64.74124737506318
11.205919669536957
47.133056885831884
60.34823283408182
68.09759786867107
11.779932834458364
51.3584212721262
64.45946246349745
67.1568985889739
14.324529359866744
52.1158988201988
63.705226975145386
69.44201402987616
17.565781134065418
55.70869187826493
66.18100592648301
71.39535415368324
23.55283155075093
58.6279222250388
68.2311416001191
76.17942855253976
27.425526755431456
65.71514439301966
74.15186247146028
70.6472797037798
25.650353598943422
62.642799640134996
69.55678133235456
70.01627837800555
19.739272117100963
59.85686592550541
68.7412496392024
73.32349494963071
18.241260807379312
60.92338688670545
71.22396815841476
74.27705874474464
19.54829759374907
61.372680883115216
72.18008278926013
77.7055094366877
22.905917460933466
65.50244423019656
75.48787621586209
81.92392867187814
25.2096217764783
70.49771706089425
80.11343332630625
77.17588874409574
24.3446485313134
66.48176171589482
75.48472661654938
78.64239370369214
28.041852311542296
66.30314533725104
75.70697584039884
81.7420152847549
20.19959193307055
65.6251108199979
78.14161489648501
77.75463234611365
23.177749610089784
65.49925788188685
75.07436257163637
77.29985602518738
24.083166380118968
62.457375178848125
73.67684138095181
74.68661727355929
20.46189764899787
61.67613572272277
72.1646017354882
77.61212470230362
23.423442623673655
65.99424794091367
75.6254655499325
77.84469306827404
20.509682514179087
64.80873675491027
75.44801455083658
77.78379781291191
22.251357193098997
63.68925456181914
74.9217050385257
76.66939373293967
21.797825243578924
61.67843208975303
73.46222918860174
80.93870147565498
18.13352471960068
62.81380212813024
77.29210050265928
87.12763177968758
17.432059726078784
65.73726662798786
82.63426194957293
85.05116397357475
13.835760008056665
62.162222172542265
80.48573435075937
87.54538518952795
10.76520796773406
61.722907241472186
82.6946800136187
87.01286412401532
12.506066475940658
61.928173740770774
82.09889222049148
86.00585906124887
11.004199089114694
61.02757579317469
81.58397479509027
84.21675888441467
16.817166935872745
64.75870119919242
80.4561739907864
83.84789270973646
15.40565955511603
64.75926534513628
80.66295430408195
82.72568021051401
20.376259565696632
66.80064623953977
80.00685367037379
83.60699741447247
13.472905255634009
64.82714758977362
80.95103807555287
81.15648615270972
13.41450050018599
63.69724350877968
78.61926222448075
74.75880286918029
9.665650694265253
60.42923821432716
73.4056934445398
79.21238080502148
14.974058833105833
68.44121946005444
78.44676816255077
78.15796414582205
17.459103076100604
64.7882852156502
76.2603636249413
72.81029116325384
17.102299637801732
59.863051469216224
70.89160174756421
75.43029649828664
21.388236581480538
62.188588928970525
73.13180489751167
73.41369462087542
34.69689420048996
65.45826671357085
72.27325826753187
74.68949433389494
30.448527810090336
66.0418143098592
73.67722412443567
75.47935342648348
36.89566184679106
68.74459129568794
75.17784101534997
74.57507486142607
40.02239219720414
69.86530587461016
75.10237958326688
75.45550109297004
30.95254424374744
68.87243140456906
75.80976659081645
74.58459572938868
27.433894092027728
67.73308245998987
75.25471585272356
71.60046425284466
29.085893659069754
66.26209887303598
72.80307189371739
76.9744993959241
28.935889860066723
69.14699967785215
76.99831280526348
76.20695399791717
22.83245705012422
65.72117564138706
76.31009394936773
75.10763612307501
16.740607247852044
62.18760281168138
75.3227569525706
75.44916102522866
16.18859133748043
64.70626866353307
77.31694431084648
79.80595511774528
20.634527237320675
70.47904328176068
81.80209774600445
80.79996089034113
7.9465472076504255
60.99799245113524
83.05593775326837
74.10220193974212
6.8054290157584205
58.549496987379726
79.5460093853867
68.67267084396231
3.641260072815676
49.38799088078903
74.05180695801232
67.9506586316736
3.5398289450523346
42.75240677467418
71.35596510256171
71.97653443589614
3.350773726687442
43.669035548824496
73.65950299359444
69.622919604525
2.0368649309042164
42.69921840310239
71.43246305369571
67.99467468721792
2.81639573798149
49.36617844009798
71.95351878055808
73.57261250623543
3.490073881915391
53.38255602676654
76.7333325062767
68.0543167233707
2.667832285508408
47.8852452245029
71.35574418715197
67.81459671203623
4.443184174816156
51.845914533550484
72.38529834161338
70.69053245362083
2.625391379641957
44.89844954893942
75.99380855121571
67.62618514168305
3.1171664627684916
43.009102617908226
73.75060831426188
65.33443606942173
2.957991334943873
38.514615613077446
70.76390214490368
61.585934063942254
2.3307770702822297
40.3939014010072
67.84759706095984
60.74834031985235
2.632426162192983
40.80301025506407
68.28838794777576
58.28469538447227
4.322207972064966
47.99693898964323
64.42917189339921
60.80126974982828
4.607690342707347
45.57789226430918
66.40562841000902
61.003314013936844
5.889700532182825
48.917165486529484
65.34051792697277
58.44674673612823
6.750388900786241
49.03433071516431
64.06123021281131
61.34255517627066
8.857346072648852
55.726302445516524
66.42747576583525
63.19709965293748
7.342097607327211
55.72423348302738
69.76414690294106
66.21727814087235
4.953490792151869
52.528574911099824
72.75027272527001
64.49450481971913
3.4149569226464727
49.22180158881775
71.05339584142553
72.26780269025352
2.0788510158251747
47.89157208456647
78.3681300670075
70.15183304806709
.633056556633486
29.736032512984863
73.31716816006285
75.54251076491403
.5907395756386409
30.930287638577607
77.75825513271317
69.90701401517559
.4052087835166002
25.661636216747336
73.8654623362332
68.45852029873483
.26178511345290256
23.5238039245568
71.05921148718014
67.78511756661213
.20737088803138154
17.567564567227727
68.04298573980043
71.02243872481095
.2502915273739643
20.247422935133166
68.73819750549556
69.98812007915089
.36828775551010945
23.539836897814897
66.96645740921645
65.93744956744939
.31643453772200275
19.279402471749943
62.72672040278697
61.63202659584287
.3061376486737713
23.43794416850358
62.264686268417535
58.11455334971698
.22554803099109352
18.75127279527804
58.66715264934251
56.18300997612732
.3552092228373299
24.254279056772617
57.1385225475546
56.50060991300841
.2788403082026456
21.3934985487381
56.465709682541274
57.297492277872436
.5809846946621327
29.846522018227724
56.978036140628056
57.53405122160361
1.0360919514693732
35.2541449933039
58.556207549625874
53.0547405832023
2.4062523958023174
38.835812526831916
55.28458078952264
50.60677999420399
3.336354603357524
42.13014963157845
54.11867995977068
50.28425487631257
1.479738724169438
39.791854950344955
54.7044477374953
47.38968494577602
.6266741139931924
31.974378505726655
52.69314132132908
47.40941132066308
.2983461669696013
28.63841526247604
53.317325666091016
51.97836397661066
.48541401534618966
30.182543195367675
57.4452504420464
53.93975435920857
.4298480362537612
27.771056242291845
58.4827040293879
48.93014810116409
.9112666825717937
32.58773939859692
54.16404197510279
47.98404502918087
.7705084437550824
28.845658008337537
53.899617451577384
51.323144826037066
1.7558951670554226
35.35257052437617
55.525175951548455
49.348813135337025
2.530943110771602
35.32496151054147
53.213341624007434
46.32084789546284
3.0192863764068325
35.7836577355316
50.81847742524789
45.12398829064204
3.5018306755219064
36.330866809444096
49.58475565038511
45.34795914421781
4.123989448735321
38.61599336768382
49.972035179010724
47.254525612178384
5.388137574191084
39.53832901945944
51.1120511470591
49.874482986329284
4.040285451559649
36.48712698577764
52.43384533534163
50.83527004353902
5.571591687656617
40.282539763669526
53.55661825212535
48.93286042870391
3.7718558385507244
37.72201130028525
52.70145603226981
46.923216735929266
3.143671063806933
32.79884456645853
49.73293736295059
46.037235778349284
2.7280096662872904
29.45451015938418
48.046499047070256
48.737503792207555
3.4782774238378265
33.721453678675296
51.11008265472217
49.56885464283365
4.364967609805005
35.291457329306795
50.88136142094779
48.51158895265962
4.509202333490439
37.06357565850786
49.820209187019294
52.3377204951659
8.34547970076394
43.96382821243806
53.925225923844565
52.73092917705002
6.494286906841227
42.77640435221415
54.26261093158111
50.78503307779412
4.718165227456059
40.09157866007345
52.3765903512465
52.17856468709594
3.793907342806252
37.99436946488365
53.40695860680482
52.85076858107097
7.401137812580597
41.70099328927742
53.40658943905071
53.16714900481385
14.108820645739703
44.44353285755905
53.24229921609598
51.17513849994353
12.545914184635542
43.49309235239557
52.00673884801491
50.04155421868377
9.240394053808238
41.85325469925293
51.18255080533364
50.18474618103753
10.761937399714697
41.99235706893727
50.96263649085891
49.98876046385233
10.535364147079123
44.77630184838159
52.961377642384456
50.73309057035978
12.285914016240783
45.14514276363295
52.961051784519
53.85018526666365
11.648917752131814
47.94121259301987
56.44081354401364
52.267306520085015
12.605308886233253
47.34380078640841
55.38064335743011
52.214706801119476
9.730934909080085
45.6252969383482
54.76782942358707
55.90744602884958
4.19666380212239
40.72345150899226
56.490634220218006
56.61046241752773
5.859596327553092
44.330204354298615
57.15299455236254
61.908383195740086
10.29416121133165
51.73743984874267
62.643327677394545
60.35368725549642
20.0226378281979
55.94600906705155
62.15102261770895
61.450905504397426
23.480227866902947
55.08141545656415
62.30651090256662
67.11882186280772
29.37725962763005
59.60848592634462
67.13230123580641
68.16027279853296
29.67006218383625
60.65041186387105
68.36424064835211
69.92319302214388
30.69571910281219
64.39478386262296
72.25439383133758
72.21348210256961
34.03342922634147
67.08787447346494
74.84881206645532
73.39142355127387
37.214482190434715
69.46015872608477
77.06102468864887
72.30532507257298
37.71019991651938
70.8941190701366
79.00536906188577
72.87288254308692
36.73930125258671
72.65955379385981
80.64341855532004
75.22742905191107
37.576171760292965
74.58657463025942
82.656345546743
70.01103912431215
30.17263104496022
69.59016099357054
77.00969172879611
75.08300924459782
22.76250063339282
71.7862509115222
80.6154569550273
72.54504491539207
24.220213983312295
69.87481587201812
77.0895837148612
72.04206189350015
34.52415606081085
73.76846268257384
76.9204627039143
66.58887701226638
28.765815477072813
69.93722855333408
72.09565093999615
65.30562956864337
33.40677819623015
69.23712945194406
71.3216927271152
66.28619535262588
34.474358576583604
67.92624348723835
71.02057350921011
63.681947868593696
34.15124247797004
67.23763484649939
69.23914500629176
64.29819103373973
22.803153370937146
64.53379330645721
71.03880040416894
60.659325469399185
24.219435249738964
63.35046070705076
67.5202277891937
58.497852509267695
21.860890106647613
63.4106437258607
66.44589030339434
56.40361917508099
14.044319356694098
59.64595441854158
64.28194167246863
55.58790755064403
20.300954829796897
59.71994402287847
63.437730463546515
58.90451039577249
24.145122543286163
61.87147027216541
67.30277216330624
57.43418176509228
24.421741815887493
60.423024195747665
66.42106663252166
57.20314890423132
18.85057220723994
61.40155625826514
70.84919827933346
59.80008665041381
15.445423131572667
63.523076302231864
74.5168903566262
61.123960816142116
15.713605122349133
67.05441920559113
76.31533538656218
65.66216830959848
18.88111675147144
66.68754829412893
74.75880818811608
65.30914826296015
19.07266459673394
69.6409375243195
76.5983558704824
58.8651616739663
28.10649126336506
69.45107386196766
71.96734091328554
64.1335342991656
25.021811450576564
72.40315312374236
77.81610377454686
60.141791559714996
38.507731391418204
75.66381473931422
80.27020602211772
53.97208520252715
34.09659384887314
74.35838000239508
78.71183260102646
55.15830217449446
35.5736099878609
76.21315529904396
81.72064389918387
61.99323003040742
41.17296583638458
74.7671418577888
78.1547915021063
61.678425528958094
33.62007085124476
68.83200773968656
73.31333196525729
64.59144882753574
38.848129475602974
66.6526941965144
71.86718505183715
64.21604753699842
33.329794878595365
65.47610200276921
71.0855719565392
64.97272841322768
26.78082454343111
64.81109163910327
70.82957464211816
65.91183348535122
22.028913299084202
63.67251100361225
71.7402625886015
68.77363443065298
17.084723110423344
59.003229028357566
70.76126882446482
70.28166091398467
13.559798298975394
58.63468368952286
73.39620930327108
67.06170702874238
8.245013274235859
53.77295406995738
70.20101740904029
72.48915536071706
13.237921945013419
57.82423686020935
72.63402562638586
71.67315084196471
8.87713442732296
55.384344014198156
71.7508649649706
72.7252422199482
3.7661785483348136
45.76404032534808
70.42635969201693
77.04121893390311
6.569217433232365
50.45469322371252
74.44387318074044
72.30115852698908
3.888019809280443
45.09468714270009
67.41739628270986
64.18760491640708
7.0485904059316296
46.66405633478616
61.951547278925034
63.0203473893597
5.767792096650387
40.69681954977303
58.7135887353319
64.72856545056291
4.692559419090714
40.07102801264026
60.20855163614094
62.995942615067655
4.034707047713314
38.90608712626818
58.96516594189452
61.646501068086444
2.33430187134225
34.384625021916634
56.680013913688676
60.752639807004634
3.4480857027704688
38.886733448271066
57.863115227850166
60.04861468343458
5.049185647442029
40.74280098795598
58.13648889412439
60.92139309262559
4.518250913688366
43.424483286868615
60.217022039501266
59.14489030466455
4.593644014240223
44.824055301705044
59.935417616459894
54.77008658638609
2.852045263189401
42.2140315670053
57.21263172216653
53.89955819800777
2.079800759152965
40.556056689686265
57.04400025637566
51.60441832844636
6.544784559637581
45.24779169629793
55.22824961607647
51.94013354290665
6.292407403893792
43.720916501560566
54.195601349880754
53.001864575365225
7.575399865394738
44.38233485700988
53.97843597882398
54.17295797873848
11.63901014295312
46.66510594312438
54.790562552803124
53.964583850966214
14.466667229793504
48.17687963861661
55.93468649557091
53.59483498621295
7.987969025810159
46.11538913170461
54.544724316737685
53.354340291336165
21.64147384869901
51.299437564579144
57.838829482644705
51.183965977548276
18.66645857719524
48.180178399470314
53.66998989579198
47.841428073491656
16.836464296713
45.280882230526565
50.62603948801231
48.48231395794921
17.132604457014903
47.758980911227496
52.07840282743621
43.44513039572994
19.377286710225498
45.29200662037481
47.49748891034809
43.33569270013173
11.1675475229546
44.84908981061174
48.77880550598386
44.855947598182
13.12361734859479
46.46766168346406
50.511603437787734
44.9443458297072
13.433165926021914
46.73645569322984
51.18957045468174
43.06389519801547
9.237209328250806
40.91059344911315
49.398073012851796
43.21888395392717
6.56854989734475
40.432603337371674
50.33684540901567
41.84022136479946
7.334363983704331
41.48215598435486
49.446753824220906
42.994015106932586
8.34382679277009
42.7683247309114
50.89135935497768
39.4707004740049
7.77196311485085
39.65991481716428
46.25331674239103
38.26356795374078
5.446493786459191
37.100460616196564
44.98928077087211
38.875775177899754
12.262501885408112
41.65487452311761
44.69277313912635
39.95440596961028
10.184522291715451
44.305921884825736
47.46873379746336
40.04643580654819
11.434260567781115
46.07195677999058
48.33509496557778
41.71976432560685
9.319624800031654
47.12121543402602
48.6265514635607
43.10729554520166
8.11910358718834
47.42126696415367
49.726247264493516
45.611327576212425
10.970161880730057
49.77245237643987
52.79651339810445
45.409315541889576
13.384718074285145
49.3012541152282
52.94055844873058
42.31794732762829
7.099193398980905
45.319383546693295
52.91243145607107
43.14471112765191
6.678687358043776
45.349518554149626
53.70493476631996
44.68265141314973
6.711225950893903
43.15913831112444
53.50784990035798
42.07079498237531
8.607938962968161
45.21826176708534
52.62433650634068
38.95160734179576
3.870245651392536
36.74267915110189
51.186994925478885
37.06630421556421
6.1601626355721315
38.51803817840805
48.12333001371043
35.61298885198508
5.546533383941676
36.367925923799525
46.451822000488164
39.8093952982274
6.479265455979518
39.65696884573744
51.33780037015734
41.695248592553114
10.144456343925585
44.874564252893016
52.38586416444554
39.63498988359424
9.916393989871494
42.7261144335428
48.50206050234046
37.898852401127165
8.011600990569912
40.69944141903814
47.67388892050033
39.20589602156282
9.343291111015596
42.24247013467096
48.87693665037059
39.08868162095135
9.546903790645164
41.95254437841044
49.02483868972275
43.892884181108215
11.934710106160749
48.37920579860304
55.76810810248371
39.972564253151205
12.312291302683976
46.24790724271806
51.097180542450246
38.59452951380902
11.40266455040601
43.95411425596706
48.61677754531593
38.41225859867354
12.00916331453158
43.62612724355782
47.94907597552715
40.425673821623505
13.186231927002638
44.14137691055853
49.17327548794785
40.78578651914304
12.001709126673434
44.22202228685881
49.985843738389576
41.93958932440676
8.418094438463976
43.78065169929985
50.01502539833551
40.6385809981102
11.979905045203465
44.88283761671694
50.37227708410975
41.83715497386764
9.687403163859319
45.41700138722416
51.4975154130044
45.5419297680016
16.081147310562447
49.174692981578204
54.99509263344022
45.10918307102668
11.140127017750677
47.17705308408401
55.94503202499318
46.30469847869063
12.562126157376897
48.09696521208529
55.9406640184901
45.19489825203405
9.655021214858708
47.7450365838416
55.48466436260818
51.50047782628082
8.84949088767668
55.83091924477527
62.893958840575465
56.79430659154709
12.244001130179125
57.719796514778174
63.656045767510854
52.79551870057684
9.548718591199485
52.09701343067924
57.6222480255702
51.785861451795896
15.407616493604046
53.768507588240574
57.781697035087994
52.71543009589273
16.37045488223513
53.82254288608089
58.32920030981174
51.39235981732605
21.5470549357465
55.12247236979795
59.51241959644104
48.4958410120855
28.594121188373812
53.05828502381089
56.16281777710134
50.307241325036465
27.29791070311304
52.37193072586382
55.380088881025344
48.320301783086485
27.353816834524345
50.837879051510924
53.57504986034774
52.174552713311
25.055423514004914
53.57467072712018
58.5223154073114
54.98753322278105
17.469726969530264
51.04218606484322
58.24636503360174
51.855189078947255
13.209015474819541
47.60147775209951
55.30390148851771
57.54966917906122
12.997397944382877
49.199890580950004
58.53944791650602
66.2588232467789
13.701738180962359
56.0371139712972
66.36869138195813
66.87826358238745
20.767845340417495
61.3783950934869
67.31753230415418
67.16610923058784
26.995643494563854
63.14660675554777
67.62485887301033
69.41098591065322
27.838834494555336
60.84864793140371
68.33378699841023
66.91821707904136
35.905292880243074
61.20342532356997
66.13202230400701
67.23192780478631
36.0261441983065
61.70983114093287
66.86868194385194
68.83430907713904
36.20757548449608
61.97852936439192
67.64984990482891
66.29692401611427
37.932183573772726
59.84572091322325
65.18909033437777
62.176099851308344
29.796325823177952
53.5312106528701
60.24218867659136
63.57281908456647
27.651022353108303
53.37693746584914
61.104201357739036
64.6376404716835
27.71798697167093
53.08973683140712
61.455644878756864
64.43734915031898
26.26554676958319
52.70123357093128
61.28306518466154
66.50954901770088
25.08968863956029
52.49316784403604
62.24833505895753
67.53219056903465
25.889586381408453
54.57941953059215
63.88811741811155
67.08968700467037
23.459478420162604
54.346402030527244
63.82152955158926
66.92748292355178
12.08145346273033
51.34510945205736
64.01847457426148
69.7205589028885
6.788539973732989
48.18382193639786
65.31280823147242
71.832178706082
7.079532169691142
51.33061380697599
68.02187506335167
70.35994363628714
6.400822906561676
51.02529862855767
66.82247998121245
70.64675152367697
8.450969478579227
55.21655976504593
68.30304185508868
71.607716923772
4.348937227996996
55.23152454061683
69.92806936575211
68.92288633100355
7.950315376982153
58.81281305625069
68.17799126240425
72.2837844949771
2.669881321718698
53.98630977302895
70.06396936421105
68.7253429404189
2.5281930721338886
50.40538467745939
66.73608630022368
75.48324035905028
2.0721472214319814
55.98390460555465
73.6183475135373
74.4633909535491
4.8091281194915965
56.154145963303804
71.88112091264108
69.61068346850188
2.457773438349543
49.40852171324134
67.46039850029065
74.22383301316681
.8667018783707232
43.03813430946032
71.09770558283822
75.27017569858198
.5399244258486176
36.63171784488147
70.91764022919554
74.54914802495078
.3769919546195691
32.62109530602971
69.88867831768992
75.92937819828417
.29070612813617225
34.66672276126854
71.7122910525469
80.05795246487459
.4469884799326633
35.70360447688153
74.50525863396324
76.43590617053478
.4929066789052152
39.14190292035495
72.6957516946076
74.65820150368793
.9846072205496313
45.799378508025434
70.74975059879165
82.24390369146192
.8116202473846904
52.01220826028088
78.74627741226138
76.06707534069623
.5120042447964521
44.97778873893524
72.72539160113041
71.14218158417575
.40712578964710616
41.2571178099754
69.31460248888618
71.55768688305963
.6663372691557093
42.986900193413675
69.82420211266951
74.69510700175333
.654016649789005
45.26680288424134
71.61512155917144
72.83784626540584
.45188714901239535
40.01565785149867
69.23655186046405
74.67944082454063
.5060846867511384
37.05312935041434
69.36421738519327
72.12433347060306
.5188316332117271
39.803606137223916
68.62617968832673
68.26952916763324
.7667806096076705
41.70509922628248
65.9420139144687
71.22446846155881
.9506737557729116
43.54296753126166
67.77631068877247
74.86741532490203
.6230728177780225
40.5033346949965
70.8612631189616
72.74002108631906
.6794520375463332
37.39700838034822
68.29777595713557
76.08258495450436
.32012813431027043
26.30553754343938
68.81180742485039
78.70360625991118
.2905006316991451
31.529815183895717
72.6380342858029
79.41808862648223
.40531706087410013
39.4776490754742
74.63716337130728
80.9306984959559
1.074926484458041
51.70858221825411
77.20527432011176
80.83535826496005
2.0816423587069655
57.966709850767664
79.0461331056109
81.89033854398068
2.043192939031992
60.89868281109345
80.650730119742
80.10465675494692
5.902289983780701
64.37409371966778
79.03685036018302
82.66746473503956
5.460400000940688
60.52629779954632
79.91538526281903
79.58068696206598
4.892610277742871
62.96569062965332
79.11411373383532
73.63633665827732
3.5341235407698695
57.8954453945308
73.77016023410069
75.73772637632558
5.237376353764956
62.1675729984557
76.27270551362069
74.71115935426066
2.988376237135193
56.15475471770168
75.44419219045474
73.16418914015367
3.5502161352905417
56.58403217723175
73.55238292977828
73.70984191267445
2.2507453041965246
50.02328054052452
73.28303101679924
72.52596521386813
2.4047761642493306
44.51878038812377
71.13937984760986
74.26244404757104
1.8948382376607562
42.98197117628452
71.749302428227
73.11124453228128
4.764148830734331
53.69644083545399
71.95512023810912
76.4278640683018
6.777926523187882
62.019400850812474
75.6265866011019
78.51456470848615
5.487322898968922
57.29251580628277
76.04315702134096
81.05488273178113
5.399031210881109
57.49531685979949
77.67078120631668
78.63884146893766
4.048539002306074
51.52916063924097
73.9885100696243
77.84874947578601
5.989271440414993
49.476119609368425
72.13594299266174
77.88065332338165
2.513750189993188
52.68331102536186
73.95837347050146
78.05917814298412
1.0470638410819486
44.914116037621916
74.44650591833046
71.64245239729982
1.2674822077127297
39.89683543098774
66.88865707899768
68.07296097998201
1.6041464742378884
43.745205741123996
65.87517683320283
67.70725645480863
1.4253595516062139
44.16793561904892
65.35353082247035
70.68205512750072
1.5418094138870326
45.5637571420347
67.12048910055736
69.61828668642552
1.518800342918611
44.732293272374214
66.31936081530701
70.65915706080247
1.2827292995937252
38.460713280581516
65.63937016479893
70.83723596044769
.6951873790534644
33.57738124777146
65.98442852994106
69.98715601618136
.5870932359542509
34.00355962109215
66.70248753878916
69.07145728689996
.4650052788457559
32.368502310955705
65.94343241389304
66.73004153729057
.5586346801601196
30.068546832776402
62.92523058118203
61.189379263856566
1.3125908537049933
36.44514014988497
59.680475967723865
58.52364105546107
1.5477737957479223
42.8283653963622
58.554609236093356
56.2696891085469
1.303747404743169
40.44411045295509
57.16832361138394
54.50601052397947
1.5759611964551064
38.23139676044146
55.417962456818756
50.50112028714608
1.381906940472011
35.208152324861025
52.082470309335804
52.4709895378475
1.4024227794626776
33.59126290561095
53.22592074885743
51.3861912338599
2.2312158044191546
31.504576845205566
50.68468960039425
49.98916423029104
2.777692402496674
32.15082653057701
50.12447321905014
55.112277541391975
2.4392281525741004
30.491454135803345
52.01908550012948
55.21853408602998
2.7245848585512706
34.73256543384115
53.39980436004724
57.48717216234556
3.421897622754024
38.518931080351564
55.496646165523806
57.94739912201865
2.468811319712562
36.85891778926083
55.67940458604253
56.65943175711011
3.3153765199964274
37.85886991985465
54.02887342888995
54.659133580049655
3.8034483008254134
37.82970358487832
52.32935289951565
54.813187352752955
5.689202774584958
39.54011161588088
51.627821313847726
55.7788683642871
4.517129225669364
38.49692231059347
52.17238404597609
54.41245985599181
3.3556795341172974
34.953338397820346
49.82509704624417
52.16834190906999
2.7244520147839943
33.295104334062486
48.15241666040795
50.48395820332436
1.458560522819275
27.874156061802076
47.14615207979856
48.92375189535495
1.4251171366791293
30.23250085517125
46.90516399582157
48.65605791160496
2.5052379380963234
30.282833632860747
45.89775866121342
52.1842495910307
2.4306298619118603
33.83340493495514
49.36119370475846
58.12538670367939
2.4698032455902785
37.37855894973555
53.72624640468875
53.86066891698776
1.5349537138736287
31.8131696360722
49.38416855347181
58.31597165029119
7.504956816739878
43.86965414724609
54.97540351141058
58.242175849555466
6.596321197070749
42.65139811370538
54.70239342776225
58.05155431507272
5.462011396791081
42.63211840860969
54.68482202265219
57.69349042405786
6.8700070446118335
43.50163927583112
54.35483238900682
60.19582721408494
6.129007153757134
40.275599761584395
54.542931759874335
60.03347332877753
8.030142077188133
41.156975721545386
54.10408458605849
55.81580196699858
4.873459060854957
35.82243182939078
50.120392705961265
56.68003558046238
4.725640960295793
36.97787246838806
51.535566591089705
59.78743476102235
2.2225440497123636
32.37944885176255
53.32480259065867
56.40802613324739
2.632068129134877
32.429524705835455
50.7300842762708
59.604335645560795
3.0444087855615263
34.689564915945205
53.37860847271833
66.75728764583688
6.01301626319579
45.8889227056951
60.941660895279206
72.1670542993803
7.524397958235868
51.11199406100523
66.07728461992637
63.74245856462939
6.254782445028028
45.616928799242885
58.15945325196595
63.955360315855465
9.876836495827867
46.23287152977626
57.818529836458765
66.0739423041388
12.526320424930196
48.8825973817563
59.80666767200667
71.39104943596514
9.19082468046173
51.28809789504952
64.77178374189735
75.6754759287781
10.985049631586202
54.31866245021615
68.60755577563471
82.5722864732349
10.730370636720705
58.36234121779332
75.1469416267323
86.82948549161289
8.479533108085171
58.74180742874574
78.85602214879141
84.58263563425061
6.07931010371101
57.25768489725045
77.72859559989557
87.16066492469103
10.090372793569706
62.72344993387157
80.07800398509438
84.45524666767854
10.399926660555671
63.43983929764767
78.53860522582563
84.57327771902757
9.194608569368558
64.78225788284715
79.37911389697918
82.84988467854923
8.306856550344332
64.4270946730759
78.59446951719373
83.1968222598025
10.148430466632309
63.83968515599613
78.08683104899434
85.01458951567436
16.24059317572803
66.77031439723378
79.45964196939428
83.79868048842712
17.51599803671956
66.1297005157238
78.3370816503811
83.76776349046602
21.01790700225664
66.40446204830485
78.26215216279446
76.62233879468076
24.120597239011385
63.64290457182148
72.66101632004504
73.30175489780115
30.527687377855603
63.44967285613503
70.4272054092597
75.9135390368289
19.665631450504993
61.258598618130186
71.52063794698114
77.42830224714747
21.08024841313996
62.80230084033977
73.1587449062775
73.69110816364942
19.599404876172173
59.148109153630315
68.99370691006065
75.42440044946359
22.174904291312124
64.20744913943554
72.37773056871323
79.26539136977084
25.283373083455572
66.73907562190725
75.42886227693796
79.37524846992103
23.8329579762308
64.58704117395291
74.7075578907371
78.32741076701267
15.665481944427057
57.690692554021155
71.73437074596046
74.79199497118155
17.757687686882043
56.43515370747294
68.65982905056872
71.93111529199726
13.20688831770386
52.09007316986691
65.3966795428468
69.71508770710075
12.541860001778304
52.734775717637156
64.70764580311072
71.24740327002876
10.818910302921074
51.10496849927952
65.37521888037816
71.53591847468935
17.683434233744414
55.88100519490843
66.59526990238611
71.51671150095241
15.837756708279109
54.714376021559055
66.04212794309991
71.88955402791623
10.755409667089815
49.81491611726346
64.91735021177047
70.45420723806215
10.822219255691005
50.020327487885304
64.20800593861648
76.0945068757348
9.058648130056401
51.39884377220625
69.19857096235417
77.20446631191837
7.077518687078068
46.66432738275978
68.3713786375769
75.27153468329055
7.858900013286178
44.649812903640814
65.80548020484139
72.66403178414102
6.820239394613005
45.66014460750788
65.05882761672271
82.57946741578232
14.718594909760267
57.506758625550454
75.72054055812643
81.35397749103599
13.402276367627339
55.812333540391656
74.18199457612405
85.01862307275978
11.35321321797265
57.35816346607457
77.62693251008551
84.87441408824111
12.3471660142096
61.363876101764696
80.41724436160636
80.80563448822969
10.250969627887063
54.440273100115995
73.36965722544043
80.73296529296682
7.52719856473772
51.26676675063205
72.68618330707598
80.12708684283461
4.087524261547615
49.67698142085179
73.24994969301532
80.7019836847259
4.043894915435124
48.28027987600846
73.38836671938235
72.41285003153881
5.891982712714614
45.96995331932022
67.00125899439836
70.24222583892599
8.977380110869937
45.49526237312579
64.66035625797468
80.13854224679783
6.087562379089215
41.88220295740341
69.46114724465714
78.79063310404653
5.647946031181711
42.084363760399135
69.03021248667051
77.51165492407138
7.827286502310022
47.35851997949853
69.58924259047421
79.82531820811425
4.898403603170496
39.893843948012965
68.22629275463201
82.54071527617408
2.475998294704184
32.828876819131615
67.14220611037585
83.3043112528395
2.6829901224329538
36.17957630944553
69.88580176138073
84.35728759940827
1.9377261187476167
36.76014851708845
72.21805891755861
84.09161349996624
1.0738143116267584
32.389305329383646
71.51668721809472
80.0883100180013
2.2169311568979944
35.41714811769548
67.00991280435856
82.7957302876777
3.047032523575884
37.91900523718813
69.74177117914455
79.57650566941199
3.389972330402926
38.992366470818816
67.82384999508426
80.09644230267077
1.6509124671618127
32.72018328746843
67.3445543948616
74.59855650490678
4.065477297601964
40.949164633224626
65.21758724126909
73.82628076956007
1.4804890740473557
34.750063658352204
65.30726236550191
77.47649047046774
1.251341563604761
32.870473044237144
67.32817031526768
78.08481688435853
1.0545890935266555
29.323053531479083
67.2201436352326
79.73239509495853
1.6206948190258295
36.28810817913495
71.47102600465311
82.83256634888588
1.3190433799021992
36.98001159198966
75.20731615616783
85.06124831595193
1.9682528054187733
43.297594988009884
77.79278355689533
85.25581937533832
2.2200302550739757
49.21987399322272
79.35537468123466
86.36933367968611
2.654796197337037
53.858586374356626
80.28022576967666
85.5329187694714
1.4300753093371277
38.63676923075281
76.25869057424671
85.25770479466088
.7594190819875073
34.29306358605077
77.22489198055234
82.87852968981268
1.2041890115648746
45.95638751490341
77.57955242883119
79.93568912499481
1.1287455277939678
42.626380394732934
74.62829910171186
81.22691678016061
.7239151029626408
33.347795563343645
74.60985805318118
84.01477024672289
1.302290861021173
43.45420558859772
77.64417338022425
81.18756109672597
1.154111096838969
47.014692098165064
77.91281521462786
81.7159528473803
.5749577789558437
40.36763346368632
77.94632578098039
82.10325404504898
2.7700831508524213
58.24968967482382
78.88813612134088
79.83932054662873
1.1573864302906693
53.24557424797429
77.1007467874448
85.24664574753972
6.923099583006586
67.15321768297272
81.87053853234363
81.96929119717191
10.716728852720676
62.403936324308155
77.3669723579316
86.22288360193706
3.728910143462178
65.75782276743229
83.26350635816716
87.3298684817733
2.7747846664723705
64.9149785631697
83.92016508259947
86.47721563206481
1.5266013748414586
59.71391472668301
83.48438877778351
87.47124765156083
1.0731455532025052
56.02730523147139
83.8875884212393
87.4375182570125
1.3986592592062643
52.850879130272986
82.6029112088626
87.33561553431421
2.0084345067192384
56.93252537838957
83.06800501785038
87.73305912427803
1.3362339888823451
51.14607890861367
82.49951274191463
87.58624136017114
1.3604005518469373
51.96416887388488
82.90850121157263
87.26203617605852
1.3877269025749075
45.87517565425018
81.10274951340716
85.93464606286418
.8287133116148588
42.719003461620595
80.47646423024766
84.23750914881647
.7761330382039627
43.184904170821625
79.93296327246816
82.27874039382397
1.2415755466273775
47.203907846565876
78.12186905363856
84.56897844778595
1.1350592242567834
48.3350230819504
80.2650646595539
80.9408540386511
.8791381673889037
48.33822777920961
77.00635211719711
84.9086075241622
.8980933011508059
45.94059717010466
80.08997383507504
84.93992920571414
1.0995387069112226
49.59882985455624
80.54566389083872
84.25915362188847
2.4156013990643976
54.9881653520274
79.56017064183489
80.87096857919956
1.5013532217553656
52.65931097381062
77.99449447613078
76.00740538733196
1.390518811899163
50.58939259912066
74.643008628244
80.17472646634823
1.4930455401188825
53.69239074037499
78.04178016443184
79.41237964618298
1.2328296143030257
51.74749560830272
78.0406277680223
75.26226581376538
3.3641176363575056
56.27224456832921
74.622810065544
74.84573116532313
3.6316984947317814
52.97486557642246
73.54408811673375
77.89877794002642
5.304707383532386
57.378820414570306
76.08999210617263
75.87956043993722
11.157248670553694
64.48760705138288
75.78708506178592
79.62864946476914
8.696167144684233
60.65319491581115
77.66125056392869
83.03994760730853
10.338830894174038
63.99867894665021
80.6202305452363
80.68666519616059
10.55311885981348
61.29105985216294
77.49001771407787
77.24797783666574
13.750426764941581
58.259141357980646
73.3436208356381
74.20795641051127
18.105201189880642
57.29169801899002
70.3281340446557
77.2766938409859
18.633990237437715
60.394356661268915
73.83799782370514
78.15552188937036
19.83442873581407
61.96804917512259
74.86483746648005
79.15219110560199
19.565716900872822
63.43304190307818
76.5848778785756
74.0210211681815
19.530644032655637
58.38131002286248
71.22453120573205
76.5197941840326
29.54027616616843
64.51560481128602
74.49340602438366
79.12871196790071
28.912909684179386
62.70479079589168
74.73058718771725
76.12285666645347
25.080270598323782
60.23110019788164
72.65177071338096
82.18224823392305
29.55567792202178
66.536366428496
78.2386554109867
76.84188365524192
31.72941339226052
67.6293335152261
76.29085652478102
76.8615403439346
29.557672710725583
68.10246657804646
76.66922475579769
68.53593762139715
33.9746263024456
63.76255506421991
68.9922572423218
67.7611150564411
28.869320054025238
60.03681924886892
67.28835930029061
64.31998011986626
26.77289411639156
58.990466329542954
64.82727068953467
68.96236413864139
25.93888449114953
59.33678509773216
67.65415906831251
65.19337944038766
22.160360642302876
57.27049910159492
65.14800804316211
65.7555373045362
19.390385083495875
55.687378991302715
65.30091409726111
65.20581355225407
15.216408668233964
52.49649995569731
64.62408941202679
63.81736751739816
20.26881855103545
53.926233546017315
63.704492367830326
60.370261953358934
19.636264722689045
51.232319462122625
60.71604955923
66.47408518812053
26.633374829421705
60.949039773926295
68.39153130881084
67.76463527539823
36.79608220903368
67.66146134066022
70.66565346815585
64.68807712444557
38.27073922565604
67.69888772422583
67.53422702563141
64.01690896656835
36.94235200070891
68.44346328378593
66.96807030638182
68.46557766388042
38.48032517110651
70.45633150656171
71.25243105268397
70.59177001928126
35.23557834980981
69.80171207186172
72.39539860470532
76.21727264619243
35.01400580308556
70.75250716352849
76.81879331911863
70.14244702954798
32.146823225038375
67.0116337468978
71.96294805677825
66.65950513277998
24.611767059904317
63.92099675000064
69.78570406113653
70.96566893682665
16.53789803737107
60.00501805550683
73.13525764700188
64.92597488039479
22.652210069393877
62.07513953322059
68.40274261099503
68.38690185268757
22.346112274184364
61.3675151094784
70.10612248634065
64.3406495387787
17.673443201489114
55.47038519313471
66.36655958295047
66.01010061872289
23.77519268867533
61.048132371682904
69.83108316746079
72.90672470371791
29.442277005373963
66.01369618966326
75.31144505053422
73.45341338877365
25.912693571111994
63.35483115287895
74.97557051993923
73.44056890497875
26.82839491746588
67.88775563436471
75.7198607329919
74.1429181895717
27.485955637588923
66.90727872523301
78.46453729643646
71.22817627225072
31.806728977455332
67.13995361562975
74.08641237815125
67.24652548385623
34.319936585240974
65.20473558887679
68.99609577784466
66.76398653714963
33.32477354259881
65.72357896873531
68.57338297341384
63.46868909235881
33.03017470817671
64.08658746288714
65.41763296607232
61.9346386914633
27.614709074065807
61.30722042755855
63.791860488461275
62.0232618118326
26.73060222912519
61.47692444891109
63.24569632531214
59.85678736577418
24.345118331741414
59.26589596620128
61.10707646534751
60.71074483321112
23.10948400610507
59.472957476755155
62.503914420609426
64.52199347668349
23.897927090388375
57.84766473555659
64.41165599231907
65.6275710423989
17.997420124012443
55.55962449312964
64.36640703277591
71.35606337045469
16.18674600185891
58.39549029202524
69.62935629873974
71.71385171675455
18.164486028533297
59.99755579271066
70.29020628733174
76.15026234133056
20.378067438284415
60.19234219592173
72.9773157208971
78.04794335287147
22.85102245642974
61.56302854080547
75.09258835731254
77.29137258592296
16.871029890879694
58.08752784429346
73.17176192055575
77.95704211309206
14.542068893083577
55.75580958953328
73.14840527385995
77.64938011176923
14.004994517143114
53.97378419426036
73.06348119251129
76.36222771767643
17.109065945776774
56.72052129334654
73.71152436674183
80.09945919677308
14.50682136394207
56.12229129078782
74.15320540284945
76.35167708922569
10.485091577094279
46.012710778984264
70.78697654084768
73.6111906862663
9.484620057042855
45.327645910887256
70.09994098580223
79.7747019668843
10.86921290022839
50.14766258811446
74.45977816165987
80.0678713039645
11.966736680681231
51.03141879141604
74.40465505355343
76.06611432950191
14.398597857370481
49.797372699045994
70.31953053643839
75.51207778182759
12.39520570363143
43.51977487563559
65.96978276281403
78.08765142934928
12.29775107202448
49.31976568370182
71.56884005626608
81.19081978657536
9.559454396362165
47.255140050817644
73.51011151869818
75.83899712482183
9.154583752543598
44.51277765869709
69.14428122500019
72.28741236431189
12.1940941877507
48.22912079747279
68.20567367372838
75.42797932326086
13.393212870474756
51.5077230785842
71.58804812144145
81.21983891884068
11.034179730641348
52.980276359736
74.89454357927498
83.48388444607869
13.888035940230614
57.516264000470066
77.00658115640861
84.50915976580667
12.400813892856341
58.77558802919241
77.54252674703316
82.81251068902615
16.490644803929914
65.60474898075067
78.62366567584849
85.73097197472744
19.97871364668745
69.07224580080063
81.69559914143933
85.2308621039238
20.810776832949657
70.05417109320577
81.62531416691506
85.3529889214191
20.975199212023664
70.7830720883482
81.94105624881796
87.76629514622951
18.870491064760945
70.40173353266098
83.38432576930406
88.5391964848526
22.381283019164776
71.80499035699742
84.04253383650433
87.94609347903804
20.621743590361472
71.68493177337143
83.76283980890211
87.4797857677469
19.211577645773804
68.54425964740092
82.05870174672361
83.5118224425626
12.176645525674623
63.243011512178114
78.4091565761497
75.04115071211628
20.25802188516696
61.02737983857267
71.21099312748632
83.86921755559744
16.290281717628716
64.99904996573635
78.8618923951806
82.83638583908154
13.02639705796049
64.84548762347839
78.76209655879663
79.87847240621635
18.584552307152006
63.79817915775778
75.4076600812342
85.93076293412174
17.363510768996047
69.99710265854007
82.0878386565907
86.35845927112068
17.58961828545008
71.05164327550726
83.1421027280192
78.99504702877243
18.848415995830816
64.19429293930605
75.19073466948453
78.99155281180761
18.90409428850432
65.14047996479475
76.1649897986973
79.54458587990369
19.220243220290772
64.84283394402428
76.18952118357673
78.72760860045545
19.416208147337834
65.24218526890257
75.66306063385298
73.36150222918864
14.379877191737135
60.922589341972426
71.61899175159449
75.16035474040886
20.971799171755418
61.3301617480539
71.1618797694008
83.66661391980365
21.03403698079534
66.80164381855255
78.77271330381542
73.18782471916735
16.950476426120467
61.845625182986154
71.23475202607818
74.42823103619823
16.572009153462748
61.64222366971164
72.62965759432886
77.63942256350016
17.203485875689942
62.08417586939837
75.00577856638894
78.63492744301772
21.60349280493787
62.92384289987606
75.16294385851818
74.24005081298758
22.475005511022594
61.13912453083375
71.62271735416684
75.06738311899538
17.036627486388948
58.42073900943259
72.0239483750781
78.6883967153128
16.654970236516963
56.30203476421526
72.38667713512362
79.82640447818893
15.68064121522758
52.96339023861931
71.55734979077604
76.27080620833185
15.028636711254943
50.82492276105395
69.57043562687348
79.90958576328687
12.844872851211893
48.260404117046754
69.58456212433687
78.43365101608806
12.245472878883861
45.4073290404585
67.12257622714185
72.72246844484995
11.989480917371854
47.3096675418314
65.22017666372305
