1
1.9024557852123678
1.6588912248782586
1.2097006989326624
1
2.161969005787148
1.82758476574232
1.2108459935485445
1
2.345577096529399
1.9285986248678615
1.2590303271306
1
2.4234863754996794
2.0342126470082826
1.2828439882118987
1
3.476551711140811
2.967249908648242
1.6675535373080193
1
2.6465843128557265
2.4776055724936894
2.0360401288723673
1
2.7652386649620646
2.6117082642765137
2.1200131138214084
1
2.6559886545911677
2.5222157135123187
2.08020062247942
1
1.9898221140351513
1.9011672858138602
1.680777315663843
1
2.1444323614414134
2.0438534578260237
1.7881080101771947
1
1.9475982550207516
1.8534496844731776
1.622154807345979
1
1.7518201450650246
1.6961587733989114
1.5479205873498654
1
1.8491835013727638
1.7416119799082914
1.5122502617658877
1
2.03796675256387
1.8133614634302735
1.4148210136551387
1
2.154757627203722
1.7510216071235456
1.1068833241211093
1
2.215189791725342
1.8322826736231161
1.3859432393195725
1
1.9433898640839158
1.6861479039677658
1.4259963107553641
1
1.1562815508407318
1.0166062418540132
1.002198316139523
1
1.1727253725839974
1.006703381049299
1.001427766434392
1
1.2473739890512747
1.003301775472655
1.0007782071372406
1
1.3109615503225207
1.009068938889217
1.002308685188314
1
1.3019793037879812
1.0414116374323756
1.0060392035636185
1
1.2791597347615962
1.1198766988643711
1.0116982587378547
1
1.2638312737134543
1.0747686908583154
1.007397432462817
1
1.3626493161276518
1.2167524885871328
1.0875400374043664
1
1.2925980790584133
1.2144080135510364
1.1259690468136183
1
1.2618648710061349
1.1933425723459021
1.128919796498972
1
1.3140562300962446
1.2473173890888793
1.1851667670602322
1
1.2981288089613061
1.246871331697975
1.211224311679819
1
1.3901043864790659
1.3233725274440347
1.2760649102496013
1
1.297125423972953
1.2337093094903617
1.1891843139875076
1
1.2518685303509507
1.2299800051822827
1.1955983231351182
1
1.2054889509145639
1.187668187158919
1.1542779920057038
1
1.3840949140948198
1.3484594131814542
1.2614595784143676
1
1.3653595670919403
1.3438409405946532
1.263751321599534
1
1.508218421550912
1.3772235374639719
1.2132511730789246
1
1.8261984956150514
1.5827578967473872
1.2284172516517866
1
1.990602672077945
1.6079800543197043
1.0607372032281355
1
1.7697752880499888
1.365663163164758
1.0175137904593605
1
2.3031964827597546
1.3494014088766113
1.013812276438971
1
1.871950013354408
1.589375875176665
1.1184275595007127
1
1.9546364101874305
1.035775831246735
1.0050869538637301
1
1.7922096378722439
1.0518726586146665
1.0071290368112804
1
1.7777834563452748
1.1718551195213762
1.0137779682207644
1
1.8804445562922631
1.1722126642610453
1.0126228871189868
1
1.97202493385348
1.0947470003227635
1.012734562589809
1
2.206503046041686
1.1495667502113835
1.0079786092439285
1
2.3051985172994276
1.5086608128847807
1.0150126446658152
1
2.5312864064233103
1.7132081208818228
1.027714036416597
1
2.5452917925593828
1.5485582824699773
1.0197769696357104
1
2.645598368046788
1.591451872278348
1.0197419370415974
1
2.472680544370528
1.6662451016783542
1.022659219760083
1
2.358675640655614
1.6555387653215419
1.0212455502889282
1
2.205036830165066
1.8085717626923488
1.1096665228044582
1
2.289879318600943
1.7770032576409174
1.037545448753639
1
1.7686932744248385
1.4990122387038989
1.1565411075595875
1
1.571729975668547
1.3922079434213184
1.1503635845891949
1
1.788589884133174
1.5229165604956445
1.1560287049488016
1
2.1064937175362437
1.7417382397681531
1.231910113869216
1
2.031884755974649
1.6881871414162222
1.2958655809188715
1
1.810537394397125
1.5048707591837842
1.2761693588558969
1
2.0535251488127124
1.4987847017764246
1.1030261853214416
1
1.9696606643858767
1.4185855462628376
1.092282986281025
1
2.5796036829405233
1.49952861418141
1.0156020425644148
1
3.2418737501087183
1.8606827657021112
1.0192196714456645
1
3.0920747850942925
1.640231152512597
1.0142366326927943
1
3.887230609864351
1.500214989100308
1.0115356145997045
1
4.193704885631544
1.4979458891206023
1.0132954303602804
1
3.577841825638086
1.5946613173229374
1.018702477533246
1
4.2379088828992755
1.5547051224234407
1.0147692920186229
1
3.3624762626861
1.561553134663151
1.0181135399727073
1
3.648769329103078
1.2324231670116212
1.0100638009303944
1
3.7410196859045453
1.1259581751743926
1.006711477436284
1
3.9545895990149953
1.0734096480097395
1.0056778259836583
1
4.297380543069705
1.0534726549785616
1.004515912726312
1
4.529803468250381
1.0434286336963372
1.0029345349556675
1
4.008933802683322
1.0375623770217557
1.0028296315367218
1
3.6279584267331924
1.029319929131293
1.0024624260559714
1
3.3450354944339598
1.0310843940409586
1.0031690819578716
1
3.037315612789474
1.0855775891603856
1.0054396307764608
1
2.628657234721261
1.0645400626467167
1.0047694488730607
1
3.423923340070656
1.3514327327815903
1.0108426976533236
1
3.617680652111375
1.6025268428261072
1.0150003271176375
1
2.6735358676321863
1.053180865619152
1.0034965600841503
1
2.116975583451142
1.040412824800897
1.0034147072851853
1
1.5277564203685754
1.1092049715380892
1.0066819603558985
1
1.3705373642426877
1.0415604978266837
1.0044607919226198
1
1.2921518745068363
1.0898927153486762
1.007038018189719
1
1.3404402620092841
1.1559336679909462
1.015086363596715
1
1.3315144007252204
1.1582392839282272
1.0202812996770259
1
1.342719680015174
1.2221254360009426
1.0692355242065286
1
1.238729320760315
1.1430782139147158
1.0343079937581283
1
1.18246751720052
1.1130251946507894
1.0562595186502663
1
1.3117444291070972
1.172408305144644
1.0493757820512115
1
1.4941851244253905
1.2035314691864192
1.0189354928366174
1
1.4280274432559485
1.2148580207566484
1.0245903261925975
1
1.3835259344078177
1.188201750825933
1.0187954257763776
1
1.5747895130301894
1.2151097018867372
1.0148058141457688
1
1.7610302064789243
1.1767604024565792
1.0086497428483556
1
2.071207312948936
1.1350718235741373
1.0091103313398067
1
1.6943619817719255
1.2832000049235943
1.016146316269642
1
1.9024884412296892
1.2319025519508129
1.0121168256681492
1
2.1874227948699327
1.2773125247862946
1.0108246314307898
1
2.218493874540884
1.0530021069002076
1.0052104495242793
1
2.3219435480935737
1.421343792409073
1.0107389893638465
1
2.7155047780393735
1.5653768542453659
1.015132102495378
1
2.819223630412962
1.1096412423985078
1.0076300772007973
1
3.0088577055881336
1.0632454413477306
1.0052631737868074
1
2.8098680248053074
1.0266944430197982
1.0023038668573852
1
2.793472546678687
1.0302923690822934
1.0037126175453162
1
2.646262477201549
1.0895311966541226
1.007015875066734
1
3.0844942048120934
1.0651991729732624
1.0054839665262283
1
2.923300567632578
1.0493738116059577
1.0065204585050866
1
2.8417725143999126
1.018167749819366
1.0025821390066154
1
3.091191200681817
1.0652484495170589
1.0071699464922148
1
3.118692085830237
1.0945187434545076
1.0087297014157304
1
2.9818314874723115
1.080602545390383
1.0071100758426295
1
3.0870698962760503
1.0835977254239246
1.0068915070187097
1
2.7976408186790214
1.0565874746174033
1.0046782074700529
1
3.0494215473076003
1.0343821975247423
1.0031178610158984
1
3.275419808429906
1.0670025949274087
1.0052699194981853
1
3.201348054597529
1.1768614018103623
1.0103654838195029
1
3.03866291626129
1.7978363391936172
1.022062082069573
1
3.6974925982477003
1.456787817392327
1.0123324135093654
1
4.915211022229075
1.917775465841759
1.0161810126600201
1
4.931100896032139
2.143932247056835
1.020266773938973
1
4.670510008364491
1.3544529773390541
1.0126598520517787
1
4.576631254115041
1.2477581442171473
1.0113496853880968
1
4.468440021694113
1.920936988761452
1.0145484765212676
1
4.477289896874081
1.2116621636793925
1.010506138080821
1
4.826162994659846
1.9509269880313904
1.0137079261267334
1
4.275496925091257
1.6643967562994342
1.0107116662983227
1
5.177009876914567
2.6286645744799486
1.0159628369745486
1
6.558758959152005
2.7209584588719147
1.0185428364722626
1
6.28182621177534
2.4678104239472556
1.0143327462851552
1
4.483362024335544
2.0453307551406055
1.0154177469880632
1
4.329432921597435
1.899983854958846
1.01423749629957
1
3.9841559878909845
2.77975190630681
1.0294005505719586
1
3.288122088566715
2.4863862506393954
1.0414112483297593
1
3.205197677926098
2.7199873112367663
1.089308093072787
1
2.760348892573462
2.410925236081775
1.0923221606062892
1
2.8016717582434527
1.4349082102130233
1.0092146072718544
1
2.347948535869784
1.1585887150025433
1.005580450334594
1
2.130887888621699
1.4244698893725392
1.0065876635009339
1
1.8663046034820168
1.3650488874652478
1.0081811839085772
1
1.9085290948509617
1.4462889474812861
1.0058104655520568
1
1.6519121979835778
1.29234574319923
1.003140477689071
1
1.9387379785411103
1.4824846064906962
1.0079053023080824
1
2.0936093644700997
1.5836752235711322
1.0083386235818401
1
1.7521785342508733
1.574281287761057
1.0435032651076552
1
1.5785840063950256
1.4159099560445405
1.0324086270520507
1
1.712865801698514
1.4447499530898271
1.0162946683855516
1
1.941476735304939
1.2307445868981044
1.0042597338160515
1
1.6762354740934353
1.4741452257595
1.0683757065867174
1
1.9772875092940354
1.3916387792289593
1.0116766085894984
1
2.0760167700473997
1.4405343113337206
1.0127335707889535
1
2.040476538263029
1.483390898501288
1.0144031104271525
1
1.6769105436756042
1.39086557643472
1.0263781424259464
1
1.9419880596333385
1.405705726784467
1.0242417888498385
1
1.9297728393186397
1.4240050861371327
1.0293315852618454
1
3.2384755522056365
1.8106168441820572
1.0442920783961571
1
3.641098645471476
1.9134651859617675
1.0560313808252062
1
2.4261425835805843
1.8065744434771476
1.0922863603263435
1
1.9871754898035385
1.641774760530523
1.1257453990543176
1
2.135080096647194
1.6914853594560815
1.0969018403759216
1
1.9262593336573426
1.5922271739861698
1.1034069648701825
1
1.674247808795332
1.4267327375272687
1.082139610224256
1
1.6298364823005818
1.4987322057641348
1.323566890031449
1
2.5923613519981203
2.172689931741063
1.403934748841398
1
3.74510377702775
3.1345973764535744
2.005560260300755
1
4.0442407464812575
3.3295081453383095
1.6755675017330272
1
5.356786241341764
4.527036153428913
2.8456089383231267
1
6.452356783139415
4.843799007025769
1.1474626578831042
1
6.034345619374306
3.9595899480564674
1.057665401739943
1
4.814023645454302
3.7181342863511926
1.1052704060327838
1
4.832902281772123
3.249139155254134
1.05130922994942
1
7.503596201200187
5.079529852844526
1.112692597414016
1
3.2975518394586776
2.689681005509854
1.298353301900331
1
4.3380119277248985
2.9552194361521464
1.0906766108976396
1
3.9018344311992017
3.0817250203064868
1.554891098223298
1
6.137330083736092
3.0530872620944365
1.0981553091816008
1
8.174840248585188
3.7222141880416793
1.1075047483645133
.9522787082614464
11.266755858893806
1.8276558571300279
1.0269926832166836
1
10.371528443244998
4.14255426835266
1.0805809712852648
1
6.030763881082532
1.0270377261620882
1.0045152585192323
1
7.212060367656996
1.0309216268089014
1.0057209170432648
.8648136952808605
6.917332601333702
.8860973665588024
.8687176881463742
1
6.272688657976995
1.0181068629335817
1.0028281086257096
.8939136747517896
5.0315864413182325
.9047468283336573
.8958029675730337
1
4.2159543153442085
1.0044342678683185
1.0008248832340054
1
9.225334299583112
6.481819497296376
1.1427985773984168
1
10.344377899929237
7.592954302929557
1.2101712316695534
1
9.883706736456602
4.9044384993846375
1.054789446359198
1
11.032620936095363
4.200621008567604
1.05082744267642
1
6.073162952385006
3.4809274603432487
1.0653322629619528
1
5.047122437560815
3.968555810119973
1.723498274479639
1
4.438042030534543
3.179434518127253
1.148075741275204
1
4.244041702560232
3.3577154468923176
1.7376011296390579
1
6.107453374257039
3.3844468302737996
1.0802899903318346
1
7.347292046328868
1.4853751228981438
1.0303605251599655
1
5.836190893638137
2.017454836911351
1.0372409404060363
1
4.5540421598715
2.2745081956560678
1.0349146581853899
1
4.732076708734159
1.1522389758411766
1.0210349334510835
1
4.058473114822258
1.5707980931252112
1.0240766931647476
1
4.251612243911452
2.2697753402101433
1.0428229319159592
1
3.9963162730340294
2.236310551194435
1.0412859958954417
1
4.087387931295687
1.9389099449686018
1.0395971998100346
1
4.445272096148589
1.2207681115956672
1.0221894801787068
1
4.224503822136636
1.396699306177523
1.0210407419796332
1
3.6103536012656208
1.2253821027669742
1.0190965634445324
1
4.354214199882009
1.1191509979202108
1.0158384087149583
1
4.965751204039237
1.7819210557386511
1.0322559983500574
1
3.911675783107162
2.3997097647728225
1.052293160529701
1
3.6327357639431206
2.808825823980648
1.3301555632143083
1
3.324355477735504
2.7649262086596456
1.6435410887637951
1
4.085392075567458
3.428674881360773
2.127247050132883
1
4.742947871175755
4.168563613443708
2.964764431505382
1
4.790882347016081
4.012154631578573
2.2714145142515823
1
4.037724903145817
3.681108850649446
2.913874595663575
1
3.5459333689069052
3.274293659801932
2.778924170159911
1
3.386500825279859
3.1435920637292427
2.653335306448667
1
3.1334566381909292
3.024874242442005
2.892693875302503
1
2.8339094724248066
2.7326303831827716
2.549069612568366
1
3.6725214802887765
3.560071378498338
3.451881955445072
1
4.225269497303879
4.041422287340292
3.8897758438778403
1
3.4873655529336314
3.3187549406101784
3.115260873193851
1
2.8091439991227207
2.671304163964635
2.4923046368859714
1
2.857474623329543
2.7424354625372707
2.5850768326926286
1
2.582265506496644
2.477383425134274
2.3783936990604615
1
2.4238408957206787
2.3458315500030698
2.253082502406321
1
1.7332674792148794
1.6890395588652432
1.5869525843723276
1
1.6026618769005958
1.582108741896041
1.5327571017117083
1
1.465388506542291
1.443170347541416
1.371996620887136
1
1.6356353298658246
1.6008142120750013
1.4936119085141895
1
1.5536985136099837
1.5299277450829
1.4551820407838882
1
1.5132955871330906
1.489154804004643
1.4123757679800355
1
1.291074385249128
1.2729348467817938
1.2158342314166601
1
1.3439018595829664
1.3265722426018702
1.2627304749610742
1
1.618047808572017
1.6054130694964206
1.5568302955595315
1
1.6197599333169586
1.6071334494760368
1.5583461239348753
1
1.478109354698758
1.4622626210308536
1.3996654182273502
1
1.4616451085680773
1.4344789031419558
1.3267201386842966
1
1.4893426991727665
1.4655093921797473
1.3526761592184149
1
1.5064404044134185
1.4266188183776312
1.3370991644540884
1
1.3994768741570305
1.3302152006670904
1.260558804076931
1
1.5646690077381564
1.4774408530162375
1.3728727626111756
1
1.4733772452440121
1.4295292554213799
1.3201125812233572
1
1.36760799216221
1.3230893118239542
1.1916882134948017
1
1.443622551038894
1.399261742354704
1.2631821423323508
1
1.3443646615381615
1.297150888601857
1.1834535005461686
1
1.4050460901031236
1.373444001421952
1.259097376742778
1
1.4204657164744368
1.3954263703825152
1.2779840645537852
1
1.4416183754194705
1.3889266145117483
1.227950092728916
1
1.26741881165259
1.245092376742256
1.132688734409446
1
1.2039316863087632
1.1859158032866604
1.1039821984016431
1
1.1821282325137012
1.1249168086878842
1.0814063742721283
1
1.2017519675685482
1.149266418128736
1.0915875656136886
1
1.2077001977439326
1.1533942655730203
1.0927106600770125
1
1.1644740373953986
1.0960772297368486
1.059907182424862
1
1.1173941600187203
1.0626387966762567
1.0372046019385954
1
1.112072203457498
1.0714511964493396
1.0504362806559635
1
1.0780534949300258
1.0521508452810264
1.037598983394263
1
1.1083718728697187
1.0898392540874509
1.057992851329476
1
1.138226865739843
1.1231155759619682
1.0932224844065095
1
1.0807414118979453
1.0702670792645608
1.0500138311386413
1
1.0982377473160723
1.0841910530511483
1.0591637065985922
1
1.1096494942168273
1.0960475195152708
1.0701696591866572
1
1.094885841681602
1.0809155852864143
1.0564762403946748
1
1.1192573985176772
1.097898840323364
1.0707671024801182
1
1.1029275495577275
1.083097972498839
1.0609273222129743
1
1.1203288775147335
1.102517342077362
1.071742905706115
1
1.1108225178456648
1.0904729975140033
1.056120217601824
1
1.1455441879017896
1.1231699864032247
1.0839961275982946
1
1.115324903877573
1.1018696642427592
1.065199816264941
1
1.061566344422319
1.0580146575189369
1.044340548095557
1
1.0325646931832635
1.0310492819445674
1.0225590883952687
1
1.0320157905618093
1.0305768992872377
1.0210424974912418
1
1.0260008968038514
1.024120243412407
1.014497543984557
1
1.0155798972927654
1.0141770927729423
1.0089349586031933
1
1.0075639995866774
1.0069728484155351
1.004395176157363
1
1.0108776257096603
1.009978259732705
1.0066169946377257
1
1.0131452515636075
1.0118576647931785
1.0080061092112593
1
1.012521743877079
1.0118810631917003
1.0091691574893222
1
1.0145650025465431
1.0136507038389901
1.008925200911082
1
1.0139340197685562
1.01205595182064
1.006636648322985
1
1.0127490979386502
1.0121196157264447
1.008303836758108
1
1.0132497343201141
1.0122042763029646
1.0078472782364887
1
1.0094225106119599
1.008973412310717
1.0063609402564582
1
1.0075556980989862
1.007251037683613
1.0058089485509276
1
1.014890703912142
1.0145137194530498
1.013047118050242
1
1.0159813838284972
1.0156609649324482
1.014499864156193
1
1.0159666043278635
1.015460977297495
1.0137126054404253
1
1.0243364645926403
1.0231586166549371
1.019388909981831
1
1.0321533640925586
1.031032892335817
1.0275161531246486
1
1.0650597473167167
1.061416892527903
1.0539532508770155
1
1.0862708486100434
1.0800979773817856
1.0705218321714924
1
1.0656354994883908
1.0620988158698679
1.0522635591017198
1
1.071211211317073
1.0652412666402162
1.051739762937566
1
1.0668163027961175
1.0587329239083954
1.0405129211809991
1
1.1121259698129973
1.1014633901603599
1.0717642433116137
1
1.0983228894948167
1.0881693621494557
1.0717040216732756
1
1.0889403559491533
1.079925236863322
1.060971357752195
1
1.0975640383551224
1.084194894274705
1.0621479754469871
1
1.0866690156843914
1.075550401021492
1.0547995716122092
1
1.149339386929621
1.127723281842776
1.0929894766611998
1
1.0785022920950804
1.0701172799634247
1.05465539736203
1
1.1002919473970274
1.0811844181033436
1.0595608732266328
1
1.0903917825152507
1.0707895883682366
1.0527996787520697
1
1.1243961707297199
1.095572844259484
1.0623519285132272
1
1.1250778459577822
1.0955625514789389
1.057714961177204
1
1.1091167908805468
1.0854046853159065
1.052528633837049
1
1.1625682621056825
1.1257091444837872
1.0833506387971015
1
1.089527580946243
1.0700072814022525
1.0469418284898306
1
1.1140862096211581
1.0847926930969671
1.052234877899098
1
1.0730086128178944
1.0574911930170419
1.0370137323586577
1
1.0936743334432315
1.0719978196092002
1.0395614407917233
1
1.1072283152806042
1.0852639520852172
1.0537342101326868
1
1.1097277642901127
1.0890003179310404
1.0556670098363594
1
1.1299556470087604
1.1081365016294424
1.0722047985841117
1
1.0821179340112015
1.0666488988497365
1.0385056850945313
1
1.076360436797472
1.0650072143530847
1.0379960844176344
1
1.118249388361293
1.0857653721242244
1.034946825725931
1
1.1751168327934796
1.1365864095179268
1.061747572421231
1
1.417879912615475
1.3058456483310987
1.1222768985414207
1
1.5195944637716472
1.386507022502293
1.1598657118296942
1
1.601284319174308
1.428838059160919
1.1241988607133415
1
1.8856396643055642
1.6562654046299548
1.2846711823263328
1
2.79288666701179
2.0978106977443636
1.1171508823811596
1
3.2136867258830795
1.9795409761617466
1.0984342235506903
1
3.496769082231165
1.702406528564418
1.0742688036182628
1
4.517971235859387
1.3155079939198946
1.0385438802255085
1
4.858231967178082
1.3411528586283006
1.0707214582116278
1
5.270229283862205
1.384638764918209
1.0647998464644035
1
5.158492974859745
1.3555039934772621
1.0576165064638923
1
3.4669699851203704
1.2027196289761837
1.0248204948923738
1
3.7373484297850545
1.2533053694351954
1.0473370888465758
.9764291993692559
5.026423289830831
1.392123135195885
1.0721690037467775
.8889532054493865
5.3121868914208745
1.4930376102809368
1.0187043308252066
1
5.297195143437103
3.116346083059548
1.1652748423349828
1
4.623028724169757
3.2869022162287065
1.3461163643394645
1
4.065512998208885
2.7343040155980494
1.1396368741889706
1
3.7977819457242226
2.7575406257661013
1.1543157935842907
1
4.041306159489722
3.0112951333500284
1.2474895287584244
1
4.535666975411423
3.562796415899324
1.599993117670571
1
5.536898275029507
4.107747371492224
1.5884406195879335
1
4.334016898986668
3.332993194151075
1.4609314862754816
1
3.955482409221984
2.792249391603931
1.234663831432169
1
3.2018922960807816
2.584508493606009
1.5069506778488608
1
2.5295742904872753
2.1691881609896995
1.5820854609612562
1
3.017047033423219
2.6352828259730368
2.081090572798381
1
2.749242624469665
2.4771036281830106
1.9941905912255498
1
2.993705473363986
2.6938502754680624
2.1297735109178104
1
2.9092923471715904
2.544936394697125
1.839070950850214
1
2.8837131920808887
2.5939686727088502
2.0707305826399387
1
2.3728422870407817
2.2369477604954633
1.9651991961257107
1
2.46597770961881
2.2967276464936237
1.9668757763258593
1
2.1645109965071634
1.9872173998022755
1.606777399213397
1
2.76091238687306
2.358525272008923
1.5751926011526836
1
1.8524819465168112
1.6999372217447233
1.4525263379746038
1
2.058483072707369
1.8826181490799392
1.537508193504898
1
2.0293824556021294
1.8530074410171744
1.479971817931489
1
2.0516594638038095
1.9129387191819975
1.5863005810530957
1
2.751308928027403
2.369586305609977
1.437964106075154
1
1.9577592036300668
1.777559210367267
1.4251370144314468
1
2.018789354399495
1.792738767646035
1.428557633196406
1
2.2234909068502313
1.8581720536185682
1.2465243781874962
1
2.194433954640978
1.8887730062218602
1.2983633777741523
1
2.914881990938095
2.4574602505365477
1.4981777723421557
1
1.7950416247375844
1.6863976693267453
1.4525282542599884
1
2.1767119260685903
1.8663671243381394
1.258948598597351
1
1.8666037328191962
1.452320348459508
1.048388736365489
1
1.7857803887108374
1.4413081001883408
1.0436927141317658
1
1.674434637978254
1.3997501648142574
1.0586452801173232
1
1.5633408460980414
1.3653623027040762
1.2063001712417494
1
1.8060254609555588
1.381440674339684
1.0189452108869674
1
1.7322097488167696
1.257336318025554
1.0130293111544777
1
1.6300843633147686
1.224835271483523
1.013684895635311
1
1.656962373585747
1.1258868037902068
1.0091639377536235
1
1.7058526685770625
1.128241097815916
1.0103663792941984
1
1.4298439741695865
1.0396803457587147
1.0043766880500613
1
1.4787991253551271
1.0318771494160923
1.0038737077919715
1
1.4532058326711697
1.0862459511015692
1.0073581312529167
1
1.2702998670326564
1.0324608603447227
1.0039017037405478
1
1.3452697709523393
1.046712630964682
1.006020138999222
1
1.4499726807958413
1.0649332426834337
1.0071971997346667
1
1.7118029950268365
1.0488916525226053
1.005285007014425
1
1.4645484485939144
1.0651032420759614
1.0073039378818072
1
1.4004629387838645
1.0436673998795787
1.0053498766063624
1
1.5101954636578092
1.209295183314952
1.0139131791476148
1
1.6083397380092566
1.2448949263879192
1.0114486272698082
1
1.3417870552529005
1.2388261575697272
1.0223152236711428
1
1.4414806615278393
1.2309777394126615
1.0145479817267298
1
1.333417243587896
1.1503087959429512
1.009755329464444
1
1.401287179128884
1.072859214532354
1.0073686531749269
1
1.2779123186387042
1.1311484789978408
1.0116102118538925
1
1.195564121167432
1.082170644248667
1.0069527784327381
1
1.215668992257167
1.1328720821122116
1.0170125917302062
1
1.2164815275156153
1.0924299213165976
1.008130597615741
1
1.4705792458263631
1.2153930702500662
1.0133390448545518
1
1.5546047702662034
1.309266787059055
1.0218043287747371
1
1.6159184235398854
1.2902287847157121
1.0176356744824318
1
1.5056080021950549
1.2184391217543487
1.0145344002633498
1
1.7076326642175885
1.2456309920866013
1.0124947125091213
1
1.7488051233341722
1.2275029406389146
1.0098930018914223
1
1.8668857080284778
1.4926754647941396
1.0207628675941303
1
1.7006421460816774
1.4815536355410834
1.0351648159182345
1
1.5461120220483406
1.4428757409451118
1.086038161720162
1
1.3912973456408084
1.344486719572172
1.109782617123331
1
1.4745113664817384
1.3637243485112767
1.1132018209779766
1
1.5084625142417378
1.4260666672759417
1.1247056879499628
1
1.396817553721376
1.306936097341414
1.1066832021694386
1
1.3658417957161644
1.2867570592302073
1.1190822467068184
1
1.3500323802281846
1.2435928771206095
1.1216918028867209
1
1.1725305015547147
1.1286208307301016
1.073662927494317
1
1.2106214935899287
1.1646786207662911
1.0920699000828356
1
1.183859145010083
1.1504237141946136
1.079206858085261
1
1.1715853503474591
1.1514874354210929
1.0851730787854927
1
1.2698786872041001
1.240023720127875
1.1638990519940502
1
1.231674855861888
1.1951213459545054
1.1139103741495437
1
1.4061085083086864
1.3439916277764452
1.1905029163697705
1
1.2971590745099162
1.2546847304920692
1.1492084912278329
1
1.2098232759087597
1.182392178214907
1.12113828383061
1
1.2360521066481978
1.1938851830479376
1.0968376165478266
1
1.2310490317351008
1.1885066983216797
1.1105685807816421
1
1.301657480799879
1.2405017994123495
1.1306985543672368
1
1.4664760860169728
1.3520553128037056
1.1156631109738098
1
1.3535376342365422
1.2523147170900795
1.0395725786144292
1
1.4504727347726842
1.2674857633422558
1.020812262223671
1
1.4354519912395454
1.249784263530431
1.0117313410319444
1
1.445032230675748
1.3424428824246075
1.0606533828334979
1
1.7208669354770003
1.6078213749101542
1.1547431094242027
1
1.5523741835572629
1.432433531959507
1.1066167792432888
1
1.799872900094608
1.6082077179645013
1.0995137916906206
1
1.8089953385293402
1.6304838302476972
1.0609237077832576
1
1.4604897345992174
1.353287334112068
1.0479587582447485
1
1.3564816373958972
1.2795727224820366
1.0577056610097526
1
1.3658404991577429
1.270416688869215
1.026912334647994
1
1.3160290324183097
1.2482904582098304
1.0405027809265468
1
1.2879191517819804
1.2425910224144836
1.0826701321518553
1
1.2276046516020522
1.1911100426832706
1.0707023797175579
1
1.2427635490449935
1.2060914154673492
1.0959989512831225
1
1.2816210282891152
1.2501653291530481
1.1455982638451685
1
1.3836288315741347
1.3218389788798055
1.1264023015665743
1
1.280959053589227
1.2518648119272964
1.13933477166693
1
1.293689611961213
1.2648506005121274
1.1594311156366128
1
1.2453268538008062
1.2185549819441228
1.1119281339475708
1
1.460993127628673
1.4095238940988597
1.2161148856017776
1
1.3071307253968565
1.2803443803929881
1.1731836120878147
1
1.4239101444553142
1.3869019116922365
1.256030338082043
1
1.5357511455563067
1.4787114972771718
1.2878755031318743
1
1.3270370867623928
1.2994468371502919
1.1852934183428008
1
1.4909192020960251
1.4545751390872426
1.280637140048953
1
1.6840974950435952
1.6143691014256658
1.2850613958028152
1
1.926403342729727
1.6721573890848351
1.0579507024481016
1
1.7886125737031957
1.6200454619837725
1.1118904882425804
1
1.724484920997793
1.6168467576246914
1.15674974773775
1
1.8046040726409431
1.7199671368951095
1.3185193404507713
1
1.8347355373168854
1.7455594391492244
1.2236660564349928
1
1.8877874432017512
1.7828240620980094
1.2428764322556973
1
2.0941004570841675
1.9672850462545215
1.2633155581541435
1
1.9085720680923275
1.8186109871427478
1.2902811535047178
1
1.8742760019242
1.7889096598992296
1.2864234818481888
1
2.2649005196272225
2.1142227859886398
1.2639674877523457
1
2.3486572847396765
2.100541896602105
1.0911918378513303
1
2.2593850506682456
1.8967305575725706
1.0608589575357839
1
2.24286106851466
1.932835884549397
1.1363362219880682
1
1.8935741035067208
1.739887377638689
1.321830449965552
1
2.0281134250132444
1.8325479212369795
1.2882650319481546
1
2.0363552753769625
1.9127880489580102
1.4395536368721509
1
2.6130971562376484
2.465907928391176
1.7927109189191894
1
2.4592767768218797
2.276712766836464
1.4606780884431456
1
2.585491185921463
2.347822404720816
1.282026479046525
1
2.6344397917592994
2.4363338323318886
1.4570670241775103
1
2.478283472751069
2.1738633042547524
1.1362776221444464
1
2.3226606128293636
2.0754631553255716
1.239562105260824
1
2.7615668877428265
2.3980106778451016
1.17154687346117
1
2.6635742479742968
2.184498364986713
1.0860196106537128
1
2.2067133146886895
1.964408001479373
1.215465567609215
1
2.169515259902987
1.9416495017532827
1.1345464625012334
1
2.230067945085399
1.7832594350858149
1.0898193099710565
1
1.9011486946632605
1.7325385892374379
1.3209457942404872
1
1.7986284773814092
1.6234880713501938
1.2007775449730778
1
1.612258127278739
1.5004827334493431
1.2075495286557592
1
1.6513433434973273
1.5431358119676606
1.2238603306250149
1
1.5211937493977286
1.464298401968714
1.2037237225396982
1
1.5127613693157
1.4310110972279853
1.1887807942294848
1
1.3140528744673796
1.2870190886023478
1.1705971829067698
1
1.3513801258154834
1.3166346946662055
1.1769171209824556
1
1.3423290178886673
1.321091809140984
1.2075009750877932
1
1.3284926306461413
1.3042707780285114
1.192999814879611
1
1.3331595880256397
1.3117676095677913
1.202173603930166
1
1.203082842766091
1.190065033617755
1.1093908864251805
1
1.2426387670048298
1.2150462415748147
1.13156310629348
1
1.2761348285162013
1.2516768287048865
1.1675096698174736
1
1.346147220093393
1.2916133452496996
1.1955581870627163
1
1.3236993813483
1.2461439488030983
1.156070300525674
1
1.6065446433837114
1.478590964173098
1.2882000128440807
1
1.6254706035480566
1.391650457409234
1.1731363591953217
1
2.044580505999067
1.6694680004644038
1.0911914678861716
1
1.5138904401956033
1.3515349213258339
1.140901409395476
1
1.2511864030224615
1.1806861662208317
1.1029200487736581
1
1.4103122778295119
1.3029615982349871
1.1546336735538143
1
1.5412677970215976
1.4141933695882964
1.213321830859815
1
1.6987766667056214
1.553781961787885
1.2462741936417945
1
1.5891782195684798
1.419039618161621
1.1974478854390334
1
1.9639145982484183
1.6976081091617203
1.1902109358733182
1
1.9211823169419495
1.6821656971010204
1.2231841163217487
1
2.1655961528572933
1.839280251912333
1.2881818945767416
1
2.4141496188654634
2.1249436338717547
1.7206410693674012
1
2.3520065776145476
2.103727077164841
1.7724056749199046
1
2.510184238109394
2.184516840554819
1.791017773152346
1
2.27504306059697
2.0954472982129357
1.8559590522621447
1
1.8302835025229995
1.685704049834319
1.5265211458957584
1
1.4267851615621832
1.3604210866583568
1.2981577028177453
1
1.4160975952857164
1.3488033935045554
1.2826106457778983
1
1.4507171305227524
1.4022859918933144
1.3202224975039032
1
1.232017991132369
1.2093474135471258
1.169550953409045
1
1.19121414468728
1.1716556525974784
1.1444185581702107
1
1.1446533186628727
1.1313295923028228
1.1111683163155948
1
1.0981671635378
1.0880826589023207
1.0740936199039863
1
1.1486700955147395
1.1306814946341204
1.1098020528644172
1
1.1169529418227735
1.1005397201386642
1.0813325012561443
1
1.136742537466619
1.1234357851271102
1.1015045623401614
1
1.1290665851471422
1.113360954765306
1.0957861343359092
1
1.1365588491878174
1.1218182425718835
1.1025803628918585
1
1.2532853846927945
1.2248688209124818
1.1808801455247653
1
1.5850454946992056
1.5151142916851232
1.3771435292302152
1
1.730905458576241
1.647159530620708
1.4891055413549925
1
2.1100178240172074
1.977339406085836
1.693005530014425
1
1.940345819313687
1.7739482461347251
1.4259911323800631
1
1.5853832159166588
1.495185918149578
1.350522518239845
1
1.2981416045602918
1.260696407035561
1.2025542709254902
1
1.4318275222272137
1.3951576207224339
1.2972072947568816
1
1.4771274001381876
1.4141994124378126
1.3337901435666992
1
1.5493238160133789
1.4502268027956091
1.3066263604595691
1
1.3596044465570025
1.2726784326846137
1.163954041400802
1
1.3503396750032428
1.2748013149538837
1.176308577775926
1
1.224500191065572
1.1770386111547266
1.1308011179195707
1
1.2237256568346788
1.1792343963201446
1.1387765442224516
1
1.2406366005730882
1.189283466247986
1.1344588931994486
1
1.426656202758173
1.313150643703107
1.1963771609090268
1
1.7414184957988827
1.1249427765296967
1.0210369058158484
1
2.05904085581478
1.0771420152837508
1.0169953880745806
1
1.7398675301164648
1.0481943198987362
1.0110345374120395
1
1.909386569789897
1.0653249825738604
1.014166318997156
1
1.7158372873582532
1.0617521756339783
1.014278302240224
1
2.311440734872698
1.1126289009598809
1.0213218762796832
1
2.3679106045927165
1.0952400629133314
1.0253097876089445
1
1.9860003275765203
1.0848829680037657
1.024554352119926
1
2.102918096163753
1.2649758044451949
1.0419610861703936
1
2.372376339902072
1.1150286380441223
1.0246784875804198
1
2.766136805080995
1.1694467436242
1.0229052343614038
1
3.3909980789627325
1.271529494984727
1.0388307722055845
1
3.756047733259784
1.1339291814367627
1.0199788068849172
1
3.338676625862693
3.1257740099948044
2.4676901337975954
1
2.541869036339752
2.4124990025170305
2.0036553168673863
1
3.8841093280174763
3.350600249036158
1.731912001891935
1
2.9729999113637966
2.5353606308580576
1.6230538743399634
1
3.0629556916527734
2.4652066282417295
1.3478725613806142
1
3.0963015061249854
2.396637884459838
1.2569622389432509
1
3.377204208333548
2.9638045150071375
1.7910486598737811
1
4.032196650996546
3.234843567970202
1.189278378476145
1
3.123390572672881
2.715665727235068
1.2836002691506876
1
2.8687847017912698
2.56349978819483
1.4099870176257943
1
2.7070706615993316
2.4548354599661537
1.5274042769712937
1
3.831627211405932
2.868910608438596
1.1460803560547352
1
3.7633181203927357
3.0206173225980004
1.2319088605065656
1
2.9813822263510215
2.617205835647564
1.327149589389501
1
3.080362002591811
2.5491884909952587
1.202858093824784
1
3.3679600392409688
2.739033712799109
1.2648597458743511
1
3.164420335873278
2.6871129466796986
1.3633488025785199
1
3.2241473287923443
2.7479629132367447
1.527093760741274
1
4.0543831198679
3.221037478105309
1.3517067705333368
1
4.041930306411564
3.4830533928697007
1.9612681280386537
1
3.144681964744896
2.84146159869895
1.7296229028742924
1
3.526853759190391
3.040480991780432
2.002398550130738
1
2.8814270860833346
2.536807964918791
1.6814732367344427
1
2.920122450288588
2.5591434552255845
1.638897223441913
1
3.1566706592487943
2.750512520893868
1.7606840611915981
1
3.0445994601687905
2.6076996834142974
1.5349119322116225
1
3.37548391356813
2.6324351016891803
1.1592169075324485
1
4.667379131026524
3.5028277833459014
1.1947390497059136
1
4.406205956059333
1.9510910710565277
1.0949712513536385
1
4.034855991318503
2.5828353022209605
1.0997092575331555
1
3.825088038857971
1.8663366284865295
1.0535803379798132
1
4.444992972431074
2.3669970395537097
1.0768140996271476
1
4.244729121894219
2.015242964996542
1.077635501922492
1
3.6570860224712263
2.4779854206080016
1.1900330582446952
1
3.4519791146196335
2.5248972059813304
1.3066567702094205
1
3.0297158597007594
2.0139930474507266
1.1344820191534344
1
3.049812378202202
1.641294342630578
1.0909927021220382
1
3.115591644416995
1.9037664497625364
1.0831204391644629
1
3.793913379194441
2.193218614716925
1.108237581244978
1
2.854955202917246
2.2241468791574768
1.3768146505790269
1
3.3769147433317412
2.377445931327072
1.179640998990276
1
2.8707097381744715
2.324670130516277
1.5067105865119734
1
2.2433778139042575
1.9663526370521682
1.6026308650565821
1
2.4442223722377205
2.0101704120235655
1.3537937470359116
1
2.603227234201549
1.9659473142909543
1.1440347231120587
1
2.625974376772519
1.7672033105956226
1.0575355396184876
1
2.8597174839845323
1.8774634899844798
1.068038182005787
1
2.3654204786984256
1.7812916403559984
1.0730629846522108
1
2.5572821234186307
1.982237999802511
1.1312653284777425
1
2.8905950223299817
2.299951577754076
1.4465889693180884
1
2.375497536925403
2.0156710747303235
1.4793787774427452
1
2.213764850992895
1.851872847561346
1.2867451588146281
1
2.316522400845096
2.081635791730002
1.6951146831851378
1
2.940018841134453
2.22039283575643
1.1778956742102427
1
3.1663474768054956
2.2590900176718987
1.1168290523004978
1
3.086821921157259
2.1432319945765195
1.0665882188909117
1
3.0447598334163697
2.0371091838169466
1.0456508766152015
1
2.4753746221111212
2.1020158025989524
1.4369405234388655
1
2.4650645483833804
2.070191779326308
1.3340212962630649
1
2.3829023981111153
1.9024662423443794
1.1163352044872203
1
2.2367099884821866
1.8282326971375897
1.1280385488749916
1
2.2970814027327715
1.9945049595951794
1.3268120970785464
1
1.825626602506959
1.68988906313733
1.4350019568937016
1
1.8199920951346034
1.6914237269189691
1.4524866165680883
1
1.7870359371738507
1.6617664351022514
1.4765444219187722
1
1.9013388754875225
1.700096084837138
1.407877760786906
1
1.9822856635184682
1.7171195822484469
1.3273581610421348
1
1.8928213630794364
1.7086295614547
1.4337077594322354
1
1.6035069850252779
1.5307069850256363
1.4117866159022496
1
1.7787399777672135
1.6693415453073384
1.4897465971767443
1
1.9032409750555366
1.7639194608393542
1.4827719704188302
1
1.849961098228082
1.6889359580049024
1.417708157192629
1
1.971721015663228
1.8438189450988125
1.5350121965751944
1
1.5881183603504192
1.5300535363060093
1.4108407233765015
1
1.4000313504415485
1.3702593018035871
1.283749851151527
1
1.6020221509038333
1.5473598257708312
1.436588783352043
1
1.5954520989725014
1.551293605846847
1.4292441780060043
1
1.8405632358611543
1.7729348783190861
1.5499970147148114
1
1.744612560228596
1.6927516748228122
1.5194231507001619
1
1.5194175614477874
1.4846115811721183
1.356859739379312
1
1.663344081142222
1.6059253599526004
1.44177349568347
1
1.4860143387928653
1.460452319614652
1.367482237218183
1
1.3099722279067931
1.2978492474828012
1.2391697397277004
1
1.3756287253040511
1.3553625909936033
1.2718825621334102
1
1.207140328703101
1.1959444272170638
1.153052874900545
1
1.4858905063343884
1.4508580501767183
1.3328177048018475
1
1.4482566711979008
1.4149118179789029
1.3117051744780432
1
1.6119830529906183
1.5135880875377867
1.243905326223462
1
1.6231759120844027
1.495030043296205
1.100661253271648
1
1.3939719912053414
1.3592013459601897
1.2015507697371746
1
1.4549317628643008
1.3762858075323736
1.080403386163943
1
1.5097766315989345
1.4341977584299606
1.0777476447369994
1
1.3335178236057892
1.2912126112129447
1.0780646048301306
1
1.3004542176675085
1.2636081447418748
1.0422432106601471
1
1.2579995560834576
1.2133286802288896
1.0370638168273014
1
1.274927312411267
1.2459736781670585
1.099722875302248
1
1.217206150692289
1.1959149003947038
1.0871070652857469
1
1.2500605114781462
1.222170763130374
1.113761893894698
1
1.3346978747970235
1.2641487282938415
1.0668875489932679
1
1.190780615465146
1.1584702348391702
1.0600224883352096
1
1.2969507792869208
1.2567560658276045
1.1204976896956784
1
1.203859019409457
1.1846174917110983
1.0999142911978617
1
1.2957835324669742
1.2575791740253466
1.1365213426421577
1
1.4494983871043177
1.3469572587198857
1.0669954534703046
1
1.3687550306330194
1.280248939769265
1.0635394251715455
1
1.370092755216407
1.2614417189647016
1.0427198246309743
1
1.3587998294354446
1.268270368592254
1.1113839227811508
1
1.3568192553611242
1.2570742410021476
1.0943151042652965
1
1.4143460930165466
1.3027564644835588
1.0626339994409029
1
1.416308408086967
1.2982146545982693
1.0863613749680086
1
1.2869808281512183
1.2370969185815979
1.1453379490299067
1
1.3748404791796025
1.2906563706096716
1.1654009941095407
1
1.4668238796270718
1.298453661448584
1.0626500364309739
1
1.4701514750786246
1.3649115971179997
1.2038547145690157
1
1.3926949030117604
1.2607834208691278
1.0509121982551721
1
1.2709728121028019
1.2295605975113821
1.13989274328265
1
1.30995153002467
1.2792469534935482
1.1954363557103957
1
1.3410197966669555
1.276153400834127
1.170965287528681
1
1.1828624019615697
1.1703528837785842
1.1160364657563806
1
1.2244688152056418
1.2057763638402548
1.1328613504188927
1
1.19139538525168
1.1749988961379956
1.1164729248351475
1
1.2017527184735628
1.1892416279051758
1.1241500941483733
1
1.1635966790929315
1.1532968883721337
1.1029774197801878
1
1.181533034249652
1.1667660593540516
1.110022186710359
1
1.1987999187558978
1.1763104102958806
1.1101798702541315
1
1.1978075582091074
1.1794499287838809
1.1241580726586389
1
1.2167739132583872
1.1980069928194035
1.1451083743689139
1
1.2619468537538048
1.2356195825515097
1.143771397738842
1
1.2494881589219091
1.220749233123409
1.1230618718338363
1
1.6228768872074337
1.4940399917883485
1.09417739304814
1
1.3930312746292761
1.3250337951075835
1.1619936001419544
1
1.5738106193195853
1.4619667594704504
1.180204151802793
1
1.7138196669307733
1.5889791066963053
1.2814010735394565
1
1.726652818087148
1.5524405624705935
1.2318039733855783
1
1.3909178388661094
1.3361384067645201
1.204029157710722
1
1.310866287282485
1.283818288766786
1.18216277671279
1
1.3780187949731564
1.338197015594548
1.219998209020717
1
1.3087758938257679
1.2770530168081207
1.1878608212400485
1
1.4413353270663634
1.3736827940649443
1.2314878944161134
1
1.1824097120444026
1.1693858156378159
1.1207340726417072
1
1.2321271139308199
1.2079554593525912
1.1444151789413972
1
1.2394977865746295
1.2046913916473783
1.1428914242662556
1
1.1782956446627708
1.1417312172972718
1.109730626349569
1
1.2620516042292522
1.1856849644066763
1.1601706531997298
1
1.3375080908424781
1.2955094125363467
1.2323805772466037
1
1.1571427609509641
1.1354890487421045
1.1041754980195142
1
1.2219489458383845
1.1705608960218834
1.1303947616461139
1
1.1756392650112504
1.1355566798232315
1.1002151276060619
1
1.2403274276276914
1.195605663606534
1.1390554183314237
1
1.3148349086089695
1.2318146659929083
1.135798129841811
1
1.3336595429560876
1.2307435446684134
1.1211130902538695
1
1.2855386624803136
1.1996907698272823
1.093834099545902
1
1.3264187058539947
1.2098755520343798
1.0596218417140033
1
1.3354373585192767
1.181000171483077
1.0333343337215464
1
1.5958617694614343
1.3048225555249535
1.0621787790543638
1
1.5573917591119566
1.243240777849281
1.0494867666064756
1
1.5962116219218818
1.201765658496252
1.0359456259286175
1
1.7175255943662466
1.2870823757023955
1.0443086966864372
1
1.9602664927918347
1.4587007674786634
1.0701081304850657
1
1.7934331521584748
1.1350815992789933
1.0292300230379818
1
1.6241986859248672
1.1629597506534537
1.029772915839434
1
1.5668975337080935
1.2450567333372644
1.0504743407208594
1
1.4553474978256087
1.2761968979049771
1.1218634934122989
1
1.4961327999833989
1.2904579091286472
1.08374473788952
1
1.3540621574336635
1.196754313516446
1.0560915856352469
1
1.4125140633578754
1.2063849900338446
1.060181372889494
1
1.3883375104518114
1.1622044315113715
1.0388753885031703
1
1.3688504639205568
1.0096841302218083
1.0031777791999363
1
1.3061483516067542
1.006964046389403
1.0023564143474404
1
1.1730026028012097
1.0040838849697493
1.0015147868995204
1
1.3189252351164495
1.0063730466980068
1.002282433223414
1
1.2564829103286856
1.0058822760783745
1.0020755475928782
1
1.3739721346995963
1.0089895009796765
1.0026606528295205
1
1.4086000880787004
1.0119678893640216
1.002987798739443
1
1.499776700900558
1.0152373624909963
1.0031217657229659
1
1.375534973437435
1.0231975789133207
1.0053124033223304
1
1.5081367299435413
1.015805779257159
1.0032689059374624
1
1.6922436098067852
1.025105381920699
1.0058154551423755
1
1.6853248627652657
1.017776530962091
1.0039140971263798
1
1.7408105885484737
1.0420796280422056
1.007418697248531
1
1.4726939461999538
1.0395045832961731
1.0071776449744887
1
2.6493228431609372
1.1445645255988095
1.0367061658344674
1
2.431221482244542
1.1040299666123086
1.0252193544450547
1
2.602800449468071
1.0943713604161822
1.0160278521123038
1
1.371408345359417
1.009903859016166
1.0015825912294654
1
2.5979842061859357
1.0624977033048464
1.0084712609356075
1
2.826471606687595
1.0430816600047756
1.0054189042433022
1
2.473896778522067
1.0396722385195316
1.0056262924677863
1
2.090042360622365
1.0210171047578613
1.030508190903739
1
2.6817053905563952
1.0814060962204564
1.013607745931266
1
3.1296390718803533
1.1390804370061358
1.0188450561911322
1
3.4532634277553793
1.101383480863103
1.0110374774931574
1
2.979640112864479
1.0975129006160091
1.0135309646708945
1
3.7117397073645475
1.1958105340855574
1.032145662794888
1
3.068888817916892
1.1616376684068757
1.046356631349547
1
2.911723466271905
1.2621600513221123
1.0338656114891511
1
2.8399688000330587
1.0472974976516394
1.0066169538444856
1
2.8096522504102786
1.0933884393309876
1.0458816746723845
1
3.088873085596686
1.1050293242701328
1.0159292447261663
1
2.543459592431967
1.0646723410397656
1.0096422330262669
1
2.089727243266673
1.076091764708684
1.0348439893680639
1
2.822981164349298
1.0588578448761745
1.0076752270771023
1
2.653686902522248
1.0418169691054273
1.0053614520607246
1
2.7284546574489252
1.0389777001945038
1.011335735684709
1
2.517155080669706
1.0512876945717782
1.0067413989953873
1
2.3107449044924233
1.0470536048242627
1.0110727638745456
1
2.396083327979961
1.0477066157832842
1.005307309498596
1
1.9945647216067188
1.0299337161305613
1.0042606952358957
1
2.363585599398887
1.0899182353403667
1.011533029830538
1
2.3561557536697535
1.0660451956862573
1.0076783295496239
1
2.5413749526781855
1.150197769965261
1.0107105529787155
1
2.4951515879950317
1.1147140212589508
1.0147175320330202
1
2.6693189122974452
1.093947969917095
1.012355561299811
1
2.7935907542485743
1.0705529437032297
1.0079375072450718
1
2.614956026444565
1.0831372449455845
1.0213304105360328
1
2.374549524460662
1.064516564862713
1.0097962178571012
1
2.321100159678862
1.0813861859577134
1.011638214924993
1
2.296322351168706
1.1108469404973373
1.0205701483980878
1
2.2598838837312254
1.100597822054078
1.0167545081278984
1
2.163762765461374
1.0780454423511967
1.01413516437817
1
2.219975238104732
1.0488245852709632
1.0087577267756616
1
2.460154634142321
1.039153608431317
1.007132943916254
1
2.9870872737931085
1.0854036683225934
1.06976414153235
1
2.3390429402525985
1.0734826684950047
1.0555798022091625
1
2.1804305484077124
1.0979316655514373
1.0237556163798531
1
2.203021788751849
1.1498562479176826
1.0460800010637625
1
2.0600862054871247
1.0486278498111392
1.0118443408182487
1
1.8696569427127654
1.0500280590128466
1.0089445052044141
1
1.9821904906963876
1.0434668355674974
1.0104040569582362
1
1.9373310875332037
1.0409938202187214
1.0090571578720513
1
1.872754096098395
1.042095942450091
1.010183975453616
1
2.029778893868887
1.062255560887177
1.0134223311123156
1
1.9360173948372676
1.0558334998461942
1.0105745691002173
1
2.1695803388772235
1.0614663576743875
1.0111364701647176
1
1.568215695811742
1.0207901849901553
1.003535459435044
1
2.151632756103528
1.0411909858642372
1.006924944758423
1
2.2175223081778284
1.0365888838804118
1.0057385446821805
1
2.2565207483999257
1.0387299753007684
1.006122989527841
1
2.2954412555662196
1.0585600448485997
1.0085760470981264
1
2.4976173122683183
1.073306940749985
1.0099085674720294
1
2.661758828664416
1.1110585912794921
1.0116575728426727
1
2.4356708417207136
1.1231816752105328
1.0270945353574403
1
2.61266045654207
1.1606599966774367
1.0143760355553793
1
2.3368608361217005
1.0891327657980217
1.0121646966838267
1
2.244962029353159
1.0808080087996352
1.0153073974683087
1
2.238339081228561
1.074775793671414
1.0471562131181182
1
2.4658540005242284
1.0637798366444842
1.008743030743885
1
2.10999162024461
1.0662211330857925
1.0100919223872682
1
2.0360079289989015
1.0788678262675035
1.0139474862565656
1
1.9956117460827227
1.0820772327965804
1.0444187705280545
1
1.8349202664536528
1.1131074835360597
1.0927819904819729
1
1.9574436014007321
1.0628139248661308
1.009289124074585
1
1.8400028576008085
1.0702873460586684
1.0109282175308523
1
1.8825940405190313
1.109867299984054
1.0101168231032598
1
1.9863148084082725
1.1492989352852139
1.0187686683926598
1
1.969274601506476
1.2240716425567646
1.0135002569909841
1
1.8960138124205117
1.2336065323304064
1.0111529579882883
1
1.9354625311495213
1.0484288688742192
1.0055522093708968
1
2.2006620246257516
1.0172958792484645
1.0022404980770567
1
2.1854412188193306
1.0285425214117403
1.0030243133310983
1
2.592680175250962
1.0265877642186259
1.002745870780019
1
2.944729831808478
1.1419753071628658
1.0457045680424293
1
2.4093209689753867
1.0640311268742388
1.0066399045708883
1
2.1019554958766125
1.115770484732488
1.0161640290056144
1
2.0841127662357235
1.0697902440143952
1.0091809779915148
1
2.3368389143851904
1.015063119558927
1.0050251250045545
1
2.3983993785200797
1.0241141594592775
1.0026397123863109
1
2.2556119867617315
1.005789759580107
1.0006835611884777
1
2.403385852944884
1.0159769777351877
1.020295931017602
1
2.3011254102643495
1.081679749022678
1.0055989191028976
1
2.0470646415104095
1.1125724137618245
1.0404811761079558
1
2.122135767688042
1.082732532268567
1.013232899070397
1
1.97924142226849
1.1859153821584643
1.0135599421897061
1
1.9156203212164802
1.3067936061408316
1.0491886021484524
