184.877623140985
10.405947512073558
14.58377723454896
110.22503269644213
186.15724042426265
10.775085191721779
27.594431912176425
155.84780970845765
185.7168917480152
10.739437568024186
32.78896942238103
169.8389130107955
184.01515884027845
10.900846744624092
49.42343994074518
177.79700884624071
187.051066885872
11.23034645760118
78.51217829121393
181.5511685912163
187.88146207437546
10.546028127030132
17.207639580707
161.58170722049138
186.0327768689439
10.512292562782688
14.623386680899204
160.6250991546467
188.38461815748485
10.63024192468129
21.313817466763517
168.7044262063325
181.29410192909896
10.88006222007569
45.53782808907904
174.59654904982227
178.4786132192231
10.854376068850074
48.11873676415658
171.47069276227654
174.71035257894604
10.998557560895689
69.80024419820145
171.28016975401073
181.5312430570772
10.958370066866108
43.48652586679109
178.5140752008469
179.56860721036196
10.787592795345088
29.529064182007374
172.08905331569028
179.3581231494577
10.810352233789517
44.76248076850758
168.93762014026944
181.4922911489412
10.958084762925166
62.921181294078195
176.09461246316815
184.87096840602774
11.463240345057818
125.84406264230296
182.7453203450795
184.8179616292369
11.570771826095584
136.8891140563499
182.57467413031614
185.22648815489572
11.332416105045095
122.69197196447197
182.07714348420615
189.3091542184502
11.098397086574867
85.2400601860716
185.15934865495402
185.336038883885
11.100904240188353
81.08352523620476
179.53942824471778
189.77007411964985
10.90169928355204
47.37783510994822
179.84613209242562
193.11936562476444
11.139134973460258
40.80829600938386
181.52190333911082
191.21345980537652
11.074285012593396
23.753551680149762
165.6291138112575
190.158719928212
10.588466487357811
23.989274528468822
165.61599595495935
191.0121264453224
10.725654807722883
29.795410880362603
165.4270434697613
189.78527581110558
10.494373842812422
18.353081871908586
139.11389482513502
189.1711533510219
10.72943518509148
31.782801638281963
158.10922537497393
190.47693799533425
10.774053645911495
33.57521636670935
162.88452817753404
187.35874098006366
10.583008679040171
23.480202880892648
141.3379098616732
187.33787019415917
10.590190070041174
24.63843030766494
148.6484928279143
188.62528829950085
10.588096470313538
26.197322698375878
149.39867326094964
187.2752262954786
10.53754482762545
24.574675911608697
152.03054783582562
190.09050845075564
10.819216993972113
35.36511328025169
168.122428547296
192.6632042023924
10.407943984137576
18.126104953224893
121.7051330450081
190.87426985243746
10.27610401289827
14.272982380023054
88.55636440270408
187.29189647824654
10.78740689409428
13.054213542043303
76.9116623726793
182.56836011187957
10.13106283008075
13.145269425685774
61.098051613489915
187.6156412510206
10.212349369055831
13.806424827770227
78.18174978375262
188.94733747181346
10.214228624451097
12.083998078838732
56.810226682559744
192.73715589632272
10.309628922024821
13.567507547649365
69.07407735692777
192.67044587042042
10.315797010062093
14.942263125044251
68.15956826619782
190.224781884168
10.356264186482237
15.093735621401715
73.34665576214347
189.6938642245737
10.151012366019494
12.97337934688445
52.15113843549303
190.91720474285634
10.39391876790948
13.907609344253396
64.05331296851179
188.98076585589163
10.14485951139679
13.682587170649906
58.42249029220656
187.71129379669148
10.117217588680209
14.572681280573455
60.68489945568373
189.66903845767655
10.495512950086628
17.327021978720186
91.60983521376046
192.51596878616692
10.831460417138365
19.493245054077082
125.45862597719042
192.45213875578548
10.721740299352302
33.31909715909908
169.75287584129921
189.57289247308782
10.512318327858981
20.82986087901521
158.91677122106537
189.48943661915024
10.494305921634965
21.939017031891584
149.4611255558308
191.92837158048368
10.40130685726693
17.894916999556656
126.14231557218315
194.74933557394797
10.300003273751122
15.285440229224244
103.89790569388333
190.38510229593493
10.117236462267474
13.109149663715298
66.38685842179987
191.7585460789741
10.218348535969533
13.478632950396515
72.98947115024927
194.00728510900296
10.22126888037537
12.815373525473515
65.25215173875696
189.50165906957537
10.226052355667726
12.830124204289113
61.466547937615815
191.53874088871527
10.157939118007798
12.256654270893494
54.37745043037666
192.57428747176093
10.345403188319596
12.252680789463838
49.348144073083276
195.11561507805746
10.408034281871998
11.995765124728965
34.71732860471298
193.1868015428202
10.15243375153371
12.391855967013527
43.06874441884395
190.4706610920024
10.717058376685152
12.450908794795152
41.69434196670842
188.39114359220792
10.304139187880935
12.7774317646815
46.00599944718125
187.5862724426401
10.431432428550362
12.578121140607049
47.80991660685414
186.8211843376165
10.12810028341311
12.961394448409717
51.78853028611974
187.8530007803529
10.407038192586262
12.752308620787309
61.60281258148803
190.82318644587178
10.466608990258948
12.04035992111922
43.43962698269509
189.06282438952786
10.225286816834837
11.39167696609684
31.146252112819308
189.39548290521822
10.30184893081071
11.199173807800387
36.42533725897652
186.32947074593972
9.958619489647393
10.98356148769331
32.729628549190686
185.07718847691896
9.856233740552607
10.633549718116612
23.558574735379352
183.18732096754403
9.836651846075574
10.511552995204076
20.370571335931032
185.13193240641027
9.866167269115863
10.51342046351073
22.046782114715693
183.40040554244504
9.835381640993624
10.600081422234108
26.64806592935071
183.99466302452095
9.896594181592256
10.871093169339309
33.030082758679086
184.06046520997188
9.83897049318149
10.614251043507972
25.192152453467767
184.15303164074908
9.968876906603969
10.877087501782434
32.826238012266344
185.16522352118952
9.99634584215924
10.921828547735082
29.51591952747654
184.55373354756148
10.184203197981684
11.281897097212047
51.5184844443574
184.7936389863248
10.116442749774968
11.114434855231776
40.893810252928475
182.160797623743
10.097329149783912
11.231909406508539
48.11960231967096
184.03972910911932
9.934852869861775
10.632908896392165
26.013955518822463
186.3324125557427
9.932630273351988
10.546204114333534
21.497372747552923
184.021715245984
10.085235816892194
11.400782165708433
29.485933510807335
187.55288304296496
10.368697549483448
11.468594374264315
58.850754195446285
192.65747842684357
11.051953442753478
11.79810103163128
62.19362085950398
192.86892516614014
10.817684556522284
12.821958746035929
78.71378391213017
194.30345677092419
10.611430011081048
13.137423516010678
122.0437758421871
195.76567721819242
10.804965585346357
15.677510138151918
132.78546709117086
193.3203213597132
10.62169989046112
14.038065325047697
102.10619825558294
193.9999008309552
10.638925220820784
14.067916387206914
122.68335580639948
190.09216930286073
10.560112432843454
14.084062446061212
123.95563699213807
192.13369750787223
10.614469694581548
15.283477681284179
142.39534955868572
191.94163904073216
10.35129355132887
12.037274298090697
69.62797765096771
190.40352599158567
10.315839630381468
11.415722359587358
55.16428498132817
190.0034290641561
10.367593123438834
11.424308629800526
46.751005392391455
188.89385964009708
10.387852554938895
11.399755751024772
42.48435124892718
188.73466472537206
10.408902073899151
11.337595950607454
41.87403726664863
187.49510848672386
10.334909472421835
11.189231546067024
28.95651808824308
182.37501302777608
10.37292470310485
11.328208717077164
33.47123393751089
181.54222360352355
10.412256959663635
11.415657634786003
47.711377144740744
183.10418423460635
10.48833727340447
11.74072345985864
71.71718168945907
177.95082809050814
10.532802553635415
11.86454029806156
77.92536101764944
178.6479929301839
10.401550302006118
11.443537945292407
52.285411513492285
176.20485156085402
10.263508358955791
11.092753634146609
35.47172562031798
176.52841075189662
10.355686597472959
11.373109907383526
43.836157825580415
175.4066297995451
10.370697440237489
11.432540201518284
47.386730070746445
181.94803758897314
10.463485622302754
11.743933094932743
69.36958914434112
184.8774468544492
10.558623085797223
12.184890894389362
85.36243706315608
184.77051703137548
10.58001140049789
12.617968862670985
72.11702180999212
184.31225374252625
10.753516522896168
14.519862479649667
104.17560944659061
190.187111560289
10.666801394411342
13.147076828724778
83.40173105245873
191.08667567107756
10.685258899909988
13.579404896191638
104.36095257728714
191.393738083397
10.829149359299686
15.58218976110709
128.52937542693635
185.9875235253844
10.746420508277472
14.952552212676471
96.93181234802009
186.75181936780342
10.664646542457874
13.820775703747215
96.29717720426989
186.27049303907938
10.678972053911904
14.811106602676263
95.45043844660373
187.35428998137672
10.763151924850385
16.485993682514465
99.69453998327393
187.98161043862518
10.744608908243823
15.887261750644473
93.89371596491452
188.81402167315335
10.876545727009786
16.74184377443876
106.71843233491182
186.05991570115626
10.938476908974641
18.757032260995636
100.23331640075902
185.73408779080782
10.908070870715642
19.53652951060512
102.34735433622299
191.85109767488717
10.727791458509099
15.499786608606298
77.21415085401962
192.16977454686798
10.632023561363422
14.649217827197434
85.65080212498935
188.75715715271622
10.635973947597465
15.020394785822758
99.10882766766824
187.74749323831327
10.538866711148138
13.38630224052912
62.684414834723476
186.47521515275884
10.515784508918895
13.015755348939267
58.248203633822584
180.0818839316195
10.533050371666496
13.459581417719406
60.02090704963871
177.79426809247008
10.298796249990978
12.091004460648472
36.49381372513923
179.4015813767586
10.423148531805708
12.60207966884688
45.93519490454197
181.2817103174308
10.24141775408906
11.472804432066562
28.7944721866206
182.428398832475
10.382556423738935
12.356045449945622
35.89523435395813
179.98268553949603
10.388325553233352
13.281919353531942
47.41621179717033
181.2570715433464
10.306933452059972
12.6715594624735
42.96356781932022
184.44301873059436
10.514103016633658
14.666110540215774
76.12788075971127
186.62504628658473
10.404793421391187
12.95366268914448
41.88546140059453
179.4290622950411
10.472034807272376
15.866163179936349
61.45257642382941
183.1166917845414
9.858214756288087
12.208289968003315
24.383771092383533
182.80187297306492
9.733041329337617
11.16373949657354
19.99489118847292
183.98905194392833
9.624461100745881
10.463415880353134
16.12107354943949
181.13571378610104
9.917320024836593
11.461773614078407
23.98747750912627
183.78725489880543
9.925522702740198
11.146326106509106
23.09767155124057
178.9699741892812
10.01346157609064
11.837011191230781
27.56682157574104
179.5558066132488
9.549025455242456
10.369453007321631
15.96966015782964
175.30905968408052
10.193972930082543
13.058642455799532
41.82498831495558
176.44402540496029
10.437756359978476
14.809638469044398
68.14071282997593
176.88346456277338
10.31627714159124
12.798167131240596
50.43695140509592
175.47095734142027
10.364530727871893
14.303362507074606
60.727596942401256
180.3067459111769
10.484095114660217
15.066147505683201
79.80760722265723
182.19380801244816
10.665806721577596
16.77793332485885
95.64261037575722
180.27572889808897
10.990110370250324
20.693271041526003
118.6883246280445
179.97490867206204
10.935176025515576
20.081807543932904
103.95056136163646
178.99885837314196
11.016655742665014
25.109120886144208
119.06006390137836
179.50399624299266
11.832209117837222
47.004013058118474
144.71601574509685
178.5360780000865
11.670008387878818
44.72926463728395
145.41382856131258
173.36895785544795
11.458495390610054
27.6124578586668
129.37492769813568
176.0441771427327
11.080048768359687
23.657718283013452
122.34888716327964
179.29902101500517
11.020881081705285
23.737165283247855
132.02797443383974
179.95677715362552
10.823205863938414
16.67349677536957
120.02092196831224
179.0905693670879
10.71557173307462
14.166355852304507
112.54808131340083
172.44213278413758
10.571645706865898
12.735453609269566
93.05406115531444
176.8760039748752
10.569551736353167
12.960146220545786
108.31519206985934
179.1511293892646
10.974905106048942
13.406529400439672
105.82289403302772
178.77621802936318
10.619450894487736
13.036109154495172
105.58657535669806
181.1432769550752
11.410570714234067
11.782465728072914
63.779299271226705
183.8699544925035
10.610263121791906
12.454808023802586
94.8143847317668
184.42277177776688
11.345476065860895
13.388219898856217
102.86470641912038
180.76079439179838
11.633310359874917
14.07172556375008
106.13959040264304
181.60815384378884
11.091764611820285
12.762957486629267
99.14016635366715
185.4066735612723
12.899512435723093
13.143702086013876
121.60738963881928
184.83743536712052
10.71886885942445
13.470517882915138
121.22293328664361
181.5379261613369
11.161813857160853
12.951994537062548
114.58698975200906
181.8851721147596
11.229899080917008
14.12819082172498
112.08749731905466
186.46038008739657
10.893836021512127
14.939331513423408
117.481502230551
186.8202606182335
11.653928924045973
18.471800120775786
124.14585352122812
185.66811884326225
11.356823465828153
19.890023040001335
113.74230893933071
188.72716952942045
12.575826145024541
16.755162689472733
100.2418563416603
190.0566378686262
10.927166964348437
15.202182325561822
96.61904334759446
192.3722311798078
10.920394795803253
15.461347814684217
92.81617615597915
192.84107315470584
10.911102142842397
14.242185245287752
82.1601527698383
194.8065742403544
11.04874817821424
15.413855276413674
93.4458713444283
194.86655857400683
11.072823449792446
15.55515774796432
105.14332444358999
193.43794687335406
11.41190445021955
19.161861416433226
127.43352704132312
193.00950417889322
11.264021091563627
19.63223314913836
125.31508857939276
193.3594462784152
11.801381012271762
16.493490867091857
115.48843029356115
192.42698590460012
11.969741648814141
16.53316280603871
116.72470969778769
191.24557793862218
11.264398268853073
21.07478645780562
128.84536612345278
189.16622912245882
10.972353545689792
16.513676372285754
120.61139293805567
190.44675107771363
10.900107545111654
14.358202218118388
108.07801116789871
190.98960110245315
10.795240000914182
13.918987173268064
110.93933520216609
188.94080494976006
10.610995692186279
13.527400379085654
101.02981008227117
192.45452738545882
10.751194298915152
14.565249285785516
106.90063376077893
191.5358713297456
10.641488797076963
15.013997387345514
104.33802475400464
192.36530463846566
10.8799900898962
16.05426946019405
117.00144330964426
193.9805020788988
10.730639710149262
14.710277106147755
109.34385951579948
191.29665220600873
10.343375347184425
12.837214641757187
83.18896038996593
190.5068468517474
10.293862113445591
12.758702649160869
79.05673494519208
192.94207789494234
10.425325105966406
13.172793468687496
80.50097281343832
193.84473233710162
10.558006487176469
13.44417420063096
96.3950675576967
191.27358912770674
10.591121278535319
14.132610473135516
92.55964760431587
189.27292300979062
10.718649067089347
16.562099957079134
113.30492815139374
190.5058474173625
10.455091615926312
13.75170511906206
95.28862103713092
185.28300988135334
10.485960484974733
17.203404150873094
101.0340086011868
185.23433170480178
10.44921447938482
16.667872151925234
86.6078305677998
185.90857148491193
10.468907263942937
16.774222976641273
81.60369606577257
180.06572314133498
10.411514075903238
14.739781960696533
77.39586786890078
173.7233791637588
10.556078088168638
19.073641376517354
117.00120235834615
169.24545920947907
10.34016446896242
18.187037733125166
89.81705489666602
173.55509330491466
10.139529391931823
14.553570098076653
61.89959006880372
170.29876216935682
10.230426949298336
15.806973984545818
64.96955874894881
171.217568665665
9.920720948818335
12.390502415770127
36.783754989806475
162.70295098692293
10.354842401662165
18.01542235396306
94.15753048191132
162.44733963262405
10.338962684378968
16.99134799083888
89.41072605450479
171.24898249720317
10.706931022661509
24.510644081103298
129.07255454189482
171.46520370381276
10.791956597439954
26.997586567934906
134.16540731101105
174.8058166891372
10.755621719848394
29.783902588042256
141.69798417058848
177.36200027400682
10.534206186600864
22.819818794830613
130.79064115577467
177.23025541177591
10.499872365172438
25.85449173910285
135.54753395503099
179.58696429642023
10.211320702893342
18.36782788881568
121.79792809596498
177.07551491573372
10.0591278944354
17.679924298616058
102.33592235988706
175.77704416224307
10.313277388344346
20.877999160261734
112.38423075504116
180.70802238467033
10.901581427741803
31.39310801219043
140.89888816542629
177.96524026715434
10.63703722675583
24.432943484402575
122.32835246885476
180.81310025316978
10.66257529034528
27.503322175130087
131.71758586071567
181.32023719169274
10.883766516440772
29.515866035651307
130.06412670781722
176.49616953616072
10.501096365997281
24.18257598658681
120.73203444057097
173.04927539878074
10.23458900853635
17.640745201769782
88.72780095852082
174.21768829665157
10.163948280899056
15.60070863605793
76.23181611235862
176.84154134492485
10.392249633160754
19.901154186546552
103.45465329885823
177.98239065115843
10.383983244503163
17.193595493526246
99.7344195311585
173.52864032438868
10.414872689193826
18.73194530031892
110.28554791986915
180.22755227551943
10.746141548647019
23.016152042373438
129.95696231988654
176.12540695550638
10.209293716228592
17.28955974492241
91.20266120522267
170.55576858152392
10.296532867564371
20.415379027861324
108.66506890034611
171.23709676320902
10.398998233024944
22.918717030250804
121.69881010718993
173.34996050259878
10.681628453422556
28.71388876286224
134.87962937489974
173.12298025085263
10.607538289416034
27.70287424321112
130.28625626147866
167.55178677219675
10.894293766218025
30.132150785164907
126.65011291175453
169.89028578360347
10.988581609334831
27.24509523446591
113.31594308067557
171.85499827333825
11.179960805275256
31.880395603732154
122.62113757748637
177.0271011019469
11.102950186159982
27.328008671726653
117.71299693592869
172.76188053532672
10.94805137100977
24.123540464322264
112.92388024159148
170.66178157380318
10.994409240460127
26.01078307420948
111.75270568869398
171.51638847991558
10.992002746521623
27.728195324355138
120.57293348274844
172.4111431521297
11.05872142059818
27.45431967405961
118.5655945821309
174.32746301029206
11.017985088418929
25.825953511238872
118.01675071285005
173.68242631442303
11.243411026350016
33.97906571270297
130.82607330634414
175.10144311277776
10.812034507438598
21.127403285228684
106.75991073989735
173.6922942871862
11.089267904736058
32.33979899720184
131.79759775024235
171.26641058724596
10.849150918274328
22.589077811878738
99.96432686466927
168.7733843564826
10.925496459075323
25.165994304407263
104.78352225301198
166.46438797562507
10.930571740639548
25.065038012540732
96.35968031553051
162.344941580313
10.854246248804392
25.89535756713122
93.28240685281042
164.24350062398076
11.106377620402407
29.482252661453014
100.52864583028904
167.855612062877
11.199429717482083
29.504079479361295
99.47481398686988
167.19599156555512
10.983355124618946
23.230256083057174
87.0401196866681
160.60882862706023
10.551802288286499
18.304995810622568
68.19695386188472
160.2987622066234
10.230307501730675
14.770076701301608
51.73647066820593
164.45559716402857
10.448340535777772
15.277834133282486
54.48665386932389
163.14663839879205
10.31078775774598
14.599102398433553
52.28060563172346
162.58762767691297
10.250015584601192
13.631588905027153
49.448793119982966
166.30039602871648
10.342908515644801
15.38912321991889
50.82818605421003
165.00730419873508
10.324445250440604
16.098729215786555
54.92957986248195
170.40916913250123
10.294978448811916
17.41663345721472
62.62414177061337
169.27689558068937
10.139087964848342
15.319715879446166
54.67087121881039
172.89522998525058
10.283859526226802
18.30699143659948
87.49888281447637
167.55729523623341
10.15565702210217
20.031057361228406
97.34051874543147
168.7122727002087
10.530489406361037
29.68583577914629
114.12899501510446
169.24296878716177
10.6290589482782
31.18534540703693
114.10507400973331
168.62445887405545
10.670115316290191
31.299451920878447
113.74551038589536
166.3131349184493
11.020384678885607
29.894862297988773
109.12060821052114
164.83495880435947
11.159692037881616
39.69868707865253
115.31406239869254
160.65380325010253
11.104410947050317
38.14469620493929
111.95672893264951
160.17048947946682
11.262013869980883
39.98368988941715
115.0803964070754
167.68936100027378
11.242094941913757
33.041654204342684
112.16590226151096
167.3057329915653
10.590919550696276
23.360884735960028
88.474121650604
163.9841903493849
10.785327276118903
27.073434801538507
95.1900180104341
169.33439254106958
11.055429089246774
32.54238211441184
117.98287614662924
168.25242939982638
11.35231855361311
35.32550767483615
117.19107425281466
170.39361464519808
11.13277644294373
29.3003783747463
115.94516777292827
175.67449062523121
11.15007826623781
27.38058428837242
124.96353149390065
185.23957016361953
13.033317334296992
51.86630977780223
167.60052522102617
190.77840903303016
12.305055175736396
74.51894818554223
173.97223428074972
188.65544188751818
11.46841181376693
30.1189726813031
155.3440008385178
191.0212304789634
11.664033161533068
36.78979368442903
165.49261639772067
191.15515316100155
11.70830689714305
32.443277988357465
162.74457244296138
187.96716698518105
11.557490983831679
25.440177878633875
152.6537346644525
185.587002233065
11.733200028413012
27.52023256943609
154.65393433290643
186.3363881095015
12.053347884721656
32.44099854244689
164.78046526122492
186.8297436181879
13.106190114744875
44.09267012692747
171.79281393070778
186.77284650847338
11.95548102730671
59.18533103837552
174.64704826000852
188.22522446211082
11.409990737320706
33.141705020460705
169.30011269538753
184.57277851707
12.969772366775722
35.967545230134775
166.5748942031004
185.88696538427084
11.208066349027881
21.013332114604317
160.20118883785187
170.77411685816008
12.211507841879712
15.02089916894617
100.44298899446511
176.35072886971307
11.533460453806345
14.072384291414615
103.68767949173301
175.24044698412712
11.260855315724626
14.158443812360181
99.79942506776182
177.62741291345935
10.62894416835506
14.220665710261315
97.06744207279075
176.97697852156813
11.439065323448581
19.917376471012364
120.19264944624038
177.02696594851344
10.924895137569708
18.10240407397201
108.01793273390192
184.4561492901581
11.065019815699335
19.70914592457426
120.52083630298966
182.04564077155982
10.696018233712637
17.270903554509903
101.10468177481036
183.1228029905502
10.852045007845351
22.233016717955298
114.82245172616982
185.45491642744565
11.184179909906003
18.380116185997277
120.65750656967452
188.99225965368655
10.666697560500406
17.037276054576694
111.82825916140558
183.82387242809227
10.298567074777594
15.297254054749638
103.09481347780161
185.2420378480253
10.006580217288189
12.43076333139796
56.040731945694844
183.72620518806036
9.91227168090684
11.11539884324468
34.565580006313176
187.19993926780253
10.223358151385794
11.214578575679695
35.22925133636675
186.03743275849217
10.160185388279476
12.023780722756921
42.35670433841901
189.45917332762102
10.54748012667547
12.329162226597584
63.42562085030791
186.71716641733053
10.514244957360418
11.409702529781345
53.657846401682264
187.59974655357848
10.230922960312075
11.728384707367647
60.52568216902061
184.6018048349601
10.232826491128312
12.920079759674849
62.23031504956624
182.98971881875073
11.576462869878998
11.411106024108586
43.456604401987676
184.9499440152519
10.257222195042562
11.887876921503917
51.26023209495797
181.08582078688494
10.259820732751795
12.362216089161583
46.59566378532963
181.82833952517416
10.188548149749012
12.522358896612378
56.37765207215426
175.88798452137527
9.919176998806503
12.055326132287478
45.34617122671868
173.56307064502963
10.370648238316889
12.357091621649692
62.22152414274724
171.08461285105642
10.001183099298327
12.995059003737088
67.33503263078731
169.61437447854337
10.152218400966575
15.828373335950987
85.28880686326305
167.40884588800444
10.341636550007264
18.314056537443555
101.74262275286998
173.72987398414583
10.587588072885127
15.239744233049562
95.15202821789643
172.79201485509114
10.012116583407504
12.508381934884708
60.29452778204716
170.80244150576857
9.843003073011802
11.171088341641838
41.036272400078296
182.26897721318159
10.213567523874405
12.987875414518783
69.90843225428347
176.13590899521674
10.321012740877428
13.060266143830361
71.0170494969258
179.20051489441613
10.4393770888248
14.352043238311877
89.05343075131103
177.04344444855823
10.088121547145976
12.278769710628591
58.36660697184585
181.1714257498702
10.324579914226579
13.265520738413672
72.09197651900006
177.2929411392429
10.090539396799361
12.898436028008696
73.01192988928133
177.24801149204546
10.160405404185973
13.27496978564215
69.24047304883675
177.14813785469772
10.381093993991342
14.660028765396216
90.58843596578487
173.1000893121819
10.390282926060566
15.378439461989197
96.21829527012332
172.5703854684313
10.631278404913198
18.324229264218708
123.00841408204562
176.967132384249
10.552010744783132
14.598394506621336
110.81974881202841
173.89270454311963
10.49172855135285
15.142993773700622
87.43839385138943
175.7464817526872
10.45263070679793
13.706026962769068
76.4103812135626
178.87887009102994
10.303066360529101
12.169741296774585
51.916852820884756
179.73983992045106
10.239644965825025
11.441780344417971
41.34551453096049
176.5051385296021
10.206266381891036
11.765181529150324
37.16928838874752
174.3638890764745
10.462278309929992
13.555711701337007
65.433416344555
175.3675858475861
10.565995139919993
15.445424630722043
78.06938301717918
175.71699904877855
11.01327188912158
21.954912906655185
104.37679907806509
171.2273496048747
10.809276994283417
22.794626304192228
106.51531774592371
173.05556271893693
10.738936361011064
19.615802342814636
90.87569989923531
174.36070433002982
10.837842991883347
19.008397388897055
92.32368086572242
176.70684423363787
11.57146043559304
30.920851356965738
122.07558461178853
178.34705055224947
12.321318139680221
47.29691080587044
141.38663695518
174.54499854418074
12.617114449084987
49.73343045903383
137.55869526013885
177.58791003205533
11.88010895804177
33.50345041184356
117.0286183430164
181.2505886781559
12.112958274782386
34.65584075328376
117.35448208891975
183.79041204488152
12.320590106541367
42.75842585250039
137.57413977425767
179.8329023916916
11.970348620881401
42.75911344067226
135.7615503792901
180.53168632908717
12.15832449633634
43.79587338965724
136.22525699476083
180.05174569259896
11.891295016826529
36.80677987776692
130.51882420115675
183.60623675552634
11.55489523453983
32.60725182450239
125.05013996453229
180.5551569583515
10.926764743193948
20.897177486494627
102.30435162471016
180.91150087361223
10.973881482110476
23.02160152142702
108.66858203065897
179.12368651547555
10.897233618159259
22.336565509064453
93.9735235203697
180.90255740087824
12.058786009397155
38.603715133390395
129.78702154955403
180.5997253953409
11.86030003139122
34.839869163375035
123.4380293909959
180.57148887161972
12.375399771500334
36.9874311330125
125.05756961262183
178.9832558903559
12.338218615403456
38.80118706769122
128.1048874838196
181.23515999396284
12.30001961571568
33.59543375952699
120.2373749043944
183.19568210627313
12.765683643585092
32.724083437804524
110.15410606909913
187.191580878128
12.475505622988248
31.648079447505136
108.52658273111908
188.86444273197927
12.33009182665165
29.313377429843058
92.71714508907169
191.95790043571128
12.7805283285133
43.268672726190594
131.10047581440517
191.07440921127395
12.138891991319877
37.61723019144985
124.29898921350829
192.15429374874333
11.188023710038273
24.74162981488067
79.51190499630215
192.3576606062609
10.931294133137724
24.471577930931574
81.6990518990848
194.10365285257194
11.076717083538332
24.62490815276527
74.64305801628
191.66555959568217
10.412364860315348
19.979417291966076
45.51856031173527
193.78341151299924
11.410530217247894
27.554427930725666
95.02282739845043
193.945163153359
12.5228657744613
38.24422324943379
136.2149353668104
187.95536526718706
12.331347791298738
48.14387029148405
148.19561952259002
188.92846628360883
12.30650181205522
51.08980877224739
155.2268014651971
185.43487725128162
11.97459672246431
44.821259307514275
142.47880934491934
181.84921485446807
11.190547619928028
34.874108995956526
137.67031683528683
185.32990135951943
10.670581224129295
29.435281826736777
135.59336349729415
188.29072530827918
10.292656082241031
21.999489610053033
130.40891622280407
187.2403643501293
10.791600691165009
38.77694194702189
155.63376619468568
189.9100021137859
11.079006495239765
47.063856329735096
150.7599939611492
192.4926209038208
11.258739728098778
46.737284594070516
153.16658157829383
191.6184642638435
11.648591710167754
34.13068593264133
142.42600615949692
196.96932739061765
10.586416266029328
31.76098967288019
146.63425271814484
200.52249450244932
10.770052120488987
39.373872761783645
159.03588155129677
201.64954097916842
10.687523767451204
41.60823394681614
160.32975369923452
200.0959250412828
10.700283228096657
35.36876597226583
149.9730513658087
197.04242892120533
11.800872810431134
63.22462705157378
161.41063764313702
195.68117415907997
10.972731997480073
41.781567660695835
148.06416003773495
195.18040377771166
13.57921166851125
82.18847130760274
168.16324454306718
192.15791083298006
12.662656674620253
74.94270310207138
165.0094705594674
193.31868198071513
13.959556793374844
81.75626894113725
164.90293057724156
193.6018336054958
14.142459804186418
81.74806309716293
173.2561141710126
195.82906738399893
12.502874523804893
72.87547374780848
167.74923980065302
195.1658084033694
13.946114078199086
83.32689746018028
169.34467393276861
196.10670189465964
12.96611935291826
76.22056571981723
166.4750708499884
190.13072257385457
11.515173495437905
55.573046498792316
159.56426323076553
191.23375161383404
10.763171399982953
29.946240263851063
133.9221053086217
193.64011117456403
10.553380025293928
23.372138108767373
123.0543980084698
191.9157818259093
10.272239099838949
18.057563806981975
104.88263187227645
193.5031253456142
10.312913132149076
17.24994140604099
109.52440335464948
194.7901329099913
10.95781603597998
27.053419407655205
135.96031231130667
194.19843705498346
10.635307715551518
18.68591417777957
113.86200922442802
193.45740069838104
10.154252925389843
12.75006582584742
75.12968107330096
193.78344553950657
10.126503128536937
12.532995704133182
62.32384422074753
185.74179705340237
9.969921314965115
11.815874215379615
41.346686191456115
186.9448184412994
10.122940869097668
14.154548903125919
78.17555465224586
186.5790372571459
10.055853118310544
12.299986903593833
40.375367403337556
183.13720178151695
10.220924718938624
12.672642702608226
52.50633265710861
178.35784335010527
10.256975073495225
12.702932487180297
47.91292946018828
168.08344029075943
10.786790838543935
11.975024676122729
36.5274220031307
167.45589333739346
9.964754601901511
11.473622568516053
37.85501400148827
167.484652082652
10.914389312850789
11.366976228707566
36.56467920852713
168.24682398952905
10.462795787771093
11.988676509471135
31.63409208571235
164.4588372046164
9.953039715728595
11.419724414170147
31.533832620484503
166.13715871754033
10.212791867978446
12.59069292568389
50.942537274200255
171.45078358944912
10.352874956352851
13.439343141676932
60.79814935438903
173.06207724828556
10.638904590934974
16.469323995204164
78.01369941767075
176.7796512603723
11.071442003414125
17.654581033074628
96.67938446171634
171.75102984834396
11.251153660710772
17.914433553557895
91.2754643672012
171.0888133402379
11.066458854432318
19.40106711609712
110.43391259127858
178.9946815455126
13.740820614655181
37.878688514628294
160.3733819569274
177.00496436837972
11.171174436877157
24.168681632091467
139.7313375077436
178.22225949729963
11.955946110638692
59.98917837366638
168.97903542474012
177.00773347417183
11.627056200430621
41.81783418314354
157.86084632162238
179.27463790135937
11.33921412072165
35.80876859446779
163.35331241896623
176.82714096511182
11.339626775963719
39.41979791861103
164.69803794829414
178.94533036275305
11.312577642990854
36.223670588616436
164.9805471418114
182.10740387537774
10.921395378068535
21.368231366876376
153.52584096811682
181.68225860335718
10.781294438765162
17.693510020575438
130.29171155956823
179.36091551237396
10.719487879312263
17.084524350240066
121.80396238094987
176.21698805575886
10.562226556614423
14.109298418376508
83.7414188958137
181.23212928428396
10.55294010846928
13.883064278708686
84.07178662258704
178.77780232839842
10.593793242677116
16.02257641712097
99.71977785565021
173.5465671481881
10.612394480048577
15.954119227285442
97.23288517248089
173.26285991100679
10.653424862854077
15.055798833528225
87.28101128034461
173.7986747538009
10.424166412236902
12.466792201059166
52.5341554327094
171.71227048991315
10.617777242698832
14.680635572714166
91.93808329153192
174.7729732766506
10.674456123354496
16.49088439531529
110.19368284374175
170.92463202861975
10.569471624159975
16.230176684771557
100.28219451082816
168.67255068684284
10.598136546620417
16.58069189361192
113.91766818675333
165.58660909156163
10.553581692015042
16.54765799257124
99.32428506090335
162.59814792095673
10.454542466275564
15.663249500610494
85.61724699386883
164.1349694980647
10.50104062961014
17.21598274508116
102.00198331976469
170.47668537343034
10.462102800624233
13.774120259887031
73.8726943992174
172.66260362402576
10.55440957239839
14.905328369112318
79.21948991521802
171.96325284958237
10.531935090296592
13.987894898747648
66.9442683492469
165.93066446349678
10.569851993352911
14.587839267999863
77.47695611034874
162.83431887087534
11.08982141385101
13.344789292601734
59.95451531839222
171.80957968133686
10.62751722764984
15.1058596348166
107.72107315200276
172.156053561678
10.555345150289291
13.088920352177809
87.14108597997573
171.40648612671143
10.426706054052392
12.670481733389046
75.51024891252827
173.91686709344802
10.612063249888225
15.832924938524242
96.75065740517186
180.2527878321867
10.772619361214034
17.44879139430896
114.45078835422751
185.04069345322876
10.913759344780647
18.857762754302676
133.88178570839244
183.94293757436577
10.852193254411088
17.716957762027686
122.85965466756917
183.96722986436995
11.094686939978526
22.5604993403862
133.64995514706024
185.12430806776393
11.25733078286426
28.564453288756624
147.0603844763795
183.86137884344507
11.093688038320064
24.279118406772323
140.65127415053772
186.74670611894902
11.02818071174169
23.63263437666914
142.82889281977282
188.21147698038135
11.235340094763316
25.970935253337107
134.56455319626278
185.4939186041894
11.487731121115258
30.50261850148909
140.58470533862632
189.93925449238986
11.548601444496656
36.835145705712286
156.71147723720352
188.24898852071175
11.201110833003542
26.132283286286096
149.64301953547795
185.75427266540908
11.817678133674343
44.94260699061388
161.2970370871043
188.3305429735472
11.589094849204036
37.32673768798207
156.90532044836635
192.90791200567824
12.092470601488653
50.75543199294341
160.92402278919508
193.01324280291522
12.122359730990842
40.49036741185707
155.32868848427165
191.67479846308427
11.810081973171838
42.56616585918534
157.32819866319338
191.69378379548633
12.703985219066976
70.48659262441012
171.21824265131661
190.0984133875028
12.461224041694415
67.40194464732369
170.09498543912002
190.38008421235844
12.36029657912423
59.39969752897974
163.60435966661868
194.1262640856046
12.891768539084959
79.26842477235726
177.22990576042935
190.8348584953209
13.62164423839913
105.74630460059245
179.84110208237624
190.11568371231576
13.430390698924986
94.99130628835343
178.04738200755446
194.5393847879191
15.049894708196467
119.98014861016532
184.9746439410499
190.47675058747163
16.549582821859442
127.36649498801236
182.1195886383873
190.8078930803421
17.914477549534425
137.31144518561217
184.24407501364055
194.97886337282281
17.820678982863313
138.50019902894982
187.8863247489258
196.278702336127
17.662315792251288
140.01154949802773
189.0286827202145
197.1729373279312
14.96946555628616
117.26436298146237
187.83138416177863
196.41140852691916
14.191372757435532
101.10924778218657
183.80559885384847
197.88351016988247
14.091972824211906
107.0788359838102
187.61381729181485
196.61289943916935
13.65833344252173
100.71111659021224
185.91433942647637
193.51951254451137
13.566515997714683
93.81801806601374
179.70821369659905
195.89821128519705
16.490259084806937
147.7080646239175
191.2338988049709
193.76443714332908
14.621609439962407
123.48109386241808
187.22671913921425
197.6706910610926
18.23003137805652
159.09401458290597
193.8689838543507
194.25226699348468
16.265702328424183
132.00632304515625
188.6425917847909
197.36393959372037
14.480233729106855
134.20970264096024
191.85422881734294
199.4261998117642
18.49556906178866
147.84147942573688
193.872744063707
201.43063174142125
16.17664928754222
135.33289402563497
193.77484760021122
201.87379936444938
15.280661161787553
112.33167579615315
188.96341351303323
198.0700538079002
14.220725531385561
100.08035976053446
183.69050291393256
198.35769613948634
13.897345260000542
88.19842583507145
179.61103999846878
197.14994384892015
14.327806112898648
111.41401805437383
186.8245018616824
195.10523756970795
14.921483161506426
116.30434321289702
185.50682107061954
196.51809857539732
15.239842440867529
128.8330205824743
189.76931621428514
196.43755541820778
13.59703562250156
80.42259765450527
184.96238377685327
197.47682717008036
12.886276412110071
71.97094595859016
188.1714507857752
192.87303592121629
12.38476658562412
60.433792021282784
183.31496440543856
191.47551821552582
12.891004623465882
78.39738898646158
182.48393124581926
188.37750191453705
12.21348663283466
43.78462850062944
170.26686160740246
188.88869500063532
12.20414061420265
50.49523983054883
177.3260845325169
192.09546930900385
12.891501811911052
103.56688765688303
188.66412487507702
189.24903941918944
12.1452321360634
69.56787864122933
184.75104349900596
190.50790788356025
12.18111546154827
47.69058984494813
183.53505763292262
193.49416497656387
11.919331322392207
67.82693997912392
190.0302179929053
194.9251074211944
12.139609197239825
71.5332848781338
190.259970595914
195.2405264407147
11.8144170359661
43.58216580501563
190.66094858113087
195.36690320482708
11.727723208200812
25.014136183327512
186.05168220811836
192.74509623527157
11.304348657815968
16.911655536407054
179.12380931283312
193.62222482462892
11.6629066795644
20.617254533921614
182.9701550729719
192.32576287536904
11.39461813850945
17.08910247176142
163.7254656155502
194.84928148377088
11.296520889428596
16.376290767694943
154.67704899929575
195.19315764542554
11.216666755464225
17.177464483613385
170.1347617357867
190.86033750209762
11.299258719239369
21.903371745137378
174.7564077286888
191.9371143746295
11.354853744977813
25.422650596958864
179.34553947979182
192.7724552113459
11.606078133989293
33.39040495729588
186.60037258467588
189.30847844786607
11.58909904894319
29.934486609615284
181.60847126919828
188.97232579288791
11.712111977021438
33.83277217184919
184.15932102164834
189.60828970617246
11.370500737265923
28.608263137069045
182.198591434816
189.41775442621952
11.926544118757405
50.95596817552274
186.4619193181344
192.17688355886247
11.709202880756113
33.83713284118428
187.9375129160887
192.73296555868438
12.054349295104348
63.51382458462885
189.6357284188568
190.33614223396086
12.362233620258518
102.10144425599557
188.75133150372244
194.49117217927633
12.429919085564837
88.56197746441877
191.67889548506713
190.72032082913216
12.074061650339516
49.01926069674426
185.75796756477985
191.77745148706867
12.40160648059926
70.37855670335436
189.06953352904375
193.09951050557441
11.728337231618191
26.895752326433
187.3809161871896
192.4767033569509
11.952626827045187
37.37213081034486
189.0422387790924
194.4003412472871
11.807024397022989
40.572627266447675
189.3237536435131
192.98239988572908
11.976861723157311
74.14749788817873
189.09072745719828
196.31720273283835
12.2450359610799
93.5020784114067
191.60179404533147
194.58827832750006
11.968481509017147
81.3818579689358
188.06560622687118
195.62453538459243
12.882892746747075
146.1387055510027
193.89283001490077
194.32758811111043
12.090873277144137
95.82489156850048
190.97875462720577
196.06326597773972
12.139522386034963
105.40328673522274
192.15368420252605
190.50354875361586
11.002435977068568
26.32889090896204
163.67953979645603
188.75609318942446
11.103575427085458
34.29709617866459
176.02886058097081
192.18141269415017
10.99008528384275
21.47618771609835
169.18355122111697
193.0817723439791
10.915875256295255
20.940975664100282
169.1499373528878
194.46769840041193
10.864218675170473
17.72871159273123
165.41240781007548
190.9205066311504
10.727504661788858
14.265285585206852
151.54867303722443
191.52376994210195
10.716715357297556
14.122893980097448
150.53738876980225
195.28268642206342
10.883576363954846
19.656219810686828
168.56182679292255
199.17997915799094
11.292703051255632
58.69503444423778
190.03331198009562
197.72257899885022
11.052373552836448
35.14927868475118
184.8277209679847
195.34883481424276
11.022573768676516
35.42158645152096
187.92791229189626
199.1397108819753
11.334366362266586
53.62899327123394
196.85017852713906
195.67128373980688
10.8456647573274
20.307893481311286
189.1430869253376
198.99445026614362
11.777843578638729
114.7788303845488
198.12361617263974
199.86027473810915
11.774336963772052
77.44888135046722
199.60832380359267
198.54064114656632
12.510353941594138
76.17461980080134
198.16782129378387
198.47183907612884
11.811851438960637
120.39552132050612
198.39247704882393
197.97120017710097
12.58957599000039
153.80743655128308
198.0122378499956
197.1080096534481
12.772192264513137
154.16305281784634
196.77262140485016
198.01985121988645
11.73988977013098
132.43128349944433
197.57999663846732
198.00673672657285
11.984158201340003
134.28738837828388
197.80956929219252
198.6125765841821
12.302966486556336
124.83149228408354
198.40203279288414
197.01916109483335
12.143145667466595
90.08953791233505
196.21260444319213
200.56178250507546
12.084724531761523
79.77859431700338
198.4718992354255
197.22604331544466
12.133588088049287
38.176982330053455
191.23196964850825
198.50617072199515
12.280036993959598
95.13938413188139
195.21497041549338
198.00160934047994
12.065358644242119
110.05999053209288
195.17523875613836
199.29775248127518
11.872586218404397
89.07122948451268
196.43215809708545
196.19853365405694
11.534800614117277
54.23687799548793
192.73005234779242
191.60173415423597
11.416593892499218
31.76775123255014
186.24419452445966
189.0223379812519
11.041153588137723
19.904022655802276
178.4357613234227
188.29264508355254
11.196799390009401
25.1928677877006
181.0374478515344
184.05254008064549
11.289181146522402
23.287908739668655
173.39095889720608
183.8943877897142
10.927265895001842
16.243808575434542
163.87249555677192
170.95731197643826
10.742853928294831
17.01313186203882
148.49231603742749
173.48787602455553
11.112965166437808
28.276190769259834
163.7710417383654
165.48767148211175
10.717247980411042
20.56212337229626
151.95122937353088
166.7077045510062
10.741212145153899
23.15120215306887
155.27395996964864
164.60564929903592
10.773094837476856
27.66397762647664
156.0033888555181
164.90522764688882
10.743062745493974
27.00364608692631
155.56421329856676
167.37130292230597
10.573106447930787
18.90583321007635
156.32745008092837
169.7607944608416
10.572750909970914
17.523190477238064
159.11368272483577
167.91910879897685
10.55766464361882
17.038704652315307
157.61781848147945
163.33436230632248
10.421103141534589
12.729987786887001
148.44643794283428
169.1204881194483
10.325000281380923
12.563951427040976
149.9760321087121
161.35952239700248
10.356143159346555
13.48213764831603
145.18184790668658
163.85170991937423
10.418027628275286
13.917505763029109
150.32624237134416
162.67402747766738
10.49303097945048
16.876921539821748
149.58073885853537
158.9826659067789
10.400768532269002
13.388575480901354
138.32694153834473
160.98504553189582
10.722397702665962
33.45392271147294
146.38924626303844
162.81019676147235
10.716877262267113
32.66537138714193
152.65723483136026
162.1702916041781
10.669874408754506
27.42966899444372
149.69478049303322
160.41305552591533
10.505015731868797
24.426692106091625
141.5115681811678
164.05605816093717
10.606283810816542
22.82168468210618
153.55984388921144
165.0106067907427
10.871103916445394
37.57900255206138
158.39324819583146
165.42395002601222
10.593685512745452
16.3202447447649
134.37247716135687
165.38733771458635
10.667391998239475
18.29818775298391
150.56163727519714
163.7780143425686
10.549605138317911
13.849867573877301
131.26255936461015
157.63339888500013
10.910636034335903
14.515724986055533
127.1615961779097
161.77991196143176
11.419165657278715
17.471621973716356
133.5494995687071
159.79361013580123
10.587753444761438
23.65452372675128
133.17823341883772
160.63160591785328
10.707903132691516
25.76484200554266
136.70839587233021
179.2876003908266
12.15159147211781
138.84663346334835
177.87000008627297
180.24371120652407
12.785270783404586
139.16352624896479
179.4369742044853
181.45012136731032
12.326820830585586
139.73013553618654
178.98589138527117
176.21588851098045
11.872791212301868
132.6508704100642
174.8116234844283
179.94517655754711
11.691133568555497
129.84233762499426
178.421469751843
183.48236324116746
11.949670815800987
151.37453844715702
182.95310749930502
183.4855450354574
12.033829304687085
126.95667215530958
182.53270149213927
185.06900676478756
11.392554446800672
116.17094327100533
183.8801504198346
188.06459075486165
11.723268518257502
165.0483656418906
187.06318641844118
187.60197150781312
11.614721303094072
159.0705019106153
186.4790337447275
186.2718786458368
11.573525700423799
149.14472728607984
185.00079486851365
185.89082577717767
11.550950809740748
153.9697331490346
184.98714102923373
188.37884316386572
11.596148435855126
163.81090518467974
187.7260535269648
185.22950214530152
11.66613954915026
156.14492102828146
184.21095653263836
181.71420780908701
11.437755985765634
135.26852944171404
180.11502246359908
186.08905544448578
11.933686530845776
152.36888481553467
184.63244769772268
186.3573678735636
12.463370104198294
174.08146089229766
185.407460595001
186.23773821437777
13.518556068665518
179.88680391027816
185.55715598209565
187.62222800329516
12.469361288171095
182.72636834996123
186.86571236325378
188.3341794818969
12.762307130486409
184.30126889755485
188.3341814773613
187.0776068903336
12.216228223296211
182.03330197774852
186.13695209844582
196.90062515811127
12.387732711647883
191.44563008550998
196.84619563285236
199.35503351627563
12.42159977823104
190.46908435947046
199.25700131581155
194.2913463102069
12.244989651584662
178.22881219290153
194.1128597389707
194.77800897209636
12.149324767449752
164.18043850171549
194.5185816586927
192.62886945757054
12.852398149575963
179.66896801389728
192.4945792734871
196.74795103279249
12.116982988056758
171.2310608739821
196.59432312830955
198.08615232115815
11.932598093080138
159.31665068203054
197.73631971432332
203.52512795256146
11.916367769520688
136.74513783209528
202.7289361483007
201.53557601400144
12.44175638500691
169.54413823267328
200.63538597429573
207.03975271174826
12.552942226231274
181.3127828724954
206.56293608131557
203.4004664909259
11.842165870369602
111.62678734410802
201.30943128497395
205.4453787467397
11.656533812284811
86.12456644338933
202.46041372970612
203.64182317725601
11.418419438844913
39.42296955773258
195.66060930195027
203.43096832278053
11.348770375193018
21.926090904989916
184.3829309279867
206.9656164536601
11.606147775404926
27.649734927724527
193.03405106815748
207.40825282787128
11.62487163896412
31.501556147748705
192.0891455869264
206.46058103392483
11.81522789085748
51.19094838428957
195.82331428421918
203.3863012164331
11.719819540232095
43.47909416028912
186.84382775464266
202.0557401073523
11.367792119925586
24.662914326580697
166.18649464655917
201.89125004922386
11.613260415636589
38.86613715357939
180.22776665050392
203.22626961799682
11.818043121585614
47.98940402598052
184.09622048305306
204.8016870489681
11.748496681426552
34.700528239394494
182.40845255270528
202.22707635743848
11.818747815846606
41.4476156157297
186.88090515605882
197.7121154308444
11.698991472668833
33.26820877313241
178.6935548685061
190.88320398187622
11.722931202331061
33.42006023507446
169.92586752531258
193.23207191394192
12.026576953246503
42.02761687484862
177.61725359155213
195.03623662671427
11.738735897527167
23.390798161275974
165.5317964015391
196.50129380075774
11.71850515696753
27.99621688971913
176.24815385070002
191.35984560810027
11.631269837685469
35.582569803476936
174.3191623003478
188.27638343352652
11.269506822751183
18.68326492598523
159.7173634583397
188.15156012849894
11.42639115299734
18.4634282423122
176.14431296164682
189.6793613202445
11.668767672899792
23.048939375342393
179.89730527746786
190.60911016880863
11.546236133005161
24.49701126290205
183.12457797052627
190.4576986924449
11.587793824255584
22.40513183827353
185.80449737127026
190.0603120316987
11.458238707328578
24.56093403307083
186.55924551315476
184.72445891950193
11.79941367933445
33.15705055983713
182.81957106499073
191.32583567011903
11.627634642508394
47.34519821797594
189.46918174651756
189.15921341771337
11.211481412016
16.822471967960112
183.64315654079962
188.78208002597472
11.281005405118814
27.794625904748248
183.7730148556592
187.04666948853097
11.179818367045094
18.29606879963921
180.77485346649058
186.855191268822
11.304127742353394
18.312967181392427
180.67381011623883
189.5812789829335
11.3036306388906
17.423613309019018
184.59043455323908
194.37580367984674
11.687304155528864
28.44232760916458
192.48268546108963
191.77277433980277
11.956028079908828
38.424992992024634
190.64206731830635
196.87995516638148
11.980360162962207
63.097015321957585
195.55698035144385
199.45884232311874
11.964204295297979
101.42468250031186
198.1576415857419
198.33526250572328
11.876124218178388
103.02320135704224
196.2849401916432
197.37135503509057
11.557251169905749
27.84456099078798
195.2999616783682
194.3752465685511
11.590474280619198
26.309165830841817
193.0459366710994
190.2290613030804
11.701776907848148
62.81998036350221
188.45324785909824
194.09141674716977
11.881863078626747
83.25808778798873
193.41567581169346
190.9905317930385
12.073038161490373
49.67268020290038
190.80521656072423
195.1719572216877
11.891235535531502
80.24206040041966
194.5025098329565
197.0660099870239
11.869481044487857
105.00484315101335
196.50822230549355
198.0434096408521
11.4758827698024
36.310886558034454
195.22282658955254
197.20850909442697
11.814025441360148
111.74183041827652
193.65795827053662
196.46334514487552
11.649195902006074
97.63742076169369
193.63900583531915
192.11659897046317
12.012469471526485
160.3631359973678
191.00915931947318
194.88590390166547
11.799323017299606
136.40337991197077
192.70900839604457
189.02286189574772
11.802964874459052
142.88736171749173
187.56167707499765
189.77511077206793
11.696399271611932
140.90124767449632
188.69618245571496
188.35578598196406
11.51785021631118
128.27538180138205
187.991491743736
186.43580627805727
11.405135577875944
90.2861304273734
185.47172855479596
186.81532033493954
11.364490687723242
69.00880118200408
185.1823847939226
183.91955607127636
11.356779168284616
89.85019241834604
182.53218525642922
183.37188278749838
10.96561879559033
39.057018039634976
181.19458572657328
188.11848975535653
11.097986010775685
44.612904632402106
186.09422872340704
187.99089656644333
11.00006637116569
25.08344435201114
185.0068599109878
189.81153589416482
11.061980506320873
24.836095870375548
186.19411614058566
193.72604549761334
10.958354353303173
19.502664005368185
189.54140615905104
194.37948497709138
10.938266766054355
20.89338181766805
189.64342120318435
195.3225591983462
10.998192331470284
21.78638887927422
190.72086564656053
195.3184787691189
11.031751530132494
27.62013678729698
191.99418648695786
195.11692156558266
10.789327380012951
17.034326265647447
189.22621799870888
195.0066748225978
10.817433421582319
19.397633288957493
190.46999643884365
194.8162949681873
10.78507078730318
20.666253401715824
187.45142313602412
196.31898922801508
10.965142237986612
24.239568045436332
188.08976025445173
195.49883264558537
10.797361588500493
17.388131338747176
177.9440792593427
192.00810213923734
10.549478686920901
14.29732305881662
141.64321903553247
196.92068718673136
10.879344654377979
16.882901140549592
176.98935248133188
195.45335395760435
10.835581234509245
18.787433849721573
178.6310561311295
193.85390330718917
10.481982389383832
13.321848463894394
130.51562332446983
194.174481283786
10.521867341815948
14.468481419739456
125.2346831048432
194.72659706277443
10.687858528065385
18.717673141224864
144.3200146762682
198.81619307695073
11.301967354470452
36.999711242585775
192.83917949383155
195.7101856560971
11.356472961986231
39.344907813938754
189.3163673803018
192.81384375481449
11.305789935107402
44.03009467621344
186.82425245833576
194.79408610440208
11.704527318150753
75.63029935772336
189.85979490727902
192.92376913113188
11.669745965915691
65.19681122132472
186.85352036514354
193.1252220447018
11.687989239951358
71.20974793835859
188.5809842991129
191.56043003576585
11.533471516473075
57.3896161947629
184.94859927612393
190.81496387339146
11.631010402681015
59.96859502450138
186.08918662691977
190.58813319748415
11.44672611511417
33.256638981496266
179.91378002668097
183.94829905767278
11.549959163661006
34.162508149396324
161.22008998252477
183.58925188360624
11.40913606578522
30.538186135350625
156.88010031063342
184.04339031681968
11.339281071915531
28.71087267205909
155.13665081711474
184.43890546371128
11.52230819555178
36.33503467623664
160.22013324112112
185.26016517995603
11.862403512937593
38.463436573421504
151.35840878579359
185.36549275947203
11.688515478336582
33.68121405969723
138.63607320063193
181.4670849226148
12.237638741693619
39.24792984936262
137.1378807378512
178.71272657147563
11.694761185668117
30.517247125862966
114.43530177887754
175.20016122184822
12.300842040273666
38.000007748962574
127.27306264473441
170.57571237370576
12.158411429679568
35.99078320858612
119.02275330456081
170.49140940048875
11.75814965418748
31.71461482597352
106.41590556407697
175.3194694454133
11.58668401234309
27.647180964561205
99.65229595991543
166.96413298716175
10.940574758082171
20.352082915163674
67.22130852010916
167.40665427896204
11.32765106977762
23.94095665552826
85.43196296648578
170.86487559556366
11.473915146711581
24.939156217751087
96.37624193517351
168.33752736418887
11.59415040213199
25.34534604043711
84.96343912884723
172.24529100362787
12.326602098385981
30.945715527275464
99.73837155029958
175.70102276105033
13.04092233239516
43.49676212912064
133.11350274689636
177.0739124739671
12.352554341731414
43.86695197588802
135.85222209506856
178.95631125214132
12.366186869500185
44.97905627354419
140.40910422176506
175.18788995180438
12.997707026957748
52.42180613235498
141.9870085820963
171.34191693312326
12.460270748094668
51.56598313424997
140.6314232927736
176.69952392505903
12.96366960013566
46.302051038514456
132.59087882712834
174.24316886224554
11.91359238855375
37.67342037853563
124.73493660544204
177.86165482188252
11.019510902803361
28.80739247859856
121.29213309011284
179.76075655388678
12.59180239984049
72.6785812316435
161.11636089075287
181.4531014505882
11.856433062008819
46.50621236177625
150.86392132806085
174.70590785965695
10.437988067347602
21.597743801110592
90.27967770576308
175.27991822023228
10.540146026543335
24.907278679447124
98.31327772465218
165.1864099833063
9.394641027628332
9.79803596459014
11.210057108562298
168.70273914366243
9.429288432840448
9.94896556098883
11.95034753351961
164.95862517019958
9.57443750261202
10.928189236849171
16.51283861494548
164.9863370300988
9.431576051692414
10.02593786662713
12.176976472464464
163.96865947349923
9.33051333857826
9.47868540507539
10.058018773922509
165.42101758868625
9.344679100473634
9.514146819378398
10.169046961306044
166.330256679665
9.511980240623625
10.484667511122684
15.018291594262177
172.93538030777165
9.916227691320936
16.859736410901448
83.5251361040827
171.1531646617624
9.379380723936682
9.584661426815153
10.6367516318113
168.2324171095475
10.265543102037913
23.794378723695814
105.966928125686
165.63980676352583
9.31922426868948
9.446675402644708
10.002586322436715
168.57538591844488
9.330699215961806
9.452359493925735
10.050294442354561
164.514481655966
9.527082737851291
10.695779112834535
16.388085626602166
167.9357374295712
10.400343205467992
25.536855257077896
111.97614803835832
165.80685862117832
10.24926795791537
21.53881705181427
112.1456179302204
165.0594916585249
9.882791220756008
13.977143616408963
38.86682528718466
167.8013318437287
9.930754460527307
14.039366118532428
30.452094822887744
167.03833651739777
9.88948932088573
13.673225627156006
30.185804694423968
168.6811351301734
9.575734105418228
10.818047725162836
15.356856016870609
168.72128321884003
9.981838683847416
13.590245987678918
36.9879030400768
164.85843780477575
9.73180647078141
11.341744454689787
17.923512524555168
170.17765690850229
9.96766431407874
13.884361845077098
29.356515617546336
170.90163114262504
10.108689366993188
14.139239418749655
40.92107828429096
164.26994653819042
9.939448174309325
11.77347642110677
28.370702722538596
171.83770354132778
10.011815019701247
12.066545339277491
38.92970462252549
164.85332290598421
9.969005456541531
12.181490514309482
29.89829847247217
166.22780195272014
10.07239280833747
13.110862401080642
42.3467030669744
165.68015342440526
10.185092597832304
13.581477945299623
59.10465792008785
179.07429449971568
10.488225617463636
14.269218347297363
95.81023934189895
161.91555173407085
10.242949540032994
13.688841950283713
59.579560709801584
161.93657718448276
10.214510313418812
13.175273984685989
62.8557021584532
171.3935336868461
10.051182925019914
11.904881320669485
47.43959137745021
172.29618215259808
10.22349372418306
13.543529171518585
63.047090844655024
170.65477175444926
10.469003436108563
16.20643037663665
100.80295979668281
169.39979861602922
10.5432391581435
18.089286748692
110.55471945016012
169.3542880971732
10.41572837581291
18.749380934981254
109.41653736796802
171.73953085578262
10.376663771796954
17.562767466918196
107.72685367576776
182.04951851910906
11.336844220108778
43.03629392204484
157.2484987046086
179.8184179559695
11.14117471546526
33.81505167791282
142.65096936354243
182.97672402371376
11.480044173650256
43.17457932114775
156.58403141328245
187.03504519260719
11.646319165615504
52.07560827048535
164.65621180228106
180.32938624063627
11.120288730780077
35.20907347156849
143.54558427627583
180.013604061274
11.308332732005937
42.113537969604785
150.60493244535553
176.6930442444997
11.335806526802344
45.53435808558736
149.3926389907453
171.02565188614398
11.06039403613421
35.18503678258875
127.35306529740626
167.59293737216348
10.77596339765464
30.921804801679095
126.41774957869917
167.9799099252415
11.054764215875101
40.190761826488234
135.482239144753
172.06672807793504
10.866833240002366
34.41080996223998
137.06360459286026
170.65581246781477
11.22284390802913
42.075626353787015
143.09206624068065
174.12329257574996
10.891696889151369
36.7492614037986
138.0755018249136
172.6057480875885
10.758784090857715
41.34833309809813
148.86426686117682
175.20269930984205
11.080917464444308
45.31488281360562
150.02584213018218
174.33671684413784
10.728911822104227
31.132901337242494
136.1833937937841
170.689780155427
10.463848671334022
24.609135616877467
117.94800911844689
167.92705527705965
10.524618852425823
27.674106648475075
128.21225219903948
166.00328697737115
10.467375657909447
28.212147049062818
128.85341625963258
167.34525214015434
10.69740422386558
30.858790979023432
140.65673329705817
172.0459763117795
10.6878219921883
34.5522831712254
141.4301366850046
169.27339729307874
10.80047166207184
35.34325708702537
129.41781358121887
172.61440786950533
10.59239880871325
25.77446471713305
128.30248649701286
173.0022755293699
10.713674971483888
23.21498925809603
131.65087245553326
172.82016949119424
10.765688638701645
21.47742199462901
129.2097781445591
172.00660185859223
10.542594428586323
18.31735823691109
114.40032181772904
180.6420771603178
10.832370256017455
19.954032189709825
124.68719344326135
177.47249314985135
10.748246980005765
16.653560645489215
107.20757977820634
174.05522395982933
10.666730595233993
16.600015151969558
84.19037745331343
171.72826682027898
10.451043387039807
14.392482574028673
59.34512294540855
176.86546464178878
11.006442788219633
17.569673100945316
103.13928611803641
174.55914571596327
11.021670508938067
17.971034660354142
104.4922677673078
178.32166750467627
10.962600247571466
16.57655377349592
103.72439122050946
179.12456971088363
10.845491559307177
17.679021643051126
122.04087626046086
