19.74546678663628
19.74547879695517
113.05028508896996
119.08066767751868
19.599093683706016
19.599094894122043
113.65421433843038
118.91353402754744
18.75663597800903
18.756632727198614
109.04795083588864
114.09034531379751
21.02148605630395
21.021478787690423
119.60311406837474
125.18611376913701
20.034897304204073
20.034896436245116
114.0519246833124
119.67893741051797
13.661662024297453
13.66166207842249
77.88707495105807
81.62316811655496
14.269891832745815
14.26989104503792
82.33153150258404
85.96939204319892
13.983787723401853
13.98378768325001
81.87430413352443
85.1756684645875
15.02975832888497
15.029759011485618
88.03866548134789
90.99915293070937
15.644461835196857
15.644461835196857
91.12944745250262
94.2426339748002
15.196502199013839
15.19650219904498
87.33429791847499
90.74000656569841
15.44387304360337
15.443873160720615
88.06344537363229
91.13712238773834
15.554101076455579
15.554101614738062
86.0204305223792
89.46217540588982
14.14072083954974
14.140717570190404
78.10946730654793
81.64225291739682
16.012255443374475
16.01227340317887
86.41100343685984
90.38741699420518
15.9608411128762
15.960840854668476
85.58578743873694
89.79580863098238
15.030103323122006
15.030086683927717
83.97833546876178
87.69730864878676
14.7837489083702
14.783783413920169
82.80574542323895
86.0863026830524
15.64972541664201
15.649730268913848
88.64133044921115
92.08533359295274
14.966528958127526
14.966519995318603
83.96787402863217
87.19286861965357
14.929121966954911
14.929121926873558
82.91344575242555
85.85725750462784
14.720240490865889
14.720240490846395
82.6756297371815
85.65079322072495
13.642832212819464
13.642830741754064
75.83325274443541
78.76576292796997
14.698250925519737
14.698251654791195
82.25887422543325
85.44107454787627
16.31510744355107
16.31511746819945
92.13559549377851
95.82096524850763
16.166723134234427
16.16671162263949
89.9274584693083
93.58630787115753
16.64060137070452
16.640601052342525
93.11990751191102
97.21403000152421
17.147680103403534
17.147676490789657
96.74996815738727
101.13843054213653
17.533044669623262
17.533049084480336
97.41169929672911
101.73376146534159
15.929448928709915
15.929436909623734
88.81552336283434
92.88898030545057
16.271398395739073
16.27140677821483
91.47391772217415
95.91411939604602
18.743934565150408
18.743944635253136
104.5221924948193
109.52886083822057
21.757406751695243
21.757418564396943
120.6075564421306
126.53113357868534
21.066673239194245
21.06665595395515
117.25996376049588
122.80626560287924
24.606817962832608
24.606816909069124
135.32573298489856
141.92849583332008
24.81376541067551
24.813772534256042
137.27872104032784
144.1161576036937
25.66766820005952
25.667674302649843
144.61607084969768
151.47354257040266
26.03528019793445
26.035280197777375
145.33682250169142
152.71393440998386
25.311974122660338
25.311974594999075
139.9356457198121
147.39356579983036
27.18988993776098
27.189891677608713
145.86398139283455
154.5546241100164
29.07414670178976
29.074154155110318
149.54396890821124
159.61186597712663
30.68927365110825
30.689273460298466
160.3700178294546
171.41051279579293
31.72612055688577
31.726118154671116
163.3779385292131
174.38409064718917
30.28155147181227
30.28155326425733
158.33485502055686
168.82536461472773
29.982674049529056
29.982661639751417
156.8481634086352
167.3663083643824
31.493391204265603
31.49341186576503
164.05194206667096
175.34382066348775
28.518761010850426
28.518717316484
151.3247528056652
161.5835577255017
27.574773764033477
27.574795033433745
146.62511859362897
156.98397544785595
32.35438898959447
32.354455688727576
166.23431543904067
178.21129119970797
36.19313357293109
36.1931362501674
184.9693599742278
197.76109555094274
31.850679864670212
31.85067613326442
162.84837584457142
173.92037169716292
28.093253129432924
28.093223691524248
142.75428615142687
153.06166388140986
30.689209787400742
30.68920997524338
156.61164149608774
168.12873946631842
27.682627496906164
27.68260392055172
139.37943937683343
149.56091616999106
25.734317103608323
25.734316793852486
128.7497752959177
138.1102684631234
25.38246342168561
25.38246345007062
129.49175315993008
138.8941543268708
26.170212083722102
26.170206717880326
131.5354230418616
141.04725367542235
23.304897405162887
23.304904399851083
115.61039250894635
124.84700698913046
19.5208464544466
19.52080623328898
100.63800308470208
108.37969361843363
18.067963082743052
18.067962612827422
96.59240418758871
103.6397806481845
17.378281007792022
17.37828100652954
94.32410765873121
101.16802403313072
18.4420757260797
18.442075129098104
99.81611101005363
106.67809258596463
18.129731556803787
18.12973134154051
100.12028656443592
106.89086818199421
17.285360652177594
17.285359377931368
97.44417691331368
103.71906326671335
18.716596462477252
18.71659765736952
107.8023600862509
114.77394886113576
18.14746506142933
18.147464333322503
106.66092788289438
113.50637053418413
18.75895605258917
18.75895737514534
111.59805999911437
118.04046067550236
17.766703800682524
17.766703798964116
108.78086072096252
114.56799554254212
15.41239658436194
15.412406196600028
92.78616511892719
98.24349098922343
19.134077985216706
19.134079835804325
115.47956884871564
122.54579467979615
20.77985715864711
20.779858508313904
123.33131421941546
130.91475834261783
22.264438894183556
22.264432812257542
127.36532930238997
135.91342866316276
21.837855115266883
21.837838347158915
125.00768901714422
133.90204256290025
22.43089756394483
22.43090087709879
129.68047687611772
138.773331622383
22.149447149475314
22.149448752448496
130.03322689918366
138.85171523953264
20.21443630697244
20.2144454700394
115.17826800141412
123.45298122184315
19.670516463047356
19.670516444397773
117.76700353944474
125.03034884297126
20.66344727503603
20.66344724236295
125.0568931340144
132.985993941711
21.942872717404036
21.942873418547507
129.6174362670596
137.75242057294486
27.21631028361794
27.216310628895624
154.9098114981083
165.03995881171716
29.13360858578743
29.133609114653094
159.4040428933441
170.93539908811397
27.96731277567404
27.967310093656387
152.90416542082
163.6118350244371
27.78559564527782
27.785596229057926
149.7378346566123
160.4199733299105
29.988310022791463
29.988317139215912
162.48448858584297
173.60539534572905
30.99521608319964
30.995215932774705
170.11202962541034
181.93627345814315
36.4577061151255
36.45770828575237
200.2117131153188
212.6732628672079
38.187025044651676
38.18704414907959
206.41977449428543
219.89973223166322
40.69716324158231
40.6971545166982
226.0201712276273
239.96190163849496
37.543025919942096
37.54295216466445
207.57586736815642
220.63036450238832
38.0080862609563
38.008085445285595
213.37339557030126
226.20587605531853
38.076379163441935
38.076378442173805
214.5136452481917
227.75939817795344
38.07826455608945
38.07826471159481
215.8333320643642
228.28815041187872
37.55344405618405
37.55344403400346
217.06578607458437
228.9851325396548
36.23789335006672
36.237899223710365
213.38866748344012
226.10066177843495
37.26655276105863
37.26655225297253
218.3316684475638
231.2377882470624
38.21519143924458
38.215185381937374
224.32710690179803
237.46893013388413
32.29739507113196
32.29740628337402
187.6432412165396
198.2595542555604
30.26446366826711
30.264463776526465
175.93814098665658
186.27289372930275
28.824153978817694
28.824153928503755
166.46537440949788
176.5065939036223
31.853308882327
31.853318375414336
183.75509160262862
194.2201074620792
31.13260042632861
31.13257593241811
178.7109616799346
189.2069665946761
27.436965297453522
27.436997768675905
153.73712039094707
162.6005826840622
25.54384738798321
25.543848033652445
142.87529200473801
151.62451785318063
26.050720510898277
26.050720782650846
145.4147807931651
154.01734705221227
24.622816073150435
24.622816041118906
141.8323042220782
149.10195053116388
24.265287145443462
24.265285820473867
138.72616995142874
146.25244720602308
22.061802811112923
22.06179528885398
129.1660006737887
136.0506319366388
24.25011849767964
24.250118508652815
142.51393868103733
149.3768508173884
21.406561033255457
21.406568159029458
128.88749714407155
135.10705804627221
22.815699417005717
22.815692557395078
134.72052387963475
141.5404284868252
25.727001939833215
25.727007078738197
154.67186432690505
162.60572930334123
27.37209286744634
27.372092963713243
163.7682268042963
172.136202413881
28.701604432724206
28.70160993908316
173.89360010991516
183.05775305450638
33.29904357778904
33.29906624082999
201.00613010382182
211.2537621210487
32.338104144495524
32.338104390700714
195.17157258859334
205.65727432938968
39.23627162727488
39.23627248920788
231.28774354376552
243.87229347717778
42.239778009024526
42.239789529854576
245.51779534129022
259.55215445376575
40.73758378319287
40.7375975932274
236.808669882348
250.54824983228627
38.1933189449101
38.19334816503917
221.95559491599096
234.74019116321173
38.92460296181209
38.92460295627937
225.97723821580217
239.1066634815354
37.12437293737457
37.124390042665205
214.0346337025897
225.2585884500979
42.358580960696834
42.35873845179787
230.53580755209964
243.04844070120316
45.91905140434531
45.919053589221846
241.61848590547743
255.65078813515348
45.38313200747371
45.38312771257712
244.05349396221055
257.94624578062883
45.18836679720472
45.18841755882783
242.76083319662555
257.9675337039369
42.9321566379605
42.93214900307623
229.65484014602836
242.42952126893357
43.78732009550637
43.78731829105443
242.4357115189719
254.72077505189185
41.615773952242584
41.61577310543272
235.96730169494688
246.609680510737
34.75067810184897
34.75065906017653
196.9697214492615
205.48075608248047
35.28606106909795
35.2860554747524
197.43691295881104
206.0518254828769
39.223163186177345
39.22318877443629
216.80757787885716
226.030477941105
36.35805849162678
36.358048895311136
201.92672148960634
209.55441858074755
38.1246256577412
38.124623065665354
212.0488185775582
219.50910997478255
42.247350370489585
42.24736388152159
234.33416815646837
242.6863794408125
42.35378772147799
42.3537696008727
235.97732301840793
243.7447692633208
41.932008381824225
41.932039661680484
231.9636403933938
239.91274905307026
39.59926839963944
39.59926644507686
221.63118673217417
229.00166779654415
39.848527517494205
39.84852761185591
226.97547666707223
234.4384680028378
36.54415313351638
36.544152004032
208.95116415032075
215.50733031638822
36.75145034672192
36.751450324202125
208.42537025622335
215.00004372506385
38.18757195793856
38.187573921352964
212.84985866381203
219.66207175794463
35.13558172955766
35.135581333242605
195.6085053619339
202.30157141087565
42.38903862802077
42.38905698717024
241.79895609747345
249.546266488289
42.9542799925014
42.954287765776776
243.6107302732953
251.31385122671063
41.85939557649849
41.85939462300786
243.0305845054563
250.68143778426906
42.43302987980272
42.43307406129276
243.22176813150887
250.8687945298194
42.315898954532834
42.31587864119624
245.55971846118692
253.44891725502958
38.996855284075075
38.99684130312862
227.03525439376855
235.0882835218323
38.43846276444739
38.438468675558944
218.507920332617
226.46673164637443
45.583141850948905
45.583318981975715
247.4061006032122
256.54298249120785
41.36440101371269
41.36440700632392
229.36935828927372
237.7413502255373
41.62321708052722
41.62321117245467
229.5194005486439
238.35908014309783
42.33850759345433
42.33850798873968
227.24578154839304
236.22924040482906
40.0357407020486
40.03572431363661
208.52671173911665
216.97882300056548
40.545685778137944
40.54568568492147
212.70772282524058
221.3349326550345
41.51601475740762
41.516013719153584
216.62034950529454
225.64213658548894
36.34865428121279
36.34865360842916
191.17038122370354
199.44732652507523
36.15662423980241
36.15662454835049
191.32403398422386
199.09828387150466
32.708705169699684
32.70868865489194
177.2214872851513
183.9054331000836
34.77101470134926
34.77104314817817
186.5930384655692
193.79382491848682
34.2181526535531
34.218152583519455
190.97752492172685
197.43957905071989
34.253717703513416
34.25371807143207
193.90941553154806
200.60905193994637
31.661530669114004
31.661530674462718
180.044897475768
186.9564492149425
29.656751836962986
29.656751863523517
168.78723870244892
174.61857629953195
27.25318233330714
27.25317672647649
159.66092674180476
165.22141573529038
28.645784200516882
28.64578418772719
168.40319871082175
174.29958860472212
28.817614835328868
28.817614286392878
167.8392278913538
173.08612916124332
26.912379940460365
26.912388282543525
157.83425590390672
162.9198692472589
26.072137095389984
26.07213679582761
154.3317967997892
159.44196216845683
27.391809716166673
27.39181103509831
162.915601723944
167.76537746043437
29.53166594213792
29.531666003819613
174.83107329407707
180.553277441041
27.516066684157906
27.51602036502173
160.4864219908824
165.61550364853915
26.066864616626535
26.066866022711658
150.33318820949324
155.22873798781066
25.779998247744665
25.77998997857221
146.57008738925245
151.4849978483071
25.99405457001022
25.994054898015523
147.52950830508206
152.95671666597988
23.805398972370398
23.805394457990932
134.04402223127911
139.259810640543
27.08829428074938
27.088292588455502
154.73952873961335
160.76697259846478
29.053169546099
29.053162432644974
164.73317338443852
171.45861565638992
33.02618669867508
33.02625492429212
183.65524604692942
190.43492330979575
30.855783182607652
30.855782107427874
171.7916689309949
178.30410908385102
27.582820661553313
27.582805163185522
153.0780829142159
158.37697627403696
25.484598673368183
25.48459245419913
142.42162420941307
147.5483682837886
27.813764144773238
27.813770137257464
151.10704457872563
156.90779460064348
26.328273066830054
26.328253004046438
144.2709871157026
150.15269063680572
26.20319151327669
26.203179328490904
142.45929616437013
148.47856028390765
24.1487878892375
24.14878790805264
130.45320530492936
135.88938069039844
23.874774718086226
23.874774921855334
130.15727847944584
135.2106138449968
23.690645002949385
23.69065137255582
128.36275080562856
133.4722331195151
24.36217750033394
24.362178471817657
131.8606446889683
137.53599545949422
26.078180964901403
26.0781909386512
141.34419779846772
147.45876827306128
28.006527479109515
28.006532095040722
147.47838279032592
154.36013316410364
30.452819015744836
30.452819713991225
158.1592293803813
166.00001366966495
28.42497253356145
28.424985729886988
151.7446453510625
159.10358406968325
30.069391055195148
30.06938756300407
157.33556698113216
165.08675409575358
30.32027413315865
30.320303510819883
152.30118535504565
161.057465028089
30.654906927761928
30.654935400922536
154.70888125863016
163.12601974212478
28.930532522144365
28.93053634837335
146.53248485848664
154.0517239535805
28.744946830979536
28.744943826728775
144.88294411005415
152.94593392665425
26.782414268595836
26.782412682042754
134.2425114385989
141.22196226000412
25.189049034740282
25.18902845298983
128.54291418424845
135.85700236592936
24.640682843126246
24.640684362048216
123.07356333399163
129.64953646322655
26.765747998677394
26.76576683924299
131.70311550720888
139.02065092115808
24.266567134551927
24.26653408474953
118.9555901370534
125.41783011741809
28.137672045687086
28.1376767036171
140.53598090779874
148.92824931291074
28.27504986970742
28.275050700360296
138.6028397991362
147.9208193894101
26.76509759912159
26.765097212005493
132.15538924144812
141.46611467664326
25.83775100957575
25.83774560574263
127.96821938553256
136.32110967585518
25.077286600659843
25.077286894581423
122.17362750127809
130.69034178421035
28.18600367046016
28.186038473263583
134.09989818151212
143.3425015718964
23.647321302146135
23.64731655502388
117.58825548836505
124.63928098102136
24.920522624405862
24.920527543259546
123.32131615661794
130.7350471060599
27.23129858082867
27.231297948268455
134.15738886296228
142.3158308723786
27.97240636078619
27.97239816038189
135.12986533295964
143.28248912777514
26.838983833740503
26.83899250277667
129.75784124362866
137.94283599795511
27.91613228035224
27.916128433528666
136.4284067966798
145.17686990915473
29.590876711316334
29.590876861999956
151.091764420657
158.61483621902636
30.59570902560151
30.59570936904378
155.94116519646957
163.56715678432798
25.258277320814127
25.258222564656354
129.03177577828913
135.22840811676187
25.348154063801232
25.348140901350934
130.96794838309737
137.34434403447867
23.980675945338387
23.980676260375585
119.29619824836956
125.80782362058669
26.792774649509777
26.792808706043534
131.93389198560624
138.98039897405542
27.637476944926938
27.637478095110623
132.9440403235503
140.16360630393547
27.535509978166594
27.535497650754106
133.5381992436562
141.4999146816484
23.7538603635019
23.753862068771873
117.46600603811001
124.47490543670614
21.788020255405623
21.78801793382874
110.73520962397812
116.7626776072798
20.094723343148008
20.094723538260247
103.29034712084044
108.65877391091662
22.630762493788215
22.6307650513392
114.64039475598905
120.51481794491151
23.40501306935431
23.4049982828894
121.10322602841141
127.19853394795638
22.386347471584827
22.386353000436998
115.20005651715292
120.93617870224293
18.445180245858552
18.445179165116823
97.56377116762805
102.41155492743682
18.01191705404212
18.011953941302426
94.00853605183774
98.49193297579329
16.047319238076053
16.047318649897488
84.7650087067858
88.2972064323005
18.813448072348198
18.813479762089518
96.64233853494929
101.59120144149882
20.817409767351684
20.81740353229316
105.79424345755051
110.8676953897883
20.42710316711953
20.427071187833548
104.56059345218412
109.61039755300594
21.37556004270432
21.375608386370377
108.90727012060472
114.29416506988491
23.00849422906093
23.008506258598008
115.1614064006313
120.5571543623726
21.202409284861577
21.202427156490028
107.69394825260405
112.83487996359698
22.298586384229
22.298574310093276
115.50315944227692
121.1109303244148
21.496288093338958
21.496280866680767
112.50073444295128
117.62345870593894
20.210348066640606
20.21034760614034
107.88070274836653
112.31856533534344
21.95237434267649
21.952384462370333
114.7462332891857
119.59873767579779
19.929780342964985
19.929767667175703
108.26998919041037
112.83526716207426
22.454705801180797
22.454724855629717
122.09870865556096
126.8589854452644
25.013263949081583
25.01326368142867
137.54695362806243
142.70135153951253
22.23728451582584
22.237278001208455
123.13058233132001
127.83719935942155
24.165734905796704
24.165738032724743
129.53267541855124
134.82981569800182
23.90458574696213
23.904587242717348
128.32667360024175
133.96648303486236
25.53986623363993
25.539866034971226
136.47985836159518
141.6519581139532
27.032178782893943
27.032178277669363
147.30094606770834
152.40010774442558
29.467336487498176
29.46734032692573
155.1084474219027
160.79578651717947
28.219871786420406
28.21987186292925
147.55032377465042
152.9983980552797
25.297131021265667
25.29709934354316
133.23370435927683
138.10643861845497
24.70949339927473
24.70949598280959
131.27588589120907
136.2148276503162
23.480708183041045
23.480693311892008
125.31437429378346
130.12747772280713
25.371541198646046
25.371541221543172
136.32733133253276
141.32873688382114
27.051379806073097
27.051386862261694
143.91905371745773
149.78460950964802
25.498927212397938
25.498955419451487
132.91991606063004
138.89693795284205
25.120860616467382
25.120875571590616
131.009517306648
137.48767363365104
23.117810542668014
23.11777558308688
118.63693163452668
123.78306551355989
20.21729196323443
20.217291005371763
107.10925007003806
111.40162869722805
23.929363049055222
23.929409343773056
122.7477194741273
128.08257284362264
25.777145879283424
25.77719731688151
130.63155478329173
135.8029049476677
23.160644849982276
23.160653069385713
118.8171653134122
123.50672393831256
23.340636655708533
23.340636670369413
116.30325237060738
121.32477995517301
21.341492651725503
21.341492697548592
103.32739712267876
108.21920686913425
20.468412243351978
20.46841103528312
98.78735144651894
103.50881228783652
20.076004309356346
20.075979282959196
99.42040332630124
104.10183942498493
21.21587689490171
21.215845960266844
105.15717040287223
109.7986497900107
21.613549186609955
21.613561603809817
107.74142632161633
112.2352015257057
21.632541621341282
21.632550045996158
109.14124647878181
113.52987957840456
21.587415184156313
21.587411192843295
110.28232292637436
114.61229610452736
20.865877597194824
20.86587759239036
105.7844346640197
110.29062404963094
21.89728953195097
21.8972829608478
110.58713359779979
115.4724457533254
21.681633423455928
21.681642519297746
109.79236924900519
114.65528714999894
18.84786259998172
18.847860910945393
92.42496988877127
97.07503126104774
20.071705891559503
20.071734799545187
99.2783065048833
103.8122675846946
17.124962284626644
17.124948515397048
86.14386331695852
90.35768430061951
17.326565855610568
17.3265746292105
84.78676728477829
89.03731499244726
17.38106846417125
17.381087415201996
82.74045944737686
87.16130064955411
17.561473351623878
17.56148014914346
83.90896794122504
88.61078763795227
16.833084046633612
16.833084046572875
82.30608099736718
86.9697360124033
17.388742359984466
17.388748279007327
84.98988817423697
89.83617309927853
17.139016833145128
17.139016986904863
83.97993993830617
88.46922835913317
18.7564112169397
18.75642804680002
89.57431723756694
94.43531695013291
20.583847492216087
20.58384944089366
99.48421272845931
105.08707802569796
22.997159777165038
22.997161146766686
110.75595571996911
116.72962621023605
19.69156890766263
19.691536507757004
96.04413473518974
101.32048862136445
17.737374252642997
17.737375308782894
86.35712912491303
91.20182000247975
17.043158552107563
17.04315811379024
82.83644212084718
87.37268504761332
16.48151199086762
16.481505543304287
80.86291481511687
85.58851770571032
18.8945312689235
18.894535223150566
91.591555561666
96.70465902822878
15.8194983184058
15.819487295710465
83.55850447129644
87.83889375215414
16.90575414823279
16.90575462617675
84.84410398379214
89.47566382939301
16.550237406656077
16.55023740664119
83.57029503102227
88.11834533628264
17.598894816410123
17.598901901564062
88.42568870939074
92.64153124414771
16.81700646699609
16.817004678467715
86.32941491081542
90.40356209538105
16.25046128406241
16.250456297396234
86.7751463904324
90.63186936295322
14.053670026363315
14.053669984278324
74.94256629038708
78.27111317296006
13.98810613712161
13.988091297280606
74.61228006942808
78.16592906272457
15.658387780681146
15.65839563792118
80.97774079800126
84.85211768525608
14.693989290942152
14.693987656245667
76.14292433570077
79.87231637244264
13.52198255347225
13.52198250512775
70.45991001747572
74.25517933277348
12.479494934103926
12.479494703777908
65.51119125997208
68.81415729852863
13.491195661541173
13.49120328702986
70.07974318500807
73.30991471198051
13.094061711438886
13.094061514183998
69.73048077471464
72.74480882587898
13.248908523784214
13.248908586190746
72.412395853824
75.44040947522994
14.362634578556623
14.362643888621541
78.02037913232036
81.23550836587778
15.94288324013822
15.942884522466123
88.6694329204985
92.11921241083391
15.943453377660951
15.943457898107269
89.94441580552004
93.62030228976873
16.42887704098942
16.428872744253486
92.82733384539112
96.43936930479329
17.126847336249234
17.126847162296052
94.59390881384284
98.50265190528883
16.16416456672364
16.164161751337325
90.42734545186418
94.03770154799928
16.51733846756114
16.517338467600663
90.90215639198482
94.62680306532191
16.047377379563116
16.047378053575034
89.27966150635687
92.72133521672917
16.729651898248154
16.729662235439996
92.94017322064931
96.39411169938323
14.951420881946905
14.951412893848339
82.9413746565537
85.99367206391345
14.121394398744233
14.121394364980631
78.55246444978188
81.37804629643415
15.130084294056068
15.130095372368226
84.46638022611619
87.4092663361717
15.940243468056602
15.940248442486226
89.35395904408074
92.60276702599286
15.602682944263261
15.602660038621016
87.90990923686807
91.06074522127452
17.757918739930307
17.757941716336354
96.3406173275174
99.97848228252147
16.072820198775343
16.07281424357002
87.11548596703572
90.22270885477435
14.733541964537665
14.733536662689373
81.94786649536405
84.92358732013524
14.610836832996647
14.61083685925936
81.82781759046475
84.76913175218395
13.487267161604434
13.487267149761314
74.88602383425685
77.52391147535901
13.94864836569323
13.948648365693169
79.22168495000714
81.88648570651489
14.865580263828651
14.865580040762415
85.69030521993338
88.30636088096054
14.352959761538528
14.3529519095709
82.26055936280522
85.07409472801595
14.385096582859061
14.385096581250002
79.67232359783262
82.88956645549615
15.04517272476983
15.045172273363928
85.56363673023517
88.73147263187496
14.775695816388835
14.775702848479385
82.95898519217855
86.10857035362474
16.009389957835555
16.009390147716992
89.74536143142666
92.80080432032399
15.61042506609207
15.610433094586488
85.02300048296735
88.47799071698675
17.996228103944304
17.996224878610096
98.5375484260559
102.16539177888568
18.0850829993522
18.08508314723421
99.0109369352798
102.70726935174986
17.71460173773735
17.71453892179647
97.53331801305933
101.23055981398447
17.16039297415101
17.16037914202274
96.3973103212919
99.81882960262264
15.498533381327896
15.498522995249507
89.98488626722494
92.99186242809526
19.0559738717373
19.055973852375356
106.36512685496207
110.32143952142434
17.719794611542724
17.7197914536576
100.25638807543076
103.93367482880923
22.430081768768485
22.430096369840115
123.99693073340887
129.0233661680732
18.173388414006926
18.17336955845583
99.78657346262493
103.4634214018688
18.050404314289842
18.050406123099396
98.73072088772896
102.54925132345616
16.64829424970312
16.64829598472311
93.77103023484175
97.48656268825006
15.238128418151577
15.238124524552626
87.58127394882364
91.17534098240023
16.097424054211285
16.0974077213041
91.46364805577143
95.05794422141068
14.952807007170458
14.952817091539414
86.73245048717183
90.02719188384762
15.200549075226961
15.200549589114427
87.01076910636793
90.1181109528617
15.25033595682719
15.250336090039955
86.74224276930892
89.89754424031696
15.16435996501226
15.164359281046673
84.1796393061745
87.69420417525956
15.655945022739758
15.65594120227471
88.05508859337517
91.63174116362424
15.975320547455539
15.975320535768773
91.3075159412492
95.16658435060734
13.968112201519657
13.968109646644931
80.10592661089308
83.41962235973449
14.313702123710206
14.313702851511096
81.62341581570718
84.82128173769907
15.292507691576517
15.2925106567575
89.25866093353669
92.95903543813968
14.735793153592786
14.73578988478852
84.64241322450539
88.19660596186415
14.747278536022078
14.747280760608364
85.26053670563455
88.87900953976856
14.166889241056046
14.166893948265553
82.98420084471348
86.1701083929269
14.986775532842973
14.98678121766982
88.01680818085723
91.46524492973658
16.991391755916574
16.991392852342372
95.43326232844832
99.80060302607708
18.23729048825551
18.237291085648334
98.51087293208337
102.85215266412072
18.538673119351966
18.53867123789926
101.71146536346755
106.16218109454249
16.86470383000688
16.864703190914675
93.03362840436814
97.13667647495512
16.44135646141218
16.441350804205786
92.17850186897871
95.83983449267669
15.52743774188273
15.527425234152751
89.40840690661852
92.77350233903431
16.45884557933124
16.458843156132563
95.15423006364976
98.76541976505749
16.207134191068732
16.20713382408921
93.43618239767905
97.20401809838445
14.73008256215216
14.73005015512248
85.71302118631823
89.40704032981073
15.342459541309886
15.342459997010591
86.41022849989183
89.98215979462684
16.05862942787305
16.058630735911045
89.7421290249978
93.51463861843101
15.611891851534907
15.611887904230985
87.60063891107431
91.01291417410476
17.25357114021098
17.253549510251197
94.15783900417628
98.2971748753334
19.36339429348613
19.36339380460361
104.74578348324489
109.4729717905047
18.9162134323646
18.916213502398122
102.38346866462363
106.77985247995056
19.41984936718217
19.41991337033421
103.65917697798079
107.87723856349956
18.39397212541074
18.39395892128593
100.79547344305551
104.8012722527675
19.944919317714064
19.944917660353635
106.49195417664937
110.81863508433547
18.953460024688447
18.953458227109312
102.62823976577282
106.98431065792931
18.229457874511628
18.229456597779347
98.82447191624956
103.17532705115575
18.789464147101725
18.78946954802009
99.26639592725493
103.74558964897595
19.120298334240648
19.12030509766298
100.15485397697717
104.2132179133943
19.160218361929854
19.16021678198279
102.10545370624136
106.09868982957472
18.713223718606063
18.713232427890215
99.09939458399997
102.76318057376096
16.701224872487415
16.701199783235605
92.32397810219125
95.77844928837003
16.087602116823142
16.087600845411874
89.7786726885764
92.9303489005288
14.657199349533775
14.657199134013014
81.89415306675858
84.81879755362195
14.464927692644812
14.464927692074733
79.04224288680295
81.95053172666853
14.194219683898215
14.194228637343082
78.10867720114477
80.85669792186937
15.987590914819831
15.987582112054271
87.44928064690308
90.53012511953861
15.751068675810249
15.75106126318508
86.21062612890626
89.38786222358432
14.723789573358642
14.723789360534079
79.95234368231476
83.039546546335
14.525263296114183
14.525258877610296
79.92576006832606
82.85305449946385
13.694032308464461
13.694026063398061
77.20683046115582
80.06901095834692
12.64268006633655
12.642680065347095
72.48990529282977
75.09496024254386
12.809371526998813
12.809375097687663
72.60292069696462
75.28004443140179
14.451993128700677
14.451993140624019
79.67665244177473
83.0111416724921
15.97554608081485
15.975544815459171
88.68550235535689
92.2376141940665
17.676852234000748
17.67687085058145
96.91979070521978
100.61797868148187
16.43745957416472
16.437462949313737
91.45393211014779
94.9447721725044
17.644562698500405
17.644576225476662
95.54077009809745
99.44425650027614
19.60156069748931
19.601575643318547
102.81326252534687
107.47507993938405
22.270669088182295
22.270669621098712
119.6823195500255
124.65845681749099
20.943267092701124
20.94323522480929
113.73795678650647
118.93021198585885
18.25509363580577
18.25509333883755
99.49257089537105
103.86132189602327
19.929544023097574
19.929543627621495
109.08445998936011
113.83471505480827
20.9572301734657
20.957171650072276
112.72622188367674
118.27394602315175
20.103343801129437
20.103343705899558
106.48807289592546
111.65492800974891
18.753077594418713
18.753076583993
102.78142800007133
107.9400936732985
23.906311658389807
23.906350137881944
126.84768642167526
133.1909784377915
21.612875418548416
21.61285710056438
115.84564381109793
121.27789660997755
20.597705318294572
20.59770400499463
110.38925766454041
116.31589307287308
19.388761855334025
19.38877441695476
102.06952318837715
107.74113911654061
19.386533900986475
19.38652966755305
105.52963533700921
110.81618670943595
19.967877589813654
19.967877865888486
104.36536949476233
109.52876611400848
19.7166182959162
19.716617687666638
103.34617670857835
107.7965447502136
17.1482388657549
17.148249794249946
88.84020948620199
92.8453095286821
17.372908125118823
17.37290661437435
88.68380140734827
92.94291965133297
17.233193577590654
17.233192600427067
87.43928680234079
91.58813441658653
15.98972447282069
15.98970749221979
83.17979457009851
87.023788718692
14.974483983926884
14.97449155184332
76.91486106297411
80.80559717196022
15.563258637373977
15.56325973685267
81.7471720716009
85.72208898621894
16.546971499605483
16.546973719197336
84.41774771375985
88.31813585386497
18.185556382050276
18.185552829333293
92.99890217547063
97.24676172393617
17.35415392815761
17.35415391231471
91.34790351142563
95.32840614298706
16.485464004781512
16.485464003182805
90.08016070033896
93.58893201081459
17.315368211014707
17.315368196262813
93.51301044165088
97.25070004922412
15.147596352207705
15.147597783166367
83.11581206249863
86.35790300208984
15.441310505686355
15.441285246296625
83.9592788597317
87.04411353770664
15.456614415024701
15.456619205957598
83.8913494013188
86.9671155487644
14.51625287019394
14.516252675901532
78.28877378097702
81.12638779395128
13.308834705240864
13.30882496982833
71.91169098972024
74.46763382495232
12.096206532360648
12.096207564442869
64.84669372692572
67.39897904093479
11.801239834404269
11.801233404004007
62.62290955410185
65.08296526196945
12.252757778795244
12.25275781069524
66.80195041929764
69.23394204129575
12.795264411297355
12.795286381731726
68.59979744508452
71.13687498385764
11.793491120726845
11.793492019663471
63.0134416015549
65.58674639701042
11.520854152117478
11.520845602192333
61.67924383247327
64.07866889128097
11.165922797603669
11.165922880892612
59.74591280846818
62.0732883416852
11.769621181074205
11.769623798034678
63.88727945555355
66.21903352733264
11.39427930071068
11.39427186230867
62.79764044828145
65.13263684462747
12.272694170474503
12.272696249397136
68.53782080856372
71.08980619584197
12.30093460019125
12.300941924266013
67.75060544066432
70.23835108117548
11.754609034769429
11.754609096838655
63.58196377994708
65.91397117277435
12.31094837424712
12.31094884350894
67.01219401851996
69.39274715652358
13.41825028531326
13.418259948811096
71.72610365400786
74.38789590087023
14.081187452868015
14.081185434029571
76.15553659580257
79.25379790822393
13.220724852522888
13.22072448548421
71.9747573585518
74.95478461014255
11.94186127003294
11.941861113243197
66.51225397886003
69.06208024419304
11.919958770392135
11.919959117951821
66.82215571370848
69.33997444223313
11.187735676884156
11.18773288348331
63.41435731484395
65.77443620308142
10.293030469337046
10.293029359189974
58.431743423524445
60.77118300283521
9.00217357983133
9.002165584895238
52.27376615429044
54.460778363093446
8.564202383271738
8.564202161650146
51.307236768708286
53.33770705195761
8.637254328996757
8.63727211434992
50.73017210317286
53.081154958630286
9.212350476262579
9.212350684374256
54.22506780209672
56.74390572635071
9.731490897971472
9.731490352427492
57.54242014850808
60.153718943145655
10.009459672837968
10.009459677551508
59.16968560068811
61.819030390180004
10.071846445105333
10.07184681440313
58.69311000571862
61.3515821672007
9.52480303625363
9.524802984151524
57.147507822156996
59.579187729435276
10.363320280144098
10.363329461109947
61.26256649221127
63.79132943759397
9.839608777453263
9.839608286490744
59.33689891533485
61.607008424771195
9.50864257003972
9.508642160437736
57.48180743483947
59.783993564689254
9.728743401909451
9.728743355538251
57.74234441612661
60.2514385276424
9.305080356359555
9.305080209613964
54.711633483110106
57.28738112799616
9.486673343813793
9.486672962958913
56.636784207038076
59.32859916810951
9.723903188963716
9.723903438207374
57.57610416746406
60.15996356347678
10.025195327159668
10.0251952873017
59.56200519098581
62.14414020007886
9.998385221959065
9.99838526211837
58.931757789714894
61.83489115613415
10.429617214382613
10.42961487775946
62.7393635814507
65.57904516950674
10.301201540399362
10.301201520076166
61.09497496389593
64.02908705088741
9.892634019785223
9.892633717891373
58.37354187453756
61.10593567734688
9.899324490035339
9.899323814735714
59.93140896549734
62.61950813434544
9.664684450510098
9.664684474256353
57.700111100493395
60.50072915022131
9.079198328183976
9.079200332804119
56.08585369742218
58.570780192200594
10.079363781719543
10.079364865151716
62.50822332705543
65.08742848511771
11.111551880867788
11.111552451308677
69.4146330028383
72.10006274631131
10.575464988102043
10.575464948178944
66.36808016071932
68.89473169807178
10.370294966731166
10.37029496576139
66.89313722449654
69.17143174979944
10.780457426578586
10.780457712271229
69.2140123954263
71.63154341193156
10.646565336548933
10.646565318766447
67.68482759786698
70.33183267040637
11.252261926065575
11.252263075545141
70.61373957215687
73.60544092539907
10.961813537875063
10.961814561357222
69.59728149015547
72.76982367184593
11.067982376174918
11.067980242717125
72.0834431429062
75.35149027697084
12.979497053455717
12.979501593941148
84.74985093990279
88.44398894641219
12.918303771466292
12.918302331572015
83.31730555665118
86.97867018316803
14.599976342245913
14.599976668032065
89.5454924485592
94.43134237285436
16.523779352125736
16.523779404598184
100.04908210618296
105.65702176676373
18.70910012094099
18.709099846562264
113.26728489031997
120.07307546763633
18.90576635733801
18.90576635717435
116.59458788716111
123.40288132461117
17.72177323442576
17.72177321908735
108.73746903312234
115.44927997533439
20.737807680402927
20.737807667672996
125.69026120166419
133.23492220336098
18.9307159334179
18.93071590746542
114.63284089119682
121.51201255099768
21.308196165265095
21.308196165258526
132.31392427091595
139.8026040645097
22.6687726069092
22.66877318203052
143.80319435399417
151.0194712144102
24.28471197837232
24.284712174377386
153.44785404290533
161.22805934691883
23.255586388215182
23.255586397887658
146.16029263571374
152.95781407847804
24.010358901601553
24.01036104801113
146.2324489209653
152.67089438689982
23.338462233734138
23.338462305354277
143.14747737035006
149.06860979469735
24.290456381495478
24.290456381241327
151.6244067129711
157.71558772086405
28.072816510502292
28.07281314998978
173.72750723532496
180.9593497410215
24.64936722192725
24.649367218924127
151.10996900235082
157.68643926163816
22.093031017312562
22.093036030893252
136.03213242342366
142.23217264921033
21.626612807084655
21.626611861475308
133.09012738304403
139.3087062781961
23.749776102413442
23.7497762865941
144.95973472756216
151.09492799457834
22.416778518012798
22.416778513714767
136.49831130361682
142.52806002652514
22.65418140082702
22.654182218866158
136.53842567165893
142.34898040877187
20.532357242505114
20.532357842732225
124.8527177698878
130.09955883774794
20.955616530910078
20.955616096991047
126.17248961803625
131.21160611252296
21.072611421626288
21.072611417413015
124.12420432541015
129.57950348302194
22.723240404034296
22.723228464017236
135.12629522508726
140.85522483698824
20.478406737246626
20.478408681830167
123.1575779297328
128.1456965661464
21.482380244610937
21.482394965476548
124.3120752215922
129.03670850493552
22.9861719898527
22.986173516597137
131.91156852658722
136.64600776777132
23.870266940844722
23.870276413939372
134.36841142464257
139.678517239996
21.911641046700808
21.911651346103437
123.12801976283284
128.5228294796571
22.662686962152808
22.66268493524304
128.86462130822736
133.75495665838199
25.279052529882946
25.279053439547337
142.8098438230495
148.46123141077925
25.20172429753788
25.20173163670276
141.97984196193124
147.54515389222823
25.008998960006508
25.008998120864913
143.3498710268775
149.25307546967633
24.388998766872156
24.389004242819993
140.75449061284007
146.85714611431192
25.14197973113264
25.141990634779663
144.2040266613855
150.2372121145414
27.80739143071938
27.807389882773723
162.0398045412274
168.1031377580394
27.583996650043392
27.583991221564908
160.80399482695185
167.08889814385137
31.048758954106184
31.048761051589224
173.1717547208179
180.02218315828313
30.55940197834847
30.559412417788387
173.1305651972833
179.07420463522456
32.96096552837729
32.96102829693497
182.14547462181903
188.39289436339902
33.150482795837256
33.150497014287865
183.87661482111477
190.41503523143285
33.452671823958816
33.45264223007034
185.37305302022605
191.98598137614516
34.24960082211452
34.24961848936285
192.94040321092606
199.57653828241166
31.416648687184672
31.41664900358494
175.39449959616283
181.53167662017322
29.54519207890232
29.54518628752321
158.88784380070314
165.15410477358552
29.12172236132905
29.121741455058928
156.9107379595882
163.06607983478278
25.10689263161332
25.10689482728861
137.36406773737866
142.22125321464216
26.212232642605915
26.212233201824855
138.79361850651185
144.26554482923362
26.226601252476936
26.226603313318552
136.07492387454224
142.13450917588906
25.595801223508484
25.595788686301244
132.4095941427553
138.51279635924564
25.623852984876592
25.623852616917596
132.78971041796356
139.21306037703548
28.997861494097947
28.997862457836053
151.88586034507662
158.70926508867322
27.710107695055854
27.710102117497215
145.31946641049205
152.3578664041793
28.87810656436503
28.87812145689395
150.08013900175615
157.7821921893319
27.072985929066448
27.07298593230067
139.73875382147145
147.1865653084354
27.663907787195804
27.663907781932163
148.15769686969298
154.70230008476216
27.406118148635016
27.406133623055286
145.7925016853385
151.7721071050212
26.334640353551425
26.334638286118953
141.57947504907716
147.39721437250003
24.57687367090367
24.576873519852914
133.57647267407228
139.20812880312718
23.832095899462146
23.83209699083485
127.34072549278167
132.92673147542166
25.68281306637014
25.682834128077946
136.4087469651492
142.30410413766973
24.577608015570814
24.577606167160482
130.60384685085413
135.8834396958088
24.568075229612184
24.568075489180146
130.5958977010147
135.39718798079082
26.97910370470627
26.979173378124948
142.39272066276934
147.57345179529733
26.33287069752278
26.332868018692746
139.52044691206072
144.7842919558221
25.16316166519931
25.16315978184095
132.38935906490514
138.08636550078216
26.06142460056791
26.061424599027802
142.00332001008437
147.51804501529682
23.713910477051993
23.71391047704229
131.35393787850538
136.6446574006569
25.195653622033365
25.195656666198143
138.41792956090882
143.99152223613518
24.422257611485616
24.42225697714468
134.4896194313139
139.81143074192278
24.121443152142774
24.121438247394014
130.4389657864974
135.84887832423382
27.49459258143797
27.494595405422615
147.83566251095135
153.74404716150173
26.68625063625047
26.68624010327472
145.74810017590076
151.06345616408302
27.92585293156978
27.92585319571475
152.01577043828573
158.11145551630034
23.973409050585673
23.973407249603916
131.72315308827933
137.19198097524347
31.126760217504916
31.12676423303514
170.24389805500968
176.4892827437379
30.389375296633734
30.389378495377613
164.55141994450383
171.16816555346765
35.79444140415828
35.794448846758385
190.12669412671835
198.62665385936927
33.47568675979902
33.47568494608611
175.47947479632057
183.39053281173153
32.65163128853627
32.65159040800384
175.18525190107147
183.00908401122578
30.689461258387954
30.689467458234848
170.47555068770134
178.1767288711499
29.103384902473707
29.10337521433919
157.52768428093407
165.42175838315586
25.458483645387023
25.458490509774638
138.00870479025087
145.8066579350565
23.82033292579516
23.8203295746056
130.1857175256163
137.3619703263524
25.529936790738393
25.52994062626084
139.0377996373474
146.9308526725569
26.429854944712478
26.429854795220393
139.1852135424772
147.39118176483433
27.605305154587118
27.605306559062857
143.32679317178
151.6818824496812
29.3186720809287
29.31869631897804
153.76288084032333
162.53558048007397
25.764986340529735
25.764986569663375
136.04370949239683
143.37108951418674
22.380802642486366
22.38073907815214
118.25512040582392
124.45262011509891
23.103569181326268
23.103569189696533
124.68360008390003
131.32913417869688
24.020242194794747
24.020242194794776
128.9896391420079
135.88051615169445
25.37722249656498
25.37722301040154
136.00397404292457
143.7126980249974
27.77030780703917
27.770311042502442
147.96779276170412
155.48058415424777
28.859041798349814
28.859044130479724
154.42795852944266
162.622256529859
30.06552134770591
30.065578692730565
156.33862166706334
165.49392359305224
29.36223513999124
29.362228897628285
149.11523174090172
158.48685709267923
28.21138430699114
28.211353039940477
141.3757804339753
150.42826721028203
26.12033970022706
26.12032671954433
132.2506133744391
140.87701227060995
23.554844220804256
23.554832562346572
125.38218338158089
133.03921062401028
22.39443765761108
22.394436436174733
118.52900599705195
125.65354789320554
22.340965369524458
22.34096559815014
120.68951959331947
128.28045055878385
23.000387211278134
23.000387200517928
128.28594160977346
136.47244488392354
22.005334224024537
22.005351928201
121.39268087180483
129.01933680680847
23.459970049131904
23.459971395958263
126.77200797614073
134.59835590050136
21.966096872765522
21.966077097465526
121.44689015158322
129.19180131605967
22.668377914847657
22.66837831422435
127.93079044915471
136.23351759614746
22.26272806163487
22.26272288539026
128.16571434738867
135.96257655292428
19.856164659962488
19.856163934551837
117.993991581787
125.41376236224615
19.200759467539314
19.20075909288786
114.80106893773666
122.18584762193892
19.794283614703488
19.79428412752082
116.18794044487657
123.7393568215825
20.448333087329882
20.44833308715606
121.12882497323577
128.73019394453237
22.254709485981948
22.25471033015281
129.84797831473014
137.8141030085421
25.10413897444512
25.104138619533384
146.24462894409245
155.60158946991183
23.64507564049546
23.64507560210522
141.40985712301813
149.57970441830633
24.754351648414307
24.754351680166778
144.81859231677413
154.1961233458261
23.32289337719699
23.322890943327344
138.25206143444748
147.21783157345902
21.494848864259534
21.494848204780286
125.93396464325133
133.97925263927254
20.79110733229166
20.79110769900551
125.5850801617814
133.12698904749672
19.606836859985457
19.6068368632606
117.42734869096448
124.68237082901808
24.183968103074218
24.184013959747237
136.11448029204206
144.7946570191737
22.347277147840053
22.347280645976934
126.05272310056601
134.23894921861822
19.806462924329715
19.80646299727296
115.50164789462161
122.50679014866408
20.36253231201853
20.36253493441791
118.37853729011485
125.44379019583621
22.780864280234486
22.780867527292212
131.370248379853
138.7974155754043
22.20808710096997
22.208060478377476
127.71046961065215
135.0057631436203
24.371942357539233
24.37193888093342
138.1760167977787
146.48857255001496
22.566837759242095
22.566837827415373
128.56461215265116
136.48561945577094
21.72115333018484
21.721143450194667
124.22498281150092
132.1056216262888
21.24713103266822
21.247131225103562
121.49585057642109
128.81313830822154
23.653115092293415
23.653115567165575
136.08585652259066
144.01996308277108
26.08173709736474
26.081738570849406
150.32843269893561
158.46662603299447
27.62498788294705
27.62499165608301
155.12101858087522
164.76820974037238
27.136332483954515
27.1363324009368
151.45023230686155
160.7915451166604
24.26052979390367
24.26054206672558
139.63177554348258
147.60995624325915
28.74614036270619
28.74637756003982
158.81123390263573
168.13981494017008
26.919838616767528
26.919839837854298
147.07856215578587
155.71318743988095
26.998056832731862
26.998067631377243
146.03435472690194
154.5282221487913
28.772442168135534
28.772470497116185
156.46425005155749
164.52804629324544
27.827316243934796
27.827310518365614
155.7968924532789
163.38801812696514
29.556364208415054
29.55638691373506
163.3819640470676
172.2895862657108
29.792563561056685
29.792563251644015
163.65035250561024
172.92788827049603
29.529797435488412
29.529800984956374
160.245781815969
169.7868900411057
29.960557103130196
29.960531829028096
163.41714136939706
172.82949397730124
30.410212484251005
30.41021633869118
164.78806747513426
174.18664469814985
27.850773852743103
27.85080529837902
152.3345275344926
160.46085109319446
26.008061938646705
26.008087809471498
141.0623900631499
148.9560395089733
27.862799965513595
27.862802205410958
151.51957883614503
159.82509650778812
28.19003642538449
28.190038146710435
154.1517173440113
162.47638227139822
27.37457280341319
27.374574637103844
152.21179732501517
160.34567306093206
24.80858972731665
24.808559078117888
136.99501502057169
144.92856941664317
26.293949875101617
26.293950061062908
144.50361827315982
153.6337595357869
26.30190482113889
26.30190644040049
144.889527088471
154.1638628734592
25.83685007371954
25.836846167332496
140.86638631579368
150.079625071063
24.408986637963373
24.40899559508787
133.3942799354557
141.37251325734556
25.228058344430682
25.22806304401504
135.24512445922824
143.6077621332495
26.18440630109575
26.18440547727807
139.36598399337737
148.1665673396077
22.690752090540016
22.690712624825473
122.89571994975012
130.3525558633943
22.913044337180338
22.913052655158943
123.22100418592538
130.6531239925237
24.460666400392483
24.460678956477672
130.93913485852525
139.022670811031
23.26906220230043
23.269051600703882
125.4913168043499
133.32146466722747
23.016884639817505
23.016887751344782
123.9585416216253
131.67799130113315
22.13294045894557
22.132924000610917
120.14293741148256
127.40491808243269
21.64027136855368
21.64027842249706
116.226238013444
123.33320197008324
22.564271572303742
22.564255933783713
123.57994138489278
130.92566751183696
24.862975128272538
24.86297645017293
134.43753751297103
142.74455267765217
24.134214812108084
24.13420197449909
131.63383192729697
139.68538694720726
25.21884936974
25.218850609632753
134.53592294471605
142.86529237816583
26.027097045761302
26.027100887182904
135.2596284742683
144.06653886578567
26.094139441328586
26.094109061811977
133.31412800992203
142.41591503432542
27.12679247515456
27.12682294750077
143.3579028495625
153.01628993628634
25.419857263245618
25.41974890053247
133.56515147087202
142.42732420704942
23.35483025825996
23.354860486485403
119.87879295516238
127.76504406069155
20.387791889813123
20.387777961837493
106.28215372886639
113.49147021675135
28.019367419923828
28.01936985217934
146.37645905137046
154.4112691748677
28.20867687246546
28.208703174613394
147.63995336528387
155.91901261995005
24.64201234226912
24.642010502516555
128.70064509302262
136.09384133551453
24.922319952856583
24.92232504886464
132.05836106930212
138.94607326718216
25.004190464306397
25.004215840982454
132.47574671651793
139.2436602394069
27.34134529874771
27.34134537339562
148.11159190887224
155.03665844391503
24.74094794341042
24.740928417203182
134.9916093581957
141.889537423149
23.66114751471264
23.661143851517863
133.51432564894466
139.71205859316828
24.415466687512676
24.415468921605324
136.53200101100794
143.49364777839835
23.669332881457333
23.669332636945374
131.50051180144516
138.60127508896542
23.445645458740877
23.445644452400682
121.90294859920803
129.18219836635853
23.581071049003775
23.58104907232219
126.28796369128905
132.76341177453662
29.32664043856159
29.32664535471193
157.25344242509993
165.59717901335995
25.625289118966133
25.625288773902312
138.71444898996543
146.44038451713894
25.80696778456622
25.806970193232907
137.60956075932032
145.3296540781465
26.849316988601895
26.849339772789932
142.19013063222715
149.63185672229653
26.139122852070454
26.13914295138379
133.85279764105152
141.8558438971988
25.54851722094436
25.548516739391815
133.61283015708133
142.25600102807724
24.516660563029777
24.516660332578553
127.31088537672139
134.4899185518245
26.637943743581786
26.63799539010438
133.8174491327551
141.2876156168999
29.011683091012138
29.011663954876695
145.83701514993788
153.6141375263806
24.66497889466663
24.66497824146666
127.1354874810036
134.18952640386937
26.474187326609812
26.474187936990774
134.3897322639397
142.00936702196182
27.99596828182135
27.99596612894291
142.3061971361463
150.30860511986515
25.91293036432996
25.912908587561038
131.55338172737584
139.22378568902965
25.866364070838298
25.866370825437453
131.05089974720568
138.35443410094646
25.39602557435835
25.39603058584366
127.07447299115296
135.3346825070171
26.320712619776852
26.320704444087923
134.3548662810556
141.94896310252932
27.377284628649253
27.377350672539677
143.72608087778454
151.10243812294453
26.53063758501497
26.530637542953727
144.9571094884765
152.759167288727
25.797943160130988
25.797938900733104
141.7936835502549
150.01757480296624
22.3794419404712
22.379429612684184
127.81749104264296
135.08608111089066
22.04898412252964
22.04898540558438
123.01096461268038
130.65912874490417
23.813664943658253
23.813664754325927
130.14041776809898
138.82859323306596
21.397151592731117
21.397151777896628
115.74369602798397
123.65645716617811
22.750598039105714
22.750599732998676
126.43588234377874
135.2069297433656
21.798332642807434
21.798327901056894
124.42306580636375
132.47724391138237
21.797572356737582
21.797572356738748
118.80659434612052
127.5730147134361
22.384376687554397
22.384376715071856
120.38492141815709
129.27915504812523
21.724919234223922
21.724919206928803
118.62926179124776
126.93068032220054
23.019241680561922
23.019242218116407
123.46589764972003
132.242031437419
23.52864403668984
23.528644030797462
126.62325368303604
135.88105299893473
23.86852245417442
23.86852348473957
125.2977995165442
133.75827551415776
23.44483748974146
23.44483748998824
122.0604742924217
130.3665932509365
22.856497354985848
22.856497353167704
113.72266508353933
121.35361023611688
23.878219397237782
23.878219397603882
118.65072091235191
126.24870382006543
21.31309244067101
21.313081894163012
108.35938286032149
115.06417748589996
22.218466374355113
22.218465378999596
118.35328569527395
125.2346483828213
23.57908690507857
23.57908690560913
126.47473917025256
133.8401895994661
21.799051440488316
21.79905429992076
119.32319271297233
126.15225080962526
24.039755584168198
24.039754405869342
133.96898712319694
140.86883001198464
26.262934517123238
26.262934139531023
142.4387201728871
149.93115137844023
25.55259429795532
25.552594665836047
140.95221420162883
148.7901611684368
24.06698213596407
24.06698210509202
135.41133077602726
142.90702817098676
22.806871085343325
22.80687119078949
129.53084283238212
137.040368431417
22.069414141632727
22.069413519885053
124.05115425022088
131.6611540264425
20.454193799322884
20.454223723554783
111.35040066784092
119.05412097083084
20.08831692074592
20.088314959403125
109.97136216738726
117.09220250850515
18.425593094242828
18.425603905973123
99.10948087595627
106.21349766819033
17.09815034014977
17.09815037406778
92.08400164822359
98.61239837060742
18.607807757862265
18.60780774229656
101.72183574638566
108.80236292579488
18.34924728348739
18.349247283487387
103.43549507642746
110.64182787358594
17.09906611674535
17.09906718663817
98.5580052826449
105.6498346034281
18.97495736302562
18.974957348546692
110.4403173522522
117.91614637370272
22.47692964492936
22.47693058172425
129.72223728515905
137.98833804091825
24.05904104701673
24.0590400121118
140.97873027175908
149.64930718553038
23.769863340981065
23.76986335990237
138.27425299017904
146.74426523317916
24.509793673877756
24.509791586683395
145.77163557104546
153.75755258764582
24.228688085483874
24.228688098959477
142.83131378637253
150.51748505649633
22.51689415242025
22.516894149309266
132.0632546320815
139.10269383349066
23.04682585583914
23.0468254520809
139.9613719463034
146.69779760805693
20.580378983336725
20.580378980867874
125.95115600063417
131.46805706472762
20.442177169612208
20.442177283516447
125.3436419020372
130.85052634927268
17.25450683754481
17.25450704643205
107.08950935194683
112.11784446978396
18.458305988305664
18.458306234408777
114.30037532056903
119.65646222522915
18.128395949978174
18.128394934156724
112.24028404022302
118.18832125213252
16.320919402280612
16.320919399184056
102.35693461311955
108.14092253051746
18.267891311209905
18.267893023499095
110.64520996746994
117.78207844799029
18.19046833971187
18.190468346250377
111.50218168333433
118.06268858902794
15.101007154491137
15.101007164629502
90.43344787724189
96.42111738071918
14.25071927633097
14.25071925053535
86.9504641306627
92.17532698004378
13.19532275513032
13.195322816251469
77.66980049915261
82.40172341360069
12.683228693611616
12.683228693611605
75.44316140198711
80.14985107921738
14.00170138940944
14.001701389211128
81.41250569599336
85.9162175292979
12.028006446160244
12.028005343796192
71.94606838415638
76.49982103205203
11.026244013832393
11.026244761043424
67.65987001659877
71.65791857289851
11.860640622113346
11.860640917904906
69.8674243360407
74.55930826411245
12.068033835800904
12.068033834855814
73.27442783634265
78.02326733493206
13.030686119601635
13.03068704263629
75.98577056074723
81.07987786325488
10.822517596108796
10.822517270677578
65.2475662632131
69.68419095292946
11.886740052490872
11.886739771302155
69.71279753402813
74.47827353498535
13.914410351214256
13.914410397003348
81.1520073898306
86.76092570979002
14.730122135159373
14.730122132251013
85.90524510832986
91.87258689155422
14.663751993006723
14.663750242644715
85.42162351960832
91.63877314614433
13.296615883374914
13.296615883668673
75.59081879456397
80.97559928395802
13.907681069150454
13.907680995179852
78.63439768783516
84.69072429184233
13.308500397574532
13.308501124159093
75.55170592642138
81.40485464178404
12.691265796096518
12.691265655818869
74.84559437949953
79.90187462406361
13.981220853169596
13.981222198945755
78.2229619530555
84.09649081539341
14.84279701640306
14.842797532227369
83.36920049351477
89.4955141825067
15.858551733172133
15.858550324148329
86.49657609614464
92.71525654400298
16.77208257210248
16.772082764702287
86.06735691481869
92.48701685584189
15.835819207034072
15.83579794938441
82.94196666957785
88.47865021613862
14.722141483760392
14.722137826063458
78.33221156392082
83.82546168019947
15.557982278989357
15.558008516077718
82.55540838273136
88.2393884920181
15.56311533143203
15.563112335642288
80.32046567064901
86.33573336032859
14.69522668297241
14.695220192842712
77.24666342094591
82.55595729317979
13.132229214321457
13.132225407241
69.71850555965341
74.45518711547604
16.31100820119104
16.31100906966189
85.75147513165153
91.79509533767923
14.47819883853244
14.478195174842162
78.03660412451346
83.243629709605
13.944074748789543
13.944074734543262
75.93973071965881
81.1578109911562
13.853112474896564
13.853112472552569
76.97489392714297
82.22830957941984
14.638560087137297
14.638562946426026
80.09282189168594
85.61360413028162
13.907871014950642
13.907871360657929
77.21868351369818
82.40167259136469
13.453812818367586
13.453811353268275
76.54688572229024
81.48455254356666
13.467946318159749
13.467946344084812
75.75939885828264
80.72607220859882
13.600191176676182
13.60019302866777
75.284577600321
80.25160546674935
13.411342271263416
13.411341473670898
75.8051920015834
80.80162707108614
14.810670980204781
14.810671295643258
81.29299153207937
86.92287198422301
14.6549495781932
14.654948809381821
78.61223653159752
84.13525990531062
15.851282092519751
15.851283881622928
82.60185599813717
88.56433314583124
16.028836723521774
16.028836218923075
86.48535529808682
92.46611705466253
18.017015546839854
18.017014837247373
94.15174844841798
100.84965198020274
21.246036758274617
21.246037715512404
105.82076451270848
113.83844065365693
24.12162250539939
24.12162312894739
117.45930714417855
126.84754256699568
26.09429920531372
26.094301809202246
127.26899431067346
137.25491027631844
28.104463702399055
28.104487505931615
139.25007877843575
150.14268550061905
26.93700353642815
26.937003229203793
132.49175937418826
142.8815123177295
26.85758254886149
26.857607095736103
136.67285973725984
146.79067988940483
25.850848050967546
25.850855813405758
132.37000478718446
142.43673117453667
28.277792254314924
28.277792289135466
142.25772986216845
153.23170987290132
26.998115370230813
26.998119895987703
130.85200492217223
141.55197291725293
29.06737076031719
29.06737277121448
143.3820640962517
154.37023321274617
25.872701008149555
25.872690451018027
127.48932439472522
137.72229065529518
24.420098591486674
24.42008749571078
121.91033161295137
132.05507969268066
25.008381103848247
25.0083515087451
126.31812092442982
135.724863306861
23.73214092225088
23.732138724614742
114.13758583369739
123.48034122230307
25.880745787578167
25.88076478764252
124.19777004988642
134.0495826815241
27.419342726357613
27.419349931059067
142.95963467396172
153.26354699539166
26.25621177562419
26.2562201623398
135.80664498847642
145.8239729088361
23.807842907943026
23.807857362122952
122.92402709207586
131.9916438957549
23.2657946124103
23.26579546603024
120.36040364746766
129.28356258711025
20.95568019072769
20.95568063397125
109.96027191527246
118.00733960777521
20.34996412447586
20.349967164195185
105.878661549129
113.52309103215144
20.615482983684867
20.61548297999052
102.99230412410265
111.036661180321
26.736978370169336
26.737078908215356
136.21517490326482
145.60910055614312
29.950889994534222
29.950898354753566
153.79936451767213
164.20597123973027
28.74620248774438
28.746193165564858
145.7201125518575
156.49522456017175
31.17160669818763
31.171606698452987
159.35088887094037
170.3823016073703
30.07602726508574
30.076027349675762
156.8104153879422
167.04233760539907
28.034556646633387
28.03456422895526
146.92701348482552
157.26024310206674
30.809560645057655
30.809560667221803
157.99696062487993
168.77303227251872
33.19076580906705
33.19076580906705
167.46430978183912
178.75958328235177
33.72306340441817
33.72306340419423
167.10330716986803
178.44133004720027
31.83816607536809
31.838161923844225
157.58710010441055
170.0536511513635
28.468782073171074
28.468782694582938
136.43379272536885
147.55248326261994
26.037689361256092
26.03770790605136
127.18631977880796
136.92355914839874
