0
2.0746879346662235
.5768212699032377
.16756997050481073
0
1.6243021082632974
.4722726729964391
.14172159467613918
0
1.5301039837259705
.4422709187785432
.1321554610185487
0
1.2922837160444256
.3732357429372842
.11229538457337562
0
1.1006918360936184
.3310203762743415
.10170619980267546
8195462996063169e-35
2.357616479402504
.5678213702822629
.15767903970763983
1693423009385239e-34
2.4124281651324035
.5926638722481943
.16560142598147828
15562966487657011e-35
2.1372365125400843
.537275899914213
.15238013381438562
3102838066743526e-34
2.5198904568834983
.591537116384684
.16130146278940186
29969851762799e-32
2.1628478552511363
.5417072065672449
.15309514933043875
3126886874733317e-34
2.2165101832291363
.56552986326041
.15961658082268576
3297909749076056e-34
2.269500117290191
.5945263938691375
.1684307956808459
3324878577960453e-34
2.5205221926473262
.6282417698764258
.1723568178490822
2634534446225683e-34
1.7630586149152463
.46260874175704225
.1332832903777033
270243953379301e-33
1.700236403044684
.46374702290832703
.1357551036559957
2321360588163254e-34
1.2741437170738072
.37700454262075295
.11456273241079515
21081081182720424e-35
1.152680357570483
.3414198784848027
.10393183664686761
2219577065651362e-34
1.3270471997043463
.3719926894522813
.11063192447639046
2525365850932742e-34
1.668241426305275
.44126105697899737
.12756684836445764
2242558414329722e-34
1.3682473190278523
.3778518778140423
.11194193943991934
2468265857321104e-34
1.6439742332720355
.43172888608225746
.12469930900706078
23162251034255255e-35
1.4413772459357643
.39504932727471936
.11611140712246411
2323324766000494e-34
1.4648762132442483
.39766946795439434
.11658160300277463
2372795600816928e-34
1.5019177559900663
.4068742514791766
.11913501506916106
20696655286155736e-35
1.1982328762411365
.3417818857981126
.10265312715415982
2374716212605569e-34
1.4739262768541794
.4052037836148934
.11907576034762901
24035048160893123e-35
1.2972904981305529
.38003243082475996
.1147120098018258
2650091158367048e-34
1.43312455304096
.4200104058480867
.12610930310225985
29498009889299144e-35
1.6389543105207731
.47670170172248894
.14137547708438522
2908448879536261e-34
1.5386917100521715
.46054843840957416
.13860546020689904
28765146491873015e-35
1.587331410453207
.4628524121045295
.1376546232854204
2871555245890872e-34
1.7525126737426115
.48124977378294714
.1391911381298827
2872273552804282e-34
1.596746966267287
.451767296727383
.13268685160686633
3175841730968188e-34
1.94320675127811
.5255959317175795
.14961440590395336
3671793650123984e-34
2.1941095587404758
.6110412143129534
.17319346564536894
36761607939015907e-35
2.4243789551429176
.6657411073914005
.18578467213218322
3656600818580978e-34
2.2679087757144964
.6471426155161005
.1835437081403062
35990997625362375e-35
2.0818115371740706
.6127682195481143
.17821156691509232
41019348953770387e-35
2.4429129679544874
.7202871748493859
.20657703963077145
3972196807234351e-34
2.1494270722006297
.6520666981008408
.19202673569206358
3512315994860253e-34
1.6828928772977632
.5399015558164649
.16550293075712286
30940231326860204e-35
1.7785373630918488
.5685628747411434
.17381465498665927
21023850606383023e-35
1.9872305029919628
.6441683048788767
.19750592434456057
21110455034003098e-35
1.990458232602893
.6464020319852373
.19809019910246617
2114442139737566e-34
2.163921532083473
.6800009879005041
.20406049189136616
17208117943810275e-35
1.918818756205891
.6169369804008896
.18815308466179795
15263553273774157e-35
1.711339755562445
.548762564422882
.1685575389915262
13804734959919574e-35
1.5717085788745324
.4968104350234708
.15263343614277394
127697447719563e-33
1.5489356720954355
.4687805168571752
.14194298182546067
14642477909225327e-35
1.7561841610055684
.5408913055325677
.16419517728521696
5532580727734226e-35
1.5058686592690276
.4598463055849224
.14016545984054424
7698565558729627e-35
1.569889870808339
.4780735805511645
.1450693751680936
7070632104794148e-35
1.9892990323494133
.5805563703793797
.17082168486051488
6726064693901537e-35
2.2150800554760965
.6334484635480899
.18319735849595328
10130881258528433e-35
2.055152118310705
.6073403137983903
.17907845070558862
1021454116315641e-34
2.0084752142356543
.6035950092497189
.1795344930497682
9025429167803556e-35
2.0493138689333383
.6079699302626174
.17971386208217074
934838150656881e-34
2.172284279481849
.6462559366341665
.19095177473586467
9521805926198314e-35
2.144738155665521
.6470290472560649
.19261873722760053
15816474666597087e-35
2.349267689264638
.7008200491975749
.20684088581513116
14276503813310356e-35
2.1757399901325356
.6322116596793099
.18641456148850316
14105306407637511e-35
2.1403958777545022
.6239002105251082
.1841234714680586
13924973337690196e-35
2.122863355426005
.6173458680572329
.1819105611386981
18530545095453552e-35
2.327012557966994
.6700869336190517
.19501795191799526
13779197979067952e-35
2.305757023222982
.6576092198596702
.19126283941990554
1523087752942988e-34
2.617813339715732
.7621051229725788
.22057677957358943
8667784211414479e-35
2.4809480061087794
.7411533070666908
.2180142057924707
7133284153136564e-35
2.5006064392374814
.7367340213078029
.2150336537373298
8879622099973409e-35
2.1899368155775063
.6469109924171101
.19053857474953317
7211095630693989e-35
2.2586645823386267
.6526924120003024
.1900300974461863
3641482720010103e-35
2.160293792801743
.6336423006662805
.18560263089244577
3670284344104892e-35
2.0867487602275894
.6362515058683859
.19010797025699988
36208546880464835e-36
2.152596234774863
.6506397602890998
.19361414311163708
10908022851566534e-35
2.1269631380297325
.6429510399414242
.19108221263609604
1608548857287158e-34
2.236513882811661
.6690771439540212
.19670452018468565
18405122269381488e-35
2.7756246539601634
.7945638860363943
.2256945431630154
23850099263327175e-35
2.327214444220688
.690404554088365
.20173928167313815
31570396485399854e-35
2.186012841772072
.6556743455902739
.19425937664419154
9013913094665058e-35
2.0581117918900893
.6264199282691716
.18765752697697766
12842373575149017e-35
2.172590453823558
.6662561911475878
.1988995387373427
11197131700694236e-35
1.878726659204261
.5718696954203829
.17223939228916632
115569169249003e-33
1.8209738468688075
.5660119151613969
.17254643437680636
11690780795230655e-35
1.9377643579455306
.587652541401945
.17687577160384527
20506544848378644e-35
1.9786567384022056
.6025034983995002
.1818763137421807
1328066538559721e-34
1.6686593744701812
.5204047939548617
.15965339809588056
31361150888818098e-35
1.4656549843618825
.4774312985121529
.1498910230904569
32735699523782615e-35
1.6507671107473936
.5215104645543943
.16084186832390523
3309540575715939e-34
1.6661992086615824
.5283862668858175
.16277766940791705
31044353360378e-32
1.4103896948419916
.4745143833700831
.15047538457368184
3162556902774444e-34
1.5091765603838536
.4942843848899329
.15447505072857284
3344994214626696e-34
1.8146232830555387
.5509414655351637
.1662084756066707
33346457612969313e-35
1.932180322713797
.5650188046626393
.16760170768744911
3285362665528547e-34
1.8399024351064526
.5485368760330565
.16433471048147874
38670489017088346e-35
2.3024144393000125
.6679350572283803
.19572632579722987
437830676354709e-33
2.744430018879794
.7826898223409281
.22434455359062133
4528930265921428e-34
2.894508383056377
.81719926409906
.23276214383325244
4364010793966287e-34
2.7433677504053784
.7776244950743454
.22326577709681056
4812227811293216e-34
3.0331320570600098
.866645047557549
.24730290555975135
4850190273550612e-34
3.01146315659591
.8714471745503611
.2492131261116282
4812547554460125e-34
2.897339301961865
.8520701181294018
.24610772714171814
5178331782563707e-34
3.5116542492894967
.9755173906574259
.2702694967583464
5020062815014606e-34
3.1056702527574287
.9043484826221705
.2583033274504337
4843947779564723e-34
2.8526290128218306
.853062828006798
.24744944825064305
4845511660126182e-34
3.160933947464927
.8894312615922677
.25061323317456696
4776972751763646e-34
3.195901659137601
.8834806217339418
.24752654139789373
5066663750662281e-34
3.3992649355975213
.9417129306600581
.26305853382339267
4491577289102694e-34
2.84939201306533
.8043608130336471
.23017934660879405
4478403579647982e-34
3.00935012604259
.8219884259500074
.23125102792952504
472905320002487e-33
3.2527814704444804
.8862630189771702
.24606396014365436
4622355530430627e-34
3.100722765510637
.8558255687872933
.23959312814712386
42146069806142913e-35
2.837950776534579
.7740204501694031
.21766046580053158
4566787682598441e-34
2.996903728732403
.8396007419122252
.23628045422184146
4235766208274469e-34
2.8417461925121215
.7813880648740671
.2192095864091446
40478302304485026e-35
2.544395943111795
.7215115731706578
.20711869950465073
38265053820024285e-35
2.3801037607976356
.6780344679609653
.19539915021996923
39961959692470773e-35
2.494272562016879
.711453655685748
.20444576925909866
3663806904541921e-34
2.1869435482894564
.6351365125977774
.1857091129491616
3666284544629959e-34
2.1325538069435064
.6279991886920736
.18510637203178892
3709554662423927e-34
2.133551208444632
.6315309766449099
.18689485642291906
3635925842950188e-34
2.0155555421093982
.6075068763534028
.1820160404407275
3023513351109388e-34
1.5702585621866545
.48798216429150504
.14953000554587292
27505609240225256e-35
1.4149209516178969
.4394628061178345
.13548615462339494
3111241250068348e-34
1.6096193572270439
.5000777538679648
.15361667950716795
34449844904048193e-35
1.9258603661481408
.5750143232721353
.17231068963329743
3327504617473891e-34
2.0034795500566696
.5722816939539985
.16802186616639497
36051509600643977e-35
2.0517382254237764
.6104927143789362
.18130593608545367
39066644006475117e-35
2.3608957536887067
.6838491731577044
.19873371228831682
3582802618996329e-34
2.1408689695293135
.6224997235016675
.18177223919135804
39955879232596935e-35
2.2824038653106773
.6870377652858275
.2022747401508474
3781652466719442e-34
2.2107838313656525
.6550366918309825
.19182410735541253
42044443463096794e-35
2.4686902038712883
.7408309356984059
.21487333852589177
37322235984483914e-35
2.0772939303373406
.6336551422298604
.1881391782836467
36559720635458995e-35
2.051055180456613
.617545351864541
.18379179593248904
4046279348134096e-34
2.174672001413996
.6801213519571481
.20345868915498316
38621395934748317e-35
2.147028923016348
.6597600314210892
.19525281403343717
42587197207414887e-35
2.335165652218114
.7287088482118999
.21566311407091776
3991730803492146e-34
2.199379991084364
.6802708352784759
.2016940681293041
3958209176803941e-34
2.1010157997767442
.6657524956118954
.19925462606895628
42391345158859475e-35
2.269187557633206
.721886337421079
.2145462362497068
4791863325453089e-34
2.470377578483474
.8058810716038332
.24173289654873287
4472692315393417e-34
2.3735088353726623
.758081587003826
.22599392466593216
4739442901465309e-34
2.4896162838734885
.8009259837520356
.23930938987991843
4380373907920506e-34
2.3427935968324256
.7456900791955716
.22167295826370725
39659152776553274e-35
2.114599283890539
.6675020750791492
.19964675021124467
41750494600661314e-35
2.160101474787409
.695050782580993
.20950718542295893
3969446573004843e-34
2.0731868767837605
.6620625904731278
.1992396011831886
4446677822100498e-34
2.3792085356416655
.7561697291876825
.22490457019643076
3635074864721527e-34
2.0357085916967073
.6208186096324244
.18367039409098668
413414100717331e-33
2.589484929198602
.7554956953665605
.21393540035484274
38400955572987504e-35
2.3876060417949567
.6920372395946978
.19756061777377779
38318641988269434e-35
2.440137346552169
.7002538645555341
.1980818603562138
34196025706461874e-35
2.1952251257937427
.6228416726531167
.176425655666678
3008436708047807e-34
1.996664982800084
.548528104644763
.15500640538168087
24612301694253637e-35
1.4729083313602862
.4215934700365788
.12410063507091074
2874772667461585e-34
1.9163820497861594
.5208983735493525
.14770112518519854
3446260514506312e-34
2.331476265860418
.6443539529891554
.17930371857672317
31975971668593403e-35
2.0778746786329436
.5788954834301165
.1644309042056306
3179842509949209e-34
2.1131197058518207
.5805444243978862
.1639187320236842
37490507679986556e-35
2.5143610663032865
.7013247926362187
.19520046349867254
4205623086573055e-34
2.9373549912512265
.8209998311601758
.2225779615848402
4783803488420451e-34
3.331979427157044
.9513561954292701
.25542247184769656
4733464161614705e-34
3.44757285103036
.9599057818452281
.254098621611573
4609426578583295e-34
3.0696198445559424
.8876243773845618
.24330081066347387
4906060936002845e-34
3.108366647477532
.9240909142538551
.2572930262440301
5326080800543842e-34
3.627891310820196
1.0613085986941344
.28523234490805405
5230314174863932e-34
3.5672401617707576
1.0340601941375331
.2789964462862151
5279587055513589e-34
3.5916824627996657
1.0415566391357538
.2813959252140986
5556477314719473e-34
3.641674117690458
1.0744581208508497
.29427478196131807
5834130965953455e-34
3.9429035883233627
1.1622659385330214
.3126449657936108
5822349553558996e-34
3.739324889667161
1.1286807799606113
.30933888660524056
5634808826987746e-34
3.5054630869663224
1.0638232896873292
.2963288613572002
5836637726656329e-34
3.4104455764334736
1.0658484581096512
.30361435285109173
56742132496794435e-35
3.359052452034583
1.044860637117868
.2960548563936132
5115849182159459e-34
2.833185391213789
.8952867538149407
.2617185122582891
4758911975863034e-34
2.6238571670515576
.8275246273990187
.24277831806177994
4732037310312684e-34
2.497768423926258
.8007907939806619
.2390110883697668
4898721605359894e-34
2.6469603915767896
.8406114904972833
.24867970266848072
4861720313933175e-34
2.6346562180982995
.833350940828867
.24661535255711417
491076217643702e-33
2.6737550390771885
.845235850363041
.24951587619641408
4905361551032776e-34
2.725432912951908
.8575676839727521
.25075656896267967
4834163953957602e-34
2.538218188940225
.8200032375860696
.24455554769111634
4915747226940365e-34
2.9045070774340935
.8880189870971755
.25409036719650063
4914169567878772e-34
3.0224267250897747
.9078199275208828
.25594294929038364
4623408630304404e-34
3.031376429391149
.8836101728418579
.24347419754156718
466583221267231e-33
3.0360782384324625
.8917679752018873
.24642899363484055
5281252130396612e-34
3.430938252004714
1.0205328650776602
.2804638500484114
4568400923327093e-34
2.9403369664821914
.8579177900639112
.2394908395483847
511074130880427e-33
3.2906836410483415
.9716481228284962
.2694789126778459
5451589665217845e-34
3.5277974415210767
1.052731387220879
.2892627284343063
558059989047953e-33
3.797660260429519
1.1052554341443588
.29841090896453265
5449932187883444e-34
3.633732921614929
1.0616744939958795
.28963007399929064
5430322135815268e-34
3.4192968091707074
1.031703954238228
.2865449057955741
4852190561075658e-34
2.995659667828277
.8991728321591829
.25336415488215724
5128586673468349e-34
3.133264827819132
.9449710928708026
.26728561035590825
5715621191310606e-34
3.3831085097596887
1.0482333411366314
.2980096882658453
6158419466393849e-34
3.7669074058786767
1.160650236709559
.324550090672913
5955243062421478e-34
3.8072647299900866
1.1395602350730467
.3149174656054177
5826216603351661e-34
3.542581704280612
1.0828972364851794
.3050681438645807
6002147705476725e-34
3.7887976952168745
1.1377316496371714
.31628632236141724
5551063152007881e-34
3.5960043183986077
1.0650916866082552
.2935848216476419
4834901697302952e-34
3.0254356605534363
.8875803673129053
.25108877484355996
4860383513724794e-34
3.3398656539781713
.9348354627294243
.25617007980839435
4239720023531536e-34
2.6837546989626175
.77000253907301
.21894868537307272
42907680788677214e-35
2.6616252565405873
.7717006480060032
.2208883215295818
4431902985423441e-34
2.839586642485815
.8100596426017164
.22935681655535678
4657607291483096e-34
3.0826513389637977
.8752156977329371
.24353930015524014
4140550266201296e-34
2.6522588209445823
.7557818675812009
.2141540656900275
3927809240340794e-34
2.5337543212662723
.719206212580513
.20334890162744448
39259433640120937e-35
2.4457269313859302
.7096185664232515
.20250772516904034
377722690160466e-33
2.4065312555048504
.6819085891025383
.19448011461192186
42482546089282273e-35
2.7679165226578455
.79142232367573
.22150113100064941
3910539595016991e-34
2.342857281035091
.6864500655850121
.1995496190682259
4202562287531234e-34
2.4134998572307924
.7282923679661085
.2137372103864992
36856528141470915e-35
2.1250862082609334
.6325950974517456
.18659599712980848
35398567211061354e-35
2.0036513234583535
.6000586873757409
.17867442173603323
3466903581611785e-34
1.9203980661104278
.5662614440618935
.16873715081339385
397939225657973e-33
2.440986138366139
.6839308930736909
.19701292749843205
37620757146053595e-35
2.2500825984773654
.63975632690079
.18563649894936116
3976264916098499e-34
2.6959501577927036
.7225107677318297
.20055128512142828
3646218998358062e-34
2.3210969452620884
.6407237547284047
.1818984643569586
34348329722199e-32
1.9366652574848295
.5686358824345419
.16801460586278488
3354786497488883e-34
1.844624447108755
.5517573653405395
.163833633717211
332201160187214e-33
1.6983339593045075
.5058581980792874
.1510047656141539
31679263807872694e-35
1.7015311547553458
.5012068966150977
.14872680392077278
3042243123930412e-34
1.586505386760796
.4755465683661233
.1422773007305996
34982147263731094e-35
2.0693134803922177
.5965773978002048
.17221508745127792
6296246640030115e-34
2.153335704648129
.6461433129190262
.18910644997839515
694960006434444e-33
2.4152407554334197
.7292048577773211
.21152350157038516
1575006838022708e-33
2.225996487269973
.6683281150168816
.19472411652599575
1703792657293252e-33
2.2682095952821197
.6822101385092637
.1987650624580093
16047798251925756e-34
2.1974574062154693
.6539391397048773
.19145151748162587
1498986358448884e-33
1.9984424585426512
.6010955032824765
.17781571308075614
14087041046250003e-34
1.8787362202272933
.5618967209243761
.16673309173272924
12910532064832375e-34
1.6580092789551304
.5056990154398057
.15187412015482196
13167807239967697e-34
1.7017281557353634
.5204419021147194
.15550593833107604
1242279754351228e-33
1.642172570553252
.49191791703234083
.1465042542800657
10689119269209512e-34
1.5112066060329783
.43360625918236884
.12697375154117482
1044752692552838e-33
1.3862057206653666
.41419815523811554
.12324702939540187
10297471414848338e-34
1.3766602572221345
.40827364792758514
.12158047514851264
9672395740599269e-34
1.275099252107268
.3787477895908781
.1133762786460416
10055763276345004e-34
1.3414988100121739
.3984298646486356
.11842702122502322
10305250057285168e-34
1.5142675288650849
.4271598626734796
.12423827798150291
10320586836143783e-34
1.3246634065294378
.40673254319669827
.12257905971429468
10951782428974537e-34
1.4076900938417871
.4330355832288392
.13015656102635859
6587473251711722e-34
1.41604542884573
.43803858299645515
.13195003914376013
6178544668197191e-34
1.31315057698207
.4070341700901724
.12331598043131614
6033858966369977e-34
1.3742503121564098
.4089399701557688
.12152305726612972
6364444467979767e-34
1.4564256714132209
.4337790641497179
.1284680902091902
6022929958565744e-34
1.5235106637815778
.42406153775240507
.12270031721049944
5943195231100045e-34
1.2808904690030016
.3927196001716122
.11868975427313966
5853545339551795e-34
1.3687219248277915
.40227317901831455
.1189276017015114
4638746690315224e-34
1.170368675318447
.35006674433343893
.10536103059586768
5124286534797874e-34
1.3114954793596931
.3912589814906249
.11705404272285558
55683478557991375e-35
1.3444097835126403
.4162803034921908
.12642722959163827
5849884528860979e-34
1.3727746075560707
.4329990728527608
.1324232973932391
6523361733116236e-34
1.5810088081479237
.49354203971388966
.1487758590512856
6946654987960952e-34
1.7083801623207842
.5283577787564465
.15868065015144817
7433392092791759e-34
1.8287434291439428
.5625629136584045
.1670756419786258
7700105816863449e-34
2.062963509146463
.6121094666165905
.17743949460306413
7571264097881997e-34
2.009689345755244
.5979176891513877
.17407467062251786
7296881537755248e-34
2.067145096245865
.6012293228349376
.17339303520378044
6872879551453e-31
1.8151603384333512
.5460447545575707
.16188157068086287
6776580924034672e-34
1.8410402274211715
.5492682135900708
.16140656585867644
579774289106596e-33
1.5088621173634915
.4567643061449033
.1365415849376971
6118216853431057e-34
1.6471867297497242
.4895042886378006
.14485920301632435
584066398991562e-33
1.622287886738395
.47160203377727006
.13847844547431573
6540464691531675e-34
1.7478859107450573
.5002224746996082
.14509883387101222
5845257896790076e-34
1.6215575633739123
.44715170634006984
.12949371899933476
2600443766080722e-34
1.3855092567313951
.4012644108310343
.11975551624898048
26973656780422115e-35
1.3473989423656165
.4111699668138012
.12547222688429538
7192234342385469e-34
1.3499345292949658
.4219142663972347
.13009967939943787
5964914840778726e-34
1.0785518417486182
.34311194449797283
.10713196590357786
6939694958065571e-34
1.2560382130589525
.4015408202015719
.12496046532559968
6427357317261223e-34
1.109435265290038
.36354653920134306
.11475584125376886
5874325646473689e-34
.9632476836204473
.32476294355314805
.10398124792673007
6546418476641132e-34
1.0972017571760095
.3677456643542376
.11726129838154664
64427584233045415e-35
1.1399115868710332
.37205753176163286
.11716753286811893
6297475351791346e-34
1.1317466304731778
.36584018825854425
.11473964728644484
667543788996839e-33
1.2038773692093891
.3851049460841322
.11998520042962378
7743302362136778e-34
1.4086382057712639
.4520005580973183
.13986066727235538
81521202241383915e-35
1.525952103594589
.48461062851173503
.14824883840584063
94960716600153e-32
1.792052928986133
.5729719442637955
.17380661532284106
9695915688478832e-34
1.7517814362851192
.5721244799069758
.17608123976990805
11919816432926473e-34
2.337288065374369
.7446336345622526
.22119409983891003
1047251102897145e-33
2.490312960610523
.774470017691625
.2269583182088929
10786529494582426e-34
2.5752518191355014
.7897542090718941
.23017532816889053
1148791548916405e-33
2.566072374766944
.8143707087409748
.2410463883003295
11638357087059042e-34
3.052404900974704
.8952976122688908
.25088992344412586
10778374345086688e-34
3.1066159934258417
.8662500218839849
.23545255968196688
9763248800290572e-34
2.701798308120574
.7549854841966792
.21020263409767767
9322685272329928e-34
2.6715813707510168
.7294330756371311
.2013305492041724
10095050291498772e-34
2.844287506620637
.7898774209763192
.21800033002723154
10602710642957517e-34
2.6981974270894056
.7859201395691034
.22398434154944108
11916526720879583e-34
3.131202375799466
.9072819895824454
.25428913872315373
12608054483075011e-34
3.1758267270469074
.9421841107885497
.26752873317273396
13392274348408217e-34
3.4631776417855673
1.016083203262161
.28564443836094894
12494589061398758e-34
3.2057716997606227
.9303092160799177
.2643485347614841
11724964816284517e-34
2.964939303534073
.861154603489999
.24552802500504545
10932341888825734e-34
2.676526783889283
.7828567916633548
.22678406620411792
11932161545572048e-34
3.1954104707315967
.898852441731467
.2518195325824056
10734452871145034e-34
2.8555996154862355
.8019594003508822
.22580904217847483
10675540191672927e-34
2.640545948453092
.7662401283855207
.22155483340562954
9341787301578417e-34
2.1878801729673474
.6469495286332874
.1913977969492097
10444300747130196e-34
2.6962802481000545
.7566977933746252
.21651884514085948
10858250542060143e-34
3.023158934270459
.8184687210271863
.2289925792962529
11725988171080258e-34
3.3250993543964755
.9014379365018514
.2492776507427078
14283097838203074e-34
3.853163704367518
1.0269765738250058
.2745449758154519
1761025735805177e-33
4.296103498414146
1.1679852967118023
.30981499716043504
16694684457391966e-34
3.9908660416786734
1.0963995560791264
.29360175646981546
17694405552938395e-34
4.580880373650866
1.2342685668960411
.3170995600652706
16332055933402209e-34
4.804321764568375
1.2084376545006703
.2973424440905163
16905295273170577e-34
5.221294028065009
1.2949949311654645
.3111895631158089
15971877232965375e-34
4.883073078225268
1.2128271845866336
.29314648890964
14898956133446208e-34
4.28041435221409
1.0706573942653745
.268362928525055
16659273692264619e-34
4.688344478288891
1.1963797671160294
.3006079141275087
13573985190048452e-34
4.59940635225515
1.104373141833484
.27656104161149114
13886999295255608e-34
5.020708948369243
1.1616702138018005
.2853962278596267
11633962375760262e-34
4.734850220525437
1.0287109314429577
.2514509045535622
1194760432509281e-33
4.70876023960132
1.0376660658803727
.2550671601410663
10199906305346883e-34
3.987628473526768
.8883121984319136
.22451772088542038
975688600623923e-33
3.934575808439326
.8608409111641884
.21555963417838941
87697977854227e-32
2.943070767048849
.7032559178580751
.1895169756478146
834212547528591e-33
2.6702397970653764
.6526244019340478
.17893437399593343
901666490297802e-33
3.3488163484704856
.7645600048974501
.19832757298536147
9479640488380793e-34
3.483929484220064
.8156950641658332
.21016330436056493
9328191762736851e-34
3.9056170143538806
.8615924893555961
.21144245137388687
10062525560603e-31
3.7536468749044714
.8823969777288968
.22519210211832924
1013140976571981e-33
4.012558016468112
.9194003326205766
.22910162044465057
928637579957654e-33
4.023036972808389
.8863685825308129
.21508164601722835
9382389644493094e-34
3.9956376481811904
.8984977595132202
.21777524901783518
8729163693223085e-34
3.883850771349899
.8490972787514129
.2047024928226756
8437506585695456e-34
3.591742678972082
.7999412174461232
.196394712345872
8363989387395097e-34
3.2847720670027916
.762370934400694
.19251421111875494
8053928446379862e-34
3.096165014528527
.7256526074486114
.1847484144627001
7833491401518331e-34
2.7024616483621284
.662784271257896
.17619568393886498
6861501406686106e-34
2.3530623529211376
.5637936521336097
.15268364485409217
7298769988974097e-34
2.5949193460621767
.6132112458282287
.16353740474343115
6439450882290039e-34
2.089306016795988
.5117992681136733
.14171666321182042
6700528596622987e-34
2.3426127615431214
.5582991226338505
.14975804421113895
7660405970513424e-34
2.9322231129839404
.6766058270800599
.17340505351307375
8024013849211118e-34
3.1448989446306785
.7228159927184263
.18303072923998692
7973572926121812e-34
3.2989466579239712
.739851474626749
.18448002624496918
7190187405640914e-34
2.676502068678615
.6241011092373305
.16297811730590192
6602408244404698e-34
2.289005799874698
.5456073279089667
.14690011896414243
590528749115255e-33
1.8978319001194173
.46291463211934897
.12914034488857631
627150820426489e-33
2.130958255087001
.5036554115205955
.13776631681953014
6276825804281549e-34
2.1687459371961006
.5075613479397225
.13808272810154107
6594617466462058e-34
2.5426007797665946
.5781967694651542
.15280157662491184
6105279271106087e-34
2.052863959449408
.505038159953664
.13910726877880106
5317692259614875e-34
1.5730626369575114
.4123149296492245
.11850750172252499
5136875380113877e-34
1.4768941112164142
.39304884606139473
.11399585673635108
5477359325072504e-34
1.6829505882652906
.42891747082468634
.12196297755046169
5361608963416265e-34
1.4957675226682896
.4050345892362374
.11804884017990426
5457087099437127e-34
1.6125107985648275
.4232768131783511
.12116232714295481
5375944281920276e-34
1.6328821315722657
.42047785075781086
.11988304132236337
5410336608416376e-34
1.7168541094242706
.44019098409915164
.12478325742235143
5230192947407614e-34
1.5854137123464433
.4159417734028507
.11973719589973937
5222446824030623e-34
1.558896436916206
.41217590168894025
.119258226650614
5847132143994459e-34
1.7545751514187429
.48003144266376013
.1394548183461338
55344233309642e-32
1.6158088235174797
.4500433543137968
.13194470706189398
4853621536499614e-34
1.3557083335683269
.3841804101886276
.1147301094166765
4476831053871657e-34
1.2007731117081697
.3479540480005278
.10511365494417974
4435901190924396e-34
1.1573120878435144
.3406308653396618
.10373422510590423
41482079737279745e-35
1.0205856287788773
.31150633840769987
.09631559320215588
4237927852338429e-34
1.0229103113280749
.3165968633605871
.0983056796547686
39863052641316856e-35
.9161215757944501
.28645241885034817
.08955545126931445
358446223424806e-33
.7962648458008195
.25054492891737373
.07866304002819119
36693801509536604e-35
.8378539458749511
.25931594985648626
.08083549581618425
344087432345113e-33
.735458587381087
.23723724036615843
.07516589854286224
34267732032715727e-35
.7552573204461739
.23856686471538388
.07507112710742563
3512082012925139e-34
.7838323920955288
.2454700189881526
.07703137685103587
3720890333824944e-34
.8486100830164061
.26235880951617446
.08184025785645312
36799237108847567e-35
.9743613991342401
.294894672717785
.0911740496807651
34071714153039506e-35
.9027325166392246
.2725687290901156
.08439928311844423
31677374439339267e-35
.7560958822641486
.24409849345026827
.07752909056072993
33436892859790106e-35
.8122547298142194
.25425214476137903
.07977152386493408
32293821221283107e-35
.7298039388942236
.23982332216489177
.07659996474055182
32395196987238948e-35
.7513663512068568
.24264965132525343
.07694814850531315
32435142883390666e-35
.7496561079847109
.24364215816002716
.0774926947088843
38974316062344024e-35
.9630420856849227
.3002370612192646
.09362519429956936
39476963672279074e-35
.9981470433328392
.29551647015580224
.09072792450177951
4095477205883602e-34
1.0366055152953964
.30659826893793823
.09380693196201871
4352126148791361e-34
1.2219141536806377
.3380691269928569
.10082060431668335
3970771260476317e-34
1.0629360704283157
.30184794505037205
.09127415472811236
41425970666953168e-35
1.0901293101306135
.3143214258516325
.09553622685508087
39017722198984206e-35
.9615778960980116
.2878761836698252
.08874746980280604
4054267522709557e-34
1.0395145295752348
.3053495526383402
.0932353243611614
4343693872175553e-34
1.2457584527125913
.34106065043039646
.10121560550410175
41283740745724325e-35
1.3510114121823624
.3655363388582235
.10782737561371086
4680063976413189e-34
1.316633415970233
.37076081089351376
.11095370789026963
4582177877796576e-34
1.2264780927200731
.3554766117180281
.10768914183482056
3957136759580219e-34
.9802452196605528
.2969715520407679
.0917628834461761
3988988129592165e-34
1.0459250167887422
.30899076508625806
.09443412005283755
35803576517044816e-35
.8425094557947541
.2652724980524988
.08325576224515198
375401014511126e-33
.9269834975570413
.283127723578385
.08780007891807819
36530740849758258e-35
.8983792977821289
.2747219177320262
.08534793851398566
35228165507713336e-35
.8511464120843395
.2633887377313326
.08215480131975172
3763533736344576e-34
.961986516727969
.28686826886617367
.08830709972155143
37879391454743207e-35
.9495789285667056
.2923239548842995
.09097985300661474
4907072888559831e-34
.990932611750221
.29955648496924175
.09235152274060886
5480539813909562e-34
1.1972109843964476
.3472293692944167
.10496476090344117
574590897101509e-33
1.2947983718624447
.3693448321187003
.11058708734640887
5660693040603851e-34
1.3465466936943544
.37752624188727446
.11226929493030414
6391106290592051e-34
1.4850088437391935
.42194895591292625
.1257158721228562
8986457490776875e-34
1.7064091176869054
.4641724432238212
.13553406429317968
9374602941264847e-34
1.4608873368975661
.4132831792151228
.12289539160923846
10018961158707891e-34
1.5825086764968432
.4443347552968396
.13157434952877872
11284938798663761e-34
2.010924535123739
.5320100759524979
.1517665735631393
10431699719576276e-34
1.793629677325119
.4808659899740935
.13933055258295285
10638163418543955e-34
2.087549532334631
.5334980656437005
.15045322253966012
8846126060859473e-34
1.518243562562824
.41406682293569097
.12200617007793826
9662316534196211e-34
1.7176181862500972
.4629777373672238
.13473016138513022
1040960725854773e-33
1.9759713822730245
.5151885009096372
.14711787251887254
10701031902844512e-34
2.0187513945350988
.5345250035581465
.15287366363640612
11402741592450248e-34
2.5034700809113177
.6325814693749523
.1746661797266801
11755737375935524e-34
2.628817917815581
.6669928768044845
.18180423881319227
1192969401064091e-33
2.4921319573345735
.6604697045193584
.18310836735168168
11270538632861306e-34
2.2694658709037814
.6123043214701643
.171987686516068
10636358209086627e-34
2.1116619378243504
.5711547361647458
.16166325366144138
1002281518803142e-33
2.0333592665298044
.5368668959036647
.1520563707997274
10015264999767602e-34
2.031539925910703
.5389390429156027
.15149222213070732
923260569304028e-33
1.6164095333733954
.46191500611594716
.13638170002551198
921485152599351e-33
1.5767658527937118
.456822940808964
.1357903916611793
8723556911971475e-34
1.516790527405838
.44376079775505084
.13279228771530327
82070846267947445e-35
1.479218918603115
.42469678542000194
.12628429292942542
7084828206080366e-34
1.307274905090515
.3679233885720178
.10941280470059386
7554894859328123e-34
1.5746029782855109
.4110451588402324
.11780851023932123
6435477235122883e-34
1.1122811834880912
.32315641398565953
.09778633384668524
6923175903035849e-34
1.23889658137987
.3554340071052426
.10661482799918419
7149645281251586e-34
1.2477378286427723
.3641387832868551
.10971740432356708
7927008710647704e-34
1.2919053154149467
.3691516907650188
.11049698131079555
7180777046709087e-34
1.1591465104228842
.341714214519267
.10387903134444934
8180780280368569e-34
1.5501562721826925
.4102144943023909
.11862340821237233
8127586315792757e-34
1.4522555216127897
.39849869185056214
.11706502421275317
69853314992604515e-35
1.3753247355495388
.3729731836723037
.10928088244982434
7220625615781817e-34
1.6381661922836601
.432742641829446
.12412802473056461
7204595471646206e-34
1.7114195804955803
.43793552508354905
.12446699570656142
6553333760334689e-34
1.4540761915529585
.385379970268406
.11200053827296647
66089431958043335e-35
1.4308843441791566
.3863813614827534
.11277442626134374
7067062729513743e-34
1.708388214725836
.4315381995657926
.12221349832607742
7583190723623046e-34
1.9512890980279223
.47900485978550084
.13276970282326714
6818328516928639e-34
1.5738760758306982
.4086160785751006
.11738458675504491
7134926284145212e-34
1.6662314618233753
.42746799740819497
.12174118379201203
6982139654643874e-34
1.5437017185595237
.4102342547630858
.11847172696829257
7377883853830583e-34
1.6926569429415976
.4424324236351841
.12603955000473152
6449589090482838e-34
1.6179475184593028
.4291637211124733
.12344416228419193
6083887070169383e-34
1.4062536756633366
.3905253575092181
.1151026481814394
6077430319633822e-34
1.3660592210922229
.3856958197494061
.11456209799495871
6454627361719619e-34
1.4279677368366812
.41043555091918366
.12214123860585509
6277814207529326e-34
1.3112872140260368
.38991636692569065
.11789512211364778
6882795139767475e-34
1.4220462780435348
.4261487847472217
.12914136051048117
6964525183545456e-34
1.393661313023133
.42573201927823645
.130133791110032
8558169126257876e-34
1.832111312803269
.5418540583196284
.1618761045151218
8647203253519975e-34
1.818983537423713
.5442048337484175
.16326540970956072
915239612260013e-33
1.9707376576684605
.5858181406173856
.17419326845125374
9118417429095846e-34
2.066152330883285
.5963957286122133
.1747515419737407
9062552181665114e-34
1.8792286064804007
.573158766674462
.1718993598972859
10431528780982014e-34
2.0015525806273304
.6078154875447944
.18072336131578848
10795910159629646e-34
2.062626340763894
.6274712139814316
.18637348028171818
10231015255880021e-34
2.051745375618527
.606080203591575
.17765929380708584
9121123955564112e-34
1.7598387727472309
.5278266115512573
.15707126344011663
8943724920771941e-34
1.6553254816178333
.5043828127972128
.15189559713259115
8110418560275176e-34
1.686382852657831
.5091065760189016
.1527141817867948
788461683821473e-33
1.717097555441905
.5059269730372832
.14948874766926884
7678862718174598e-34
1.6985779454354004
.5020579364143474
.14871090401326792
10998972792330364e-34
1.7361058130598623
.5144695599405743
.1524822740818912
1099617757508492e-33
1.8149603476838785
.5258803490736732
.1537792998621339
12026386755405345e-34
2.039064574965184
.5773996061025345
.16661798364468333
10704396911422772e-34
1.7504581078515358
.5036283411793407
.1472767201205667
10448645906719851e-34
1.6751000007623889
.4882219924971785
.14344311979984284
10513811986823852e-34
1.5307763268037977
.4725477065968162
.14257828119272886
12056648727997486e-34
1.7546207762585504
.5478047211833184
.16431812252765193
1211927686793264e-33
1.8086855180384969
.575887281183962
.17427830327438149
12229241002197803e-34
1.8694937916960532
.5871939439568836
.17622621915043996
1259497074537927e-33
1.9750996752257939
.5981690212164097
.17754454710863235
11628044706410038e-34
1.7894201205403988
.5456757194020398
.1632579551850784
11672582346122509e-34
1.74833119191485
.5380049268771008
.16153414155107404
10648015538191304e-34
1.6449996305709285
.5067503628967231
.15273035397754986
12429044359100245e-34
1.6181989010496112
.5033467779360105
.15247569567068364
12137122372327451e-34
1.4470746506858048
.4702379989708772
.14531914890414765
10794221990649519e-34
1.2634820242165452
.4125255667222599
.12856611862542827
11492238781276695e-34
1.322413936313071
.4364933290597217
.13661598224783064
11811371719980045e-34
1.360682137908021
.44993286695970947
.14059459980578295
11701148426055472e-34
1.3861521816539646
.44985969635986744
.13966241044370667
13389692435469286e-34
1.661910672771419
.5285275218962737
.1613530081727558
14553883694062931e-34
1.838403408091872
.5833403530329986
.17645112207881825
14948456283611137e-34
1.9163494857717909
.6022523405182143
.18150724789922495
1445981220549738e-33
1.9032304666684448
.5885799259578691
.1761321062259283
13293283281125101e-34
1.741179158515902
.5397683940085788
.16178642507039
13418931340703239e-34
1.6738521524277143
.5336775851057436
.16222381326753169
13617404957429974e-34
1.6754478746549368
.538648053389635
.16434379358677736
12444296656429344e-34
1.477496253987724
.48187632968614436
.14901042408842438
12630917921807732e-34
1.5229858034737136
.49436647277161566
.15186809782039554
1346125417668997e-33
1.6443788308196159
.5317396644927178
.16242689848548547
12289853778483548e-34
1.436120644758721
.47266867849655625
.14682911375274504
13424067450595283e-34
1.5548608943258688
.5169569052572751
.1605666950083687
14042682809586906e-34
1.6308548716896736
.5426414564162519
.16821569084468033
13657064828952585e-34
1.5469087468450817
.5202429307180383
.1627329780868739
13499092141033126e-34
1.5338330667239264
.514952343684587
.16092795972674498
14133456667115614e-34
1.6419143309681155
.5451078362673478
.16914363141905217
14552814883887849e-34
1.7088923818053543
.5638568905801705
.17442528732976278
1608568771123869e-33
1.9032979753658945
.6304893119947448
.19378164024469188
1844307382897244e-33
2.336782864816633
.7522944857581773
.22544383113625868
19026534390139525e-34
2.731477956305798
.8260610510790366
.2374749252218561
18773319687843763e-34
2.7623313416369566
.820814960115477
.23467761036331697
19146284674388303e-34
2.941093313243894
.8570839222217459
.24124126481410763
1893373036259302e-33
2.912352511731778
.8446682107940613
.23816684389836454
2017636473707161e-33
3.1908743677545774
.9207940516985829
.25596183906018083
18164756591406717e-34
2.737928168079272
.7970787577452887
.2270849368555784
2055447898365288e-33
3.4101813472935296
.9538780066341527
.26187202032790974
2155192777531561e-33
3.508909798788907
.9925423546748658
.2739864345617531
21708565931704157e-34
3.6241897438407094
1.0146293842076577
.27734180808747616
18947071473506395e-34
3.1549911642606676
.866052612341269
.2397332755980436
20962125658528424e-34
3.4849158202832253
.9701520803768703
.2667059720323023
23200716686645164e-34
4.067840311086563
1.117204879346342
.2993669832831588
26120700731921293e-34
4.408027685475068
1.2599391791051024
.3383301142736869
25975900524842494e-34
4.68945688839224
1.3025100512421377
.340654926090979
24849948482668847e-34
4.557471629470062
1.251254513886807
.3260760169463588
24248152369150878e-34
4.27967691154011
1.1900347238922075
.31543680353746506
2418581592034328e-33
4.2735878547998825
1.2016898966252654
.3164151709693494
22105991483545486e-34
3.883965467459835
1.066247311459166
.2854075492051581
19767123111008908e-34
3.683212407871468
.9575442513358954
.25471127305871727
20169956047036494e-34
3.8409293748242215
.988181702519434
.2608069507485177
19953910824888163e-34
3.9499363150484417
.9878696716606122
.25856332033271195
19961770432452522e-34
3.995446005773456
.9951844296610202
.259245351782566
188485376154813e-32
3.5312694334235792
.9041510968298475
.2418134564117199
18926256329849378e-34
3.6664466526241792
.9195264305454328
.24365485370967396
19910191527410515e-34
4.1199095102037715
.9987302836570855
.2587596782936182
18315804773620796e-34
3.755693759647522
.8952948648719514
.2357342657845136
17254840578789901e-34
3.404028356170437
.8199389783909932
.22001548946138633
16624323283843385e-34
3.0636289585144176
.7652493858607352
.20992917208079756
16669051288313637e-34
3.088680893524638
.7593352526149467
.2095959123367744
16544966795837963e-34
3.363786313575215
.7949769155888458
.2115764183380645
19587386902599186e-34
4.474175194140921
1.023517248248175
.25734608345025034
19124131071766572e-34
4.277487361652906
.9894995096092598
.25056375552038485
1916271242606826e-33
4.440020842007662
1.005022876900935
.2519496527217138
16741588208186668e-34
3.675608268071287
.8338741398335948
.21637579424803108
14322681185820338e-34
2.811271944089975
.668515047985944
.18137940184090987
14286684849780996e-34
2.6589151434531906
.650185490924384
.17951396154218838
13609169297476029e-34
2.3631408654702755
.6007516327849374
.1693948929297889
15034440629837399e-34
2.4390222310459286
.6527124384158536
.18636790510842863
12972401952710159e-34
2.1269587338162697
.5593431134116329
.16029974762352805
13019465664900666e-34
2.2200060029700897
.5699019346559476
.1616220924657068
12605770725164225e-34
2.245129104753399
.560331624420202
.15719433527075422
14653933314177595e-34
2.717826768692542
.6737300375809754
.18488044129207692
14724452460503828e-34
2.990544621104306
.7025458695825713
.1878004372063367
15325254913440926e-34
3.16587520391913
.7466205204865807
.19689410968965979
15979506161969898e-34
3.544930567566417
.8169158950112168
.20847975529910343
16499829083629707e-34
3.779920905702809
.859197679705267
.21646500227199336
14386617516347988e-34
2.9351886320133347
.6896285946505237
.18378510496588604
12913938143974573e-34
2.6414465183360494
.6090445942135579
.16395123847337773
12904069730518876e-34
2.476365923898318
.5926349454267614
.16253818276147228
13318766757567274e-34
2.5405989316370214
.6111391139083436
.16773880509320085
14007265548070901e-34
2.8468535184865047
.6629762376021313
.17810774995006104
14314475048095059e-34
2.8886046889570136
.6760054409688684
.1819058230320262
1276311447377569e-33
2.7543884164633976
.6113078079109833
.16268773974758013
15070533549647271e-34
3.5310564097812036
.772797371883632
.19639492060662442
15240834804956508e-34
3.6105247943712127
.7910785528066355
.19941619977106514
14099995936107184e-34
2.943526411574681
.6767088521506947
.18005651186442193
14713776839355061e-34
2.9947855043370875
.7072508189510206
.18817847494387588
13954137136048099e-34
2.9201516467912936
.6713391299804458
.17834078374972323
13445953847849693e-34
2.813099695198195
.6414512069559161
.17130817276504762
1554612990275842e-33
3.412854351533547
.7823654458256619
.2017085802202545
16075413566960804e-34
3.757482132291528
.8404682105052026
.21102430613143774
1650753543854839e-33
4.025069749826932
.8783191815152909
.2177090355099629
1694338981877308e-33
4.308792715511952
.9369605548286984
.22623395047170908
1808104268026623e-33
4.552739981923218
1.0037977220925747
.2419010904676939
1766663539021902e-33
4.0362559645460525
.9322650945371046
.23298954570420924
1695553321365332e-33
4.131891084748437
.9125905245713803
.22458234955557252
18112079920735094e-34
4.451300318640441
.9942177007253122
.241588121493316
18999708149609514e-34
4.539774557558037
1.0536402098692237
.2548436765688318
19210086995877734e-34
4.8231905328061435
1.094420368677807
.2596131736667257
20151957994281366e-34
5.024252231123145
1.1598124683349649
.2735631187203684
1974416987209702e-33
4.563273903703232
1.09414456452525
.2653305403889718
2142385189355789e-33
4.385760619308333
1.1334671192949766
.2848368154453926
20826507871644843e-34
4.5008301462697045
1.1288752047583055
.27864691079117915
1997204731867989e-33
4.201267447388282
1.061376921565873
.26549883973838095
20272328823221297e-34
4.087265060382128
1.0583906312085136
.26827985054809966
20292978275488045e-34
4.012997904710413
1.0433143128276277
.2671449875082301
19493864308637517e-34
3.7227081850831545
.9702561679717752
.2536695483000197
1936378944493594e-33
3.8309054863287773
.974286732681474
.25256638786587104
17862037487729233e-34
3.345177329698637
.858218756867415
.22927620690576103
17390148974124944e-34
3.40550438316961
.8428659916948046
.22350345264913968
1893652871964274e-33
3.7626430356442295
.9361271213954796
.24514178992350943
19334727647322763e-34
4.136048417486547
.9960428467105881
.25347338985430334
21999141490298206e-34
4.602471015701738
1.1602737346944607
.2916174042685456
2072016865019102e-33
4.559886508757736
1.1081489100118147
.2753197430326077
19914322300317358e-34
4.1164895393537435
1.0205521612290296
.261033361102962
18575944812082104e-34
4.116918427025525
.9679034824157009
.24416028521185623
17773148448175667e-34
3.9610195881609993
.9142471544361096
.23238191697794394
20876560393589607e-34
5.036173702628041
1.1523215286929374
.2793429631106671
16881022196907716e-34
3.5113146135207405
.8259915341255019
.2171823032479738
1725601903837432e-33
3.4855022349200917
.8379614224161163
.2216322515881303
1711379736026759e-33
3.624120948101741
.843844275328632
.22066234110370328
1653739660769081e-33
3.3523495883040413
.8062134214519036
.2126934856980636
16316617929851158e-34
3.244142829084228
.7849682721694606
.20894611461381912
14547210724512863e-34
2.689525433229302
.6759892320409464
.18433043458333284
14472341374328246e-34
2.8337763014128843
.6818084532872057
.1839436295573766
13087637422994625e-34
2.6015002707916977
.6162597430131168
.1662193464925331
14797990531717042e-34
3.0785206595130865
.7269236594690998
.1906700129289874
1442735644506577e-33
2.860451759619554
.6865854443332724
.18399748534799004
15257967363686895e-34
2.871370176755952
.7127626518527772
.1935958466075252
14084728778153777e-34
2.5386171898416117
.6344904027373834
.17647766341474927
14555610561531385e-34
2.57341037119289
.6516844049463992
.18206661864828183
11882843413902978e-34
2.177194059063055
.5325032703277682
.148505915004857
12310818715816218e-34
2.2762946364113743
.5550034164317185
.15416249585296368
11027399760449693e-34
1.8725065632156481
.4763730593247458
.13620825546779913
1114831624407717e-33
2.2490348730806686
.5147591066652821
.1404901777064422
10979059949498016e-34
2.300105396652417
.5136209539316967
.13887352701397954
11417770635498832e-34
2.3237921071283374
.5282406640774365
.1439541907553
11852255441041387e-34
2.4291367661140875
.5503012060413237
.1495980483898933
12466852615004845e-34
2.754761909600797
.6020681968883081
.1592748710267896
12180765909971856e-34
2.665146544604789
.5821809030578038
.15508354835656746
11407772379951614e-34
2.2354426071023665
.5156279842980059
.14275136117098225
110583762301605e-32
2.124037021557069
.49691470127571913
.13815383638013673
10819116823262577e-34
2.0729102916888054
.4832470590802212
.13487380189920897
10717922339816172e-34
1.9984057457491973
.4750799510588643
.13332899639817783
10205216992451888e-34
1.7553733729480525
.43883145188268596
.12578285917976872
11078603653309411e-34
1.926076760326522
.48188853169468104
.13710616535416129
9692813873737283e-34
1.5344743548394593
.4048186066253853
.11841020590585238
9376343090202706e-34
1.4159440596299757
.3853703556196923
.11398452108256964
8425917462737141e-34
1.2187418931557323
.34040096675736187
.10186533794488938
10271311846524095e-34
1.6496677078731348
.4336892340051731
.12596071889599664
10400447752085007e-34
1.6284281166804457
.43572426679183984
.1272543257733554
933963989708455e-33
1.6076969477889882
.4022039594354817
.11517667881553176
9408460804150976e-34
1.5988443563832038
.40492429408797026
.11604155333730845
1034540519151908e-33
1.8122759296353765
.45392756812016116
.12843141369041475
10321320221065988e-34
1.795690407802799
.452702208288982
.1281419417733858
1183048669718199e-33
2.223977030051343
.5429043493276697
.1490763419857742
1165962200992306e-33
2.1122086535800975
.5315191255372483
.14674574973487783
11771647226991775e-34
2.3736660074641884
.5625395477406024
.1502696965853462
11609055302803759e-34
2.254656748960973
.5450824711849256
.14740617441719936
12182270856442655e-34
2.3394812677708177
.570189304827545
.15456231210657337
11143869919721085e-34
1.8888488040963773
.48976914006554245
.1385887476269512
1123705389851864e-33
2.125546889916952
.5191326100424972
.1419326246025117
11531242120629231e-34
2.2479056377202142
.5399444015490529
.1462431473694719
11724070381498978e-34
2.3832154763380795
.5578211488923864
.14936924412823332
12437869149806481e-34
2.773974384545751
.6169723106122521
.16041428591773396
13655600699304666e-34
3.0613626615959975
.6880768746688707
.17711063218255932
1389810834498724e-33
3.10922319284983
.702326680868523
.18046609138780598
1419499342697621e-33
3.3093743922906254
.7339950919295155
.18559267335512575
13113305161514928e-34
3.042525562638991
.6714601672881064
.1708631511564858
12816897604399623e-34
2.8553538672094105
.6433553267223837
.1660372316722167
1277020787487534e-33
2.9138027255229773
.6477411744468152
.16592083559220105
12596809626042517e-34
2.712459705104596
.6231823746376227
.16251585857909676
13223330843631065e-34
2.9727222989727995
.6685915592775176
.17170542249122156
14156731204682211e-34
3.0982173176865206
.711068814781166
.18357096521590027
13819070592155775e-34
3.419470090158315
.7343684889187687
.18205582004295015
1364671283464122e-33
3.452971305191066
.7391039419298715
.18228399674036075
14425628053942534e-34
3.34058599406038
.7205286336479477
.1796278828950289
14083423658893862e-34
2.9451431554829592
.6667370768255063
.17227040096625412
2902493626386372e-33
3.4520663711197463
.7982053179988512
.20368998979574143
28361082330423356e-34
3.2168080296236057
.766526140023772
.1990870308983648
2533134841878982e-33
2.7826259895279617
.6547012083052108
.17394463115662878
2831309393615224e-33
3.17642516713578
.7488444894887054
.195786241616968
3043839573039582e-33
3.8626666183680167
.8869269345131919
.22123894922500492
305192033114226e-32
3.9097834145421047
.8839297406400105
.22057626901288083
29531149721194798e-34
3.965342003805414
.8776521433662622
.21481145124733425
29576562989477663e-34
4.07641705527572
.8901252458168583
.21593494705743166
29021749782271256e-34
4.007695205594171
.8693798728490094
.21072210524936424
2891497920923959e-33
3.8620343858788533
.8573940216822463
.2150861210555743
2509478304269414e-33
3.5233981365053744
.7578501610608974
.18771246019586174
32209804707989357e-34
4.6976204170486735
1.0511724235129134
.24779393414058085
5375736221262479e-33
3.842102406639295
.8698879646397446
.2162852647304843
5681334875880305e-33
4.653884562775613
1.0016468972372607
.23452295720109947
527702660345449e-32
4.689127717505731
.9694746746638456
.2239782328469922
5819775530052078e-33
5.071192136055125
1.0898938427082137
.24525179474124892
625383583400573e-32
5.255883961143226
1.1627814728105619
.26283582735770833
5600853657561478e-33
4.655700273004927
1.041435146067254
.2420512595488633
5366146181385697e-33
4.136841755028922
.9346850552736473
.22765131212755196
5173635893171563e-33
3.997670305099274
.8889908588826347
.21830990496912814
5082027708624423e-33
3.744279963831987
.8424020266588991
.21237977787543458
5685505726338099e-33
5.017470728510997
1.1052614088227595
.2537741276104545
5865295965674449e-33
5.391993746757885
1.1807114487967447
.26453806077882597
5133480448823512e-33
4.393175090078385
.9361840481490564
.22317915529413798
53132135069869256e-34
4.559654223504785
.9759923928229306
.23161588091707758
591345057838999e-32
5.38281449788243
1.1817308616516884
.265634420605895
5291817041241125e-33
4.233659433318189
.9287209381993357
.22801143193004178
5196613214625687e-33
4.191110147827665
.9251674791322174
.22481820456924473
53787114371096146e-34
4.276951611049728
.9575209327088595
.23280714302889394
40778000996003715e-34
2.680613423078936
.6231330703069116
.16764265001823495
40501676703938946e-34
3.3163826846422797
.6959073871553451
.1773481703326904
34199262464493144e-34
2.5962586010154696
.5546321259824661
.1464294896461125
2619661683462682e-33
2.221068915514209
.5235257810032975
.143046047014981
2651831634818604e-33
2.9850541265518395
.6047981099193815
.1553481432301289
27714158423845203e-34
2.9991434100908028
.6200451395880904
.1600659477445562
28945768678723158e-34
3.226739800054244
.6740357386514023
.16938893863950907
29795003710955705e-34
3.184077388806366
.6736306910147933
.1710544429873041
30558735110599095e-34
3.5652543406205925
.7174463341591161
.17745821514045795
28098330432457253e-34
2.9235681570995116
.6205859427291852
.1602823773933656
32089255342835076e-34
3.953113377992517
.7766720180791927
.18702944925689852
32200469180602855e-34
4.309377139882555
.8286059579063829
.19438853125189542
34988130706805166e-34
4.63512064035082
.8953231638670256
.20706590383286405
3437001320312195e-33
4.593603531789859
.8781640232712716
.20329169567348013
3651436768672907e-33
4.781410760382407
.9455312258635382
.21717221897236672
377027427887878e-32
4.415508263850771
.9206485176551782
.22100917864882885
3534033141195773e-33
4.793963549054103
.9237435720106631
.21056146422837782
32882678531634293e-34
4.264856234945205
.8146865533898191
.19271776110459293
3831642521846573e-33
4.750309495109417
.9801696854071007
.22754186372097024
3752275519967953e-33
4.551947274514375
.9353258412764908
.2209946775947872
3793653547713581e-33
4.338108331674361
.9069128344733521
.22067332898650888
39342509636226554e-34
4.631722610973506
.9676304565039545
.23091349737310976
4005580102468051e-33
4.790711384575324
1.0027235325482469
.23645797374398936
3989921742733546e-33
4.855405937720555
1.0138435270373023
.23661313071298018
3943538905509131e-33
4.908247012819857
1.0242042774458804
.23545529382220676
3469689435763032e-33
4.064498743434202
.845525729394058
.20405162920242248
3735802062843761e-33
4.105104429660232
.9018146902262276
.2199610206604531
3612880477262817e-33
3.5334503800193655
.8122267533156746
.20820562801171488
31626980819291353e-34
2.5690693871966803
.6425521654187257
.1767383034803138
358624615794536e-32
2.9678833471287387
.752322696889242
.2027853439734676
3410855575268644e-33
2.7982211738742433
.7081505956719604
.19213156212920043
33719654356582356e-34
2.6209878312418784
.6852851709416145
.1887448559710957
3260472354932258e-33
2.6369533028620125
.6756613295294522
.18359908796876187
3020292864760991e-33
2.5415475989779623
.6646858752433144
.18181666150582595
31987441397161813e-34
2.781856102734021
.7117913844363312
.1912139485199616
31264809318622425e-34
2.503373714183121
.6669964591225928
.1846305616820216
33048933294378628e-34
2.6458254479595604
.7011670035713338
.19269148340639522
31637333658639766e-34
2.6524729667927485
.6768889255932617
.18442905574618998
28545290383534144e-34
2.0293394757687926
.562109982968675
.16205639931424087
26134177743399143e-34
1.917720381833894
.5169549103683444
.1479208469971846
27002813417038527e-34
2.1803232201292917
.558984234246567
.15500300425120783
2484116124505287e-33
1.8214068428638732
.49703496753386545
.14270327060148447
24925607065752726e-34
1.6699279732837173
.47567528250317553
.1394467927420758
2491570931844968e-33
1.6988104768231036
.479898773750751
.13982876244610826
2259683841093649e-33
1.4989511191183582
.4280829814987171
.12610620120334637
2481097868914846e-33
1.6554901305141425
.4737140255959384
.13888965376021983
23865823178083594e-34
1.6194953734476392
.4582194942976657
.1338346430815764
23029809973963053e-34
1.583091614900378
.4436938773277468
.12924747396871603
22767477193108177e-34
1.5737583289599086
.4376036564525366
.12762509653072882
242020566079079e-32
1.7354358410521005
.475498753629793
.13669203498665702
28233845835254244e-34
2.0495498089927344
.5609099416491655
.16004437040558597
2842349092656285e-33
1.8451828291869796
.5375404730679079
.15855945257254322
27566906875709674e-34
1.7859835010992613
.5187343858567038
.15346806925886414
26694308675874327e-34
1.6510465276286965
.49587880526916717
.14911795986736046
21753242412400382e-34
1.2614019165070929
.38973136333603525
.11995179626418806
20918400665365686e-34
1.2163475815740146
.3754838351389678
.11565697462333027
19809971314037014e-34
1.2396928425565998
.3640512450962454
.11025182750237009
19444100825288626e-34
1.1503339353651543
.34939888815390063
.10731107427591004
18390843643310474e-34
1.1086573444609134
.3329471013331965
.10166501753135063
2032935734467938e-33
1.2415330685955461
.37147418764610274
.11276766144599397
1992603671083104e-33
1.1239854759172727
.3532928801568693
.10946615151814974
2108656567957658e-33
1.204415291886436
.37619873175874263
.11611316276394523
2302223177015351e-33
1.444679092284175
.4284847977187227
.1286654278239366
21418867981138115e-34
1.344794563264068
.398333997950445
.11965351728095103
2117473061436879e-33
1.25684604328133
.3838842015512509
.11744572858803588
22482577343935614e-34
1.3735314219383576
.41378264756147853
.12535821721528265
2181776903606746e-33
1.2767919323679713
.39454974339926824
.12094644571577132
21011501908229082e-34
1.1819889729218425
.3742557308079249
.11591040282315246
2363380262819244e-33
1.2833456203644296
.41680719624021584
.13002046533962106
2153081450303511e-33
1.3167722734307146
.39655802113260763
.12007580239370921
2164318949031079e-33
1.268940642477037
.39206201431618315
.12005850250355721
20836778725098147e-34
1.1751049850810455
.37163029509819867
.115000062196561
2070939834263746e-33
1.1245703097508248
.3644999718589925
.11382773006937336
2204912004661737e-33
1.266017862283069
.39784176219007833
.12221731778269328
19567868635368183e-34
1.2030535047155706
.36113048101677103
.1091983478010313
21305506541181946e-34
1.2797566674191214
.3899758945709106
.11859378492795315
20846714132034494e-34
1.2189395172551654
.37816049023860066
.11572593725138323
19905708531265517e-34
1.1984627048437648
.3638958405747815
.11072994683282802
2068518391188082e-33
1.2185598655759413
.3762445247067162
.11492588048467117
2072133786896208e-33
1.2602202310349027
.38088405132219355
.1154894557145532
21610105956481662e-34
1.3856171023918338
.4064905177651562
.12136347230216125
22919839267324387e-34
1.4802236355999325
.43466603042341845
.12912991614022282
20618186267238406e-34
1.3271899380701204
.38911171442285936
.11593624125890123
2030010738638897e-33
1.2555225830662233
.37807828453274994
.11370380478305342
1840841453415515e-33
1.1744171561681735
.3434263902542076
.10304317514130848
20203522567967588e-34
1.3578580370021895
.3859736960362657
.11398528881083489
2086520737154273e-33
1.4253620427662024
.40504749296088916
.11843158306096306
2304729210079361e-33
1.5444996406944314
.4458911687366123
.1307426818170551
2130312177715221e-33
1.4897095908059352
.4177495867545051
.121308251866967
24453007225908645e-34
1.6693464887535356
.47835082507665594
.13925500135051117
26243233144895117e-34
1.748082135128657
.5113982613221423
.1493849906728448
26774450785339844e-34
1.7792253369270596
.5203472247818907
.1522477618564613
2476640367311456e-33
1.6217821815898061
.4780967191260611
.140521128024152
2547411097880258e-33
1.636758428241469
.48972211706916313
.14441718509568546
24152884748788196e-34
1.5006729716644467
.4540898257230256
.1358156346677451
27057964632050507e-34
1.6577811224335455
.5093531817495544
.15235302543910015
2397756135967616e-33
1.6425623666763318
.4706232540835934
.13672124916907652
2375072648666482e-33
1.7411012816543812
.47950709679379816
.13661789471705496
25542229260005243e-34
2.0255160458549604
.5373197617513384
.14890762923077083
26239635592730387e-34
1.840946995575534
.5239026621658168
.15054712074262394
24821891926180983e-34
1.721518833091813
.49100052410674233
.14192416252918183
24844458054793904e-34
1.8437663268365865
.5059547274455543
.1433476257227312
22653693850519642e-34
1.6369309550366846
.4519832236774091
.12974872738810644
22695359495362797e-34
1.6952809305567424
.45838053710483184
.13045798968819794
202097470699644e-32
1.422298088015517
.39394719527643657
.11476545247370372
20432016062502232e-34
1.4209741115670709
.3968090555074531
.11590555513964809
2040612943314088e-33
1.399353876476341
.39473956814269323
.11563485984524484
19719535502195947e-34
1.3213287553670034
.3768209146323265
.11127998077355601
20798749847134417e-34
1.3547812173328413
.39274084287110267
.11692014094633793
1993089468332173e-33
1.272774462946409
.373152847470892
.11172910544693553
203789741978142e-32
1.3497032041802575
.3894926310391002
.11506697425448459
2196819894095446e-33
1.493089682389514
.42474020830078624
.1245074006873186
24794207537176237e-34
1.7307520524225162
.48702027796064135
.1412982529626832
2434264444950946e-33
1.5671605632672363
.46189527858152724
.13719768655274903
2348084551280688e-33
1.5675077271112414
.4496631113594491
.13264657627047882
2550902764761705e-33
1.778395700565704
.49820477593808216
.14503111605701566
2368101128860421e-33
1.5669414658288856
.4513107945369354
.13355483556341452
20426498151490672e-34
1.4313331310651705
.39531637163798306
.11567314759295735
23844986802027682e-34
1.5573941281128643
.4555887066584688
.13470382866165936
23074055600348646e-34
1.5674944141772222
.4441738492448798
.13053732344930727
23948150405109605e-34
1.6407426139112014
.4648925844375959
.13591273023213812
24498972433129e-31
1.6174647470525096
.4705751683034996
.13864521028282098
2363544405716371e-33
1.4954125024485934
.445003477630143
.13287161408492612
23672834845506908e-34
1.5592911139304761
.4538400376493675
.1338744463985
22189473487342714e-34
1.522647418021128
.429621506129845
.12578419744243682
22283996932681826e-34
1.454468115458606
.42359702899318286
.12561363835888076
2601989809127787e-33
1.7930689442187906
.5087522167011937
.14808161999530384
273256121522942e-32
1.7542385276946988
.5201741464120384
.15424785589905196
26648281319237626e-34
1.637526232973457
.49701969052021727
.14940153336729697
24712563487086046e-34
1.5552266331268543
.4629966151364436
.1386644259918212
24949340667142445e-34
1.6177202490303064
.47352759615583173
.14058625139178801
2759640367834915e-33
1.963797868588719
.5492326692846916
.15800381398083888
2660842333885795e-33
1.9394279434764818
.5356337303453864
.15290903394569472
23938893508027364e-34
1.6404665089479953
.4652504751694772
.13592522123083964
23116425461421628e-34
1.5709897038790261
.44822517612022245
.13117498601500005
22384453348738374e-34
1.5177444505794413
.4341835568945145
.1270534617542269
2314008924019377e-33
1.594525167274484
.45367947726710967
.13184565911918938
20832293406345372e-34
1.4734822078307372
.40897415019256517
.11862461244052892
