0
33.17069336560885
8.147777777511559
.7289577591624491
0
36.11629700167905
9.024779185656326
.9023519315588402
13036621088358371e-36
39.521375725100434
8.1510615467554
.8337094047447052
11504925889192757e-36
37.20498008122216
9.10309561881377
.7748264594206556
1895238079213275e-36
40.28062819158674
19.154158384536633
1.7138741618479776
9895293957824945e-35
40.1141904667337
26.545233934862154
8.850907709136743
5758476709430163e-36
42.21626100492541
30.132000255591223
10.520699933209753
30283128307200587e-36
39.44118155073138
29.09006164603985
12.847936169017371
13369160031366204e-36
39.90663655594558
28.662534705434123
12.275994240901952
9236274555859387e-35
38.06136236525327
27.09147352000109
12.729622223068295
5552115079312022e-35
36.244363702757504
24.48506720496762
8.84844594798998
1833139339878517e-33
37.57694422625581
27.799329797641743
13.441789822730712
2455264982373837e-33
37.59970716778455
23.632746259717756
5.347084200951406
5712998782559204e-34
38.955221220364024
18.05049437876765
1.8057066867054101
25405461392003053e-35
39.519082863128915
10.262108118854151
1.0778184968548403
8153493228291737e-33
35.65680175668678
13.519928480958592
1.4306333732433858
9630713757016065e-33
37.82754382526614
12.028144686141623
1.2567911218813606
7162063747456984e-35
7.088501986016617
.10981746490718199
.02563567472181402
20876460257411505e-35
3.095806090727746
.06792606988210179
.017477229679105605
19206154229883505e-35
2.2313483684657247
.05027254834712093
.013074426140917533
12256976082449732e-34
2.876242421955823
.09294040010090336
.025616394392323907
500861723587145e-31
6.797602834360819
.2378826837220141
.07037802032600969
5092237270169272e-31
9.795308025274203
.4427758923357672
.13740045022666172
4827880028632382e-32
10.160609368697882
.34367020947577714
.09993424634717621
37898931048903173e-32
25.300862185019014
1.1127196884696302
.3062050606857824
2856688526600527e-31
24.287644355469226
1.2356171827087619
.33124114645231223
3544736076771919e-32
32.103348476858855
1.4718620708225163
.3354002834859379
46272694300698183e-33
36.44177231172907
2.6186163272412633
.6095388220649673
34839871488924434e-31
41.83841623507817
6.029720830361114
1.510479224242054
1943556985869222e-29
41.38563144506654
6.451065877180549
1.7401927693254957
1704432503771516e-30
41.348264759306886
5.147682810470087
1.2130604235635387
1732988785554254e-30
44.667450679042155
24.965658513921102
5.021463560263585
7216328087708322e-31
43.78181672621987
24.470621874748343
5.0353524119119975
14052214965553356e-31
42.23714133410853
23.901671143430335
4.336152185637303
7690219806234161e-30
42.76572068972996
24.619926811325538
5.820758943663722
3899244164011216e-30
37.37925373304771
5.6137716254957075
.9948791456214184
7197151768645403e-30
37.227472216796876
4.524617770231321
.8166208848098492
15622978558103346e-31
33.86839297778833
3.2166056443327955
.6550814886079905
9690263724161022e-31
27.90108792766342
1.6467741316254996
.3650082141502929
380957786807063e-31
27.853050697655995
1.3373397107360054
.3101355639802435
16352684837365072e-32
39.19549991182374
3.875896256000545
.8121151177739314
54651579650161787e-33
24.375752050070233
.8477796896324692
.19855583641645494
504552964051324e-30
24.73741466924935
.9597806135711034
.23139814946065254
1517073554191239e-30
25.24574968585883
1.1147425874267494
.3067888633284383
19485215746608033e-31
29.950155948581124
1.546373276502126
.4050254067371667
2719806452575211e-30
29.213033775888075
1.560574032216049
.42990372678333966
7133540782818302e-32
26.845402997238022
1.0987673587953335
.2253166532865929
776595461749274e-31
31.483414995975405
2.8542965100634734
.4737162982712057
55680208837268376e-31
31.192220074732635
4.770981569647559
.9070380705840709
26977225060614643e-31
28.19476285464313
2.6713555114395326
.5840862536527917
1144628557700885e-30
26.75924832475217
2.7123561714472078
.506816196084084
3758107253695882e-31
30.781859843723215
2.853106838355946
.5059184499849664
28062208034405925e-32
34.085564888786315
3.5653759030365197
.5246141792673519
16847446113377805e-31
34.50423692371446
7.449349769580109
1.1165455383549607
6337809777727262e-31
30.996761506299947
6.045735402684839
.8044729416131756
188370454086946e-28
28.67969371433219
5.1759438592496965
.9177938057367302
16662214885851095e-30
28.828008593984062
4.673264448182383
.7792038692714625
3937190571287451e-30
31.167456646512157
5.8730141408140435
.9591137433868581
5491658174152786e-30
30.307816289062067
6.157096773906086
1.1161989601736402
21880080991474223e-30
26.926827018189304
5.550977163878388
1.0387982007280552
2013154305430429e-29
26.817184651025233
4.6789915749452
.9531973092539219
10145636811777724e-30
23.449705359940157
2.109347030769774
.45012149114066385
7125180259076197e-30
21.267710219649597
1.6287879865374204
.3230797071606828
14652685462312756e-32
22.373747095393846
1.1080708404845663
.17641828135136894
21449612458446023e-33
26.32336868644522
1.7299801911492145
.22820014571673447
1442863532807778e-32
24.584273182135895
1.3863894581309397
.20050946886775198
4817373271158288e-32
21.340666191861917
1.2009749858075887
.19311025481001715
25269985218383817e-33
23.515815408573918
1.3494216435961326
.23840373152352823
5494338738365165e-31
23.028732156235755
1.2831434090099778
.26211602189238586
17864642726203836e-32
20.293588769223515
1.0571061743242416
.21717224159281748
13568957364401424e-32
20.87038965575736
1.0094060161448888
.20854650634840224
8017460314184419e-32
18.557561294332
.699181573932234
.15390579138029556
1653414671550319e-32
17.894084434141405
.5247326932307332
.10577250557815476
22465568692867468e-33
18.49285339676999
.5858517604659154
.11745037698734759
3198847808142931e-33
18.087298645018453
.5197232450215666
.09900225884815642
12023821051517965e-34
18.47058627245251
.5206070678012855
.08714819544487921
18576621515125784e-34
17.59986995960776
.4141375804990423
.07626231014989755
7283742634422317e-35
17.71710748988575
.3727999634211878
.05539914808511885
3578577492931453e-34
17.573089415233174
.37863261945589105
.06882172243264535
6250672934087728e-35
19.780946158960834
.5198835213460733
.09107001479515854
2803125563925128e-35
18.885306147606848
.40258114564690367
.06703593000135302
14737184603475595e-35
20.562523330682293
.7968365627838736
.13363269578833384
10020647368605858e-36
23.009069510310685
.9083306650695357
.1423687464729969
14092061154217447e-38
19.59520623851477
.2733148822166464
.03749568261884582
26935778075504124e-38
19.46827509878905
.24964466209075264
.036173826850087375
11034686282589095e-36
20.253893867014707
.4189133161034864
.06791000101651738
3727987918132834e-36
19.030719916167623
.240170481472919
.04064069918614697
34414744667059557e-35
18.83096297130322
.4076691567502741
.0757420863649006
7545940941471029e-34
23.250260337664127
.7691045985153411
.14608836502421008
10578128906959081e-33
22.538769957811574
.9601227855601411
.20385989406342137
47077980577810876e-34
24.677239555585803
1.8989995876071295
.3480559159185875
30843963793037485e-34
24.272017429641608
1.4808432091672667
.28816636468466866
12194963677140504e-32
24.552488459969545
1.9540576579758162
.4395118663769396
6171412757582189e-32
24.782143239161677
1.9317067682389955
.3645540633109421
57261370352039505e-34
24.737582701279443
1.2742459552487706
.19106237420941044
2424119563851969e-33
26.446027896420425
1.8372577551789537
.2126093136667167
142637089756817e-33
25.750700278463917
2.0368118989071484
.18512605366414372
5859223064975655e-34
23.718751554696958
1.1313812669389043
.1449639346795119
19493005433250144e-35
24.211896518205062
.7464772954849402
.10624218576885146
9902231030955288e-34
25.250378157091905
.8375640406984745
.12656345328755825
26223636177044974e-35
26.302890086471326
1.2542660236847012
.15899751246718985
15989662401927807e-35
25.765563670425085
.914918378975494
.14114826183751145
14672524392963392e-35
26.116098586007013
1.0868542134830979
.14476837570326706
5239866690317724e-35
25.365532959929638
.7531846262545088
.09580643549001643
4964438633595552e-34
28.784798822428403
1.3471855408906586
.14505934931110892
4239480832328773e-32
27.425886602729655
1.7189326114808396
.22869634943946215
27964350314243445e-34
27.073047790108344
.9443821064245737
.12802136654159085
29485696915613657e-35
28.363057852904998
.9364167537714025
.1166946324189811
3063624898542543e-34
28.26298617632072
.6837148746290732
.08697664493776495
5747480638326453e-33
27.186763082919594
.6618598634506453
.10508392521050135
5454776043499031e-33
28.931278914066286
1.1601471972022799
.15755560290228984
8498686175120619e-33
28.06752318284766
1.1025077380440642
.1515673846085993
59408380145006855e-34
27.319097608978698
.873539672431648
.1346042376549625
3945317728750204e-34
25.63071963381523
.38499814883659583
.06273887795973036
12313175849063999e-33
27.233715668219997
1.0440285653349135
.16047515405852758
10386947434275919e-34
31.23936497743078
1.4959092882212734
.19621238687961562
26555303663487125e-35
29.83203375941853
1.4535278099801907
.1663124738465749
3615345952321605e-33
30.631069731680142
1.8604411631348592
.21517241398436612
6673947698136169e-34
27.628070219201415
1.173656210776553
.14050383509038775
1223091028340925e-33
26.597326137221078
.9459310649637115
.11164277825417201
2785293805705438e-33
26.987684880459994
1.4604795358046996
.1515796627633807
729330755897007e-32
28.378580651325528
2.547592570402955
.23056734335984824
2721739175175491e-32
29.88842722900077
3.228148458975706
.32465432411912276
8638491431640478e-34
29.20545378712967
2.3444691776478033
.21617696763947006
9806263229240756e-34
27.87555405079075
4.684053352846237
.3837911025690774
27873841026795766e-33
28.917349145920312
4.946951100019872
.5568177493267829
2059228577079993e-32
26.27635061836625
4.372363474630399
.4602392842010548
1287414037695583e-32
26.114895660810593
4.072034965033268
.4780347563368794
30918500498284395e-33
26.433892364154104
4.553896486468806
.48324200172130094
4291630846914282e-33
27.728287786658427
2.876866501398228
.30632485117372626
2526946142332108e-33
28.1342450798983
5.402455445008214
.44260430847420795
1649636358482184e-32
27.65697164053387
2.6647132490307786
.2725061844816876
10631368178292369e-32
27.02187537340687
4.856380862423743
.46339049896743234
10223673589135026e-33
28.307329671488134
4.617433201906411
.3502153039638654
23027761255914538e-33
27.033357500241138
4.207840226979389
.3821319999197263
307203850462581e-30
26.32904024395985
3.310870530743477
.3818445434310935
2657329234161618e-31
28.451264380336934
3.1743111278325755
.40869415248301577
907017283295449e-30
27.679324568151163
5.93910420473657
.6745342280764571
437812642433083e-29
27.762967545993277
5.215109727834812
.6931224153024041
9640144339530377e-31
26.920414841805396
8.031643575481175
.7947036099591211
3831060713804121e-32
29.205522932081585
8.658644855702946
.6493229413840179
34677724831244404e-32
24.101928021330316
1.9186332590206572
.1757724486333588
1441057164655859e-31
20.212558744327406
1.2072291367916732
.09299590401458842
6257931424219755e-31
20.556781431071787
2.065907857560989
.11646931681874319
6072873590765584e-30
17.574237538195888
1.732990062052184
.12076088104448798
28859945340658717e-31
16.938689560915503
1.7403034194528262
.0992073548118972
1527686956337645e-31
15.650531274776519
1.230746398904478
.04975654592109798
38322375569763014e-31
19.104537041245457
1.8818227079942438
.12218451886229029
4099681632186533e-30
20.3460941836067
1.7455843859011826
.1271323461703098
20001580360157895e-30
23.18616072222637
3.4720191303913213
.26895268875708894
7493981797716629e-30
22.900549832560802
1.7815583641783175
.216874907901504
16253751216683e-28
23.530128391360723
1.2705358950904215
.16429700454802723
10559487531589522e-32
22.485280514147505
.7605762970369673
.08263555119442346
5860344669450248e-30
24.902019007931212
1.9198127610088704
.22607280846353603
4813152056278364e-30
22.675000753662385
1.0335557794716814
.19808213445780903
3425463156092164e-30
22.93214282164168
.9717030348190979
.17858324295170047
5980393541304061e-31
24.54886719005358
1.008335947996199
.1562146925073234
4303123395415485e-30
24.470922283494822
.9281297299143435
.18512486304139977
1921360707073727e-29
24.153833906126696
1.0326865501562417
.22696484199674236
26363760814951056e-30
23.766726895664185
1.297099013544747
.2806750829169928
6781535967003656e-28
23.072567081801896
1.9083857083339626
.5136125102897732
25738516350178064e-28
22.684104644181744
2.082947786131847
.5854079788961838
2759756715141534e-27
21.60886402668702
2.139993455782905
.6540084167170457
18386704857941583e-28
21.44796398859305
2.1123008257063733
.64547759400782
13651598637443974e-28
21.86730196075238
2.526384003681197
.7519219000459009
13464349614934228e-28
21.38649986755492
2.1813601549736537
.6469947913890642
4526891741800135e-28
21.86806972687631
2.0658082264877082
.5846598962249631
1738956599629645e-28
25.92139339335335
4.003393294194995
.9013905807784008
8411345123534785e-29
29.037595143252116
5.128180210829267
1.181714388928517
34005432395953465e-29
30.80912825957647
8.618876480507394
1.9810678949791618
8415716576480541e-30
30.782563726270695
8.368904717383286
1.4586801731166685
3315650471457081e-29
30.638396117644415
11.665307020677359
2.2162495531051603
7311444952488807e-31
31.058416855376375
7.01861140177423
1.10368666911216
6076301212226405e-32
31.433226685297623
4.046064201443234
.6374530605262135
3643141277140267e-31
30.253877705320452
7.149926892312819
.9516332528267678
2647228435312597e-32
31.050121738475926
5.037298510212272
.6564395851012288
23574301955154555e-32
32.3350055123289
7.581935907084783
1.3699463881295213
9071665726727023e-31
29.670926423097143
9.284444941715568
1.5417854319407882
13041755594577607e-31
28.20148020801687
5.738324007835415
1.0541093177580074
462214112241813e-28
26.081520869913295
9.19672874124636
1.8477901582317213
22134275074510604e-30
22.864704058239305
4.379043760816411
1.3411456665746115
7951318659782861e-29
21.380087761755647
4.101388453098551
1.317592663535457
6788426424284908e-30
20.92757078415351
3.292782656916736
.9653721285595626
10405039302470576e-31
22.823604658314895
4.294777480628051
1.1351274066305759
15667365100189212e-31
13.372855795144487
.6456609510392632
.1719598431829887
20704869176817725e-31
15.232242430096893
.6667124167294153
.17036700888659218
16738832933829118e-30
11.98416982148058
.616365596526109
.1761354037802528
11077680779258242e-31
13.342111553967944
.5836622924366456
.1510937878676768
8819177172035633e-31
11.337313840923697
.44110437061463165
.1112977407997441
2546212975685144e-33
10.369992584493987
.1301374949243616
.024468539746927972
47544701426573745e-32
26.055887927154714
10.937654754717967
2.111036300565216
6274846131229542e-31
27.29602892786774
13.573386582636102
3.006125215835993
52062686558809885e-34
26.67650671053408
6.5125474516990005
1.1624069250311446
1397245486271164e-32
25.978973183111208
5.464363751214845
1.0143157739921227
1128725429045677e-31
27.686790568686753
8.231387499153035
.8129132001072127
19578718669590063e-30
29.226534905720413
13.884015520193858
3.1092622724257453
3700402032359291e-30
28.298172098811
10.252122802220052
.9848032424102121
8963164518950898e-29
29.03034369181759
9.643440508324643
1.252710165247711
42170146345071045e-30
26.751558625853377
4.650504790909155
.9785019486663923
25976954027505916e-31
22.715505007252986
2.0715449088934808
.4634992515405914
666052754386869e-30
27.26518596697987
3.2066625701217757
.5831269334269379
2545282633260434e-32
29.84060110444469
4.512902252102478
.5276234100212354
13201446608799512e-32
25.10867696804487
1.976763542030882
.3886800803885193
19046563545995065e-33
27.424413867359764
2.2719154275068627
.39011213254952104
2330997213078806e-31
30.96986957738089
4.0484245488760955
.7146412266752473
37362302123269017e-32
30.37165801119757
4.435146673803712
.8191543537995033
1926342774142055e-30
30.691751216707807
4.450758801088127
.8237079887185507
14056263564476747e-31
28.858123579864348
3.0164378278873385
.5828757475439957
26595106853211235e-32
32.636512400605795
3.4826832308504945
.5577359441183052
6211654692364176e-32
31.464194442386272
2.731309047810406
.47176258389810793
5636812070168798e-32
30.072737634048273
2.400534799977483
.450237038653846
12174250221308219e-30
29.423086155969564
4.041260716836696
.8882079578149596
23298873808204784e-30
32.548563144255816
7.608955667198676
1.4779626113277466
6737399182510123e-29
38.27569221128578
15.412872029465301
3.091866609069264
147060043268174e-28
37.109612033454944
17.10751153775389
3.488032314333185
7014803948567617e-29
34.14700193655554
17.879481309262875
4.966331716231715
13931180296354564e-29
32.75724399214368
18.66879888535796
6.073049644410659
1829730334277689e-29
32.48282187021156
16.789732502515506
4.0946409753673745
14459905979518158e-30
30.01200481941761
21.3183829110636
10.117313215932283
9947219430225554e-29
30.004516914147406
22.014137397668275
12.479003071895027
35848078440010595e-31
31.421339148191795
23.19573332548632
12.302893426177334
3809276051002441e-30
31.306240483984926
29.04876079446585
23.645044426895694
38075468476562146e-32
30.68995493097864
26.407881347749996
18.328316609400115
28406002813068916e-29
29.25781475277815
28.65832778482388
26.603197451874088
1226220519603011e-27
28.919676721705496
27.46458846388085
23.80145656516119
39964893972564077e-29
27.486419336549915
24.329546858837446
18.72682441059721
8479102483001347e-29
27.140367811846655
23.49290935705385
16.5014931556354
775918716341993e-29
30.100493911666582
27.498903502323262
20.938863338613462
7281476875112131e-28
29.294814600797764
26.7725379454902
21.431320727045186
18767227793992085e-30
30.681650501551694
28.26579335757529
22.255913808507913
6355362895970014e-31
31.054605796618045
24.38527413327706
12.07548958118524
15755208885320058e-31
33.657718687540424
30.546969037202025
23.118713986984414
879340986788805e-29
35.38618344601933
28.43550290155329
15.862951872917266
2017176925381515e-29
35.51117217913569
27.818275549141614
13.384077330775606
30669870630842204e-30
36.0406301744583
30.38771485421746
19.633270351272042
28689329369057205e-30
37.00257621246421
29.985727846990173
19.133629479705178
923330299511504e-26
41.16417618797266
29.89084210311083
17.302529370365868
8576592699063498e-26
43.338021345819385
32.10818728227822
20.685902638971935
8184154884305112e-26
46.72881879049927
40.36272288256416
30.73156149214034
21577150441247482e-27
47.38107541170472
40.636557771593665
30.874330256082676
47232511235324596e-27
47.74753484468649
37.98636159230904
26.406931024290046
8125103915005906e-26
47.1921743812399
32.845590598685995
18.08122364455124
6393341248019493e-26
48.672585341583904
35.46304665666066
20.72676120341701
12565665617745026e-27
46.93903382367098
23.74677496963145
7.268800271817274
8104654155246617e-27
46.61107429563699
21.063450038225113
6.130415933973426
7548953345543268e-27
47.20533134255672
21.952991345790938
6.267297637188321
31852292675031176e-28
47.5957796937909
25.66895172032971
7.473817271978385
291533009051461e-26
45.87921401958491
23.764578324772508
7.083205833192434
32247162176718113e-28
46.854823324163625
27.495292605494186
9.628974206225891
917081065649195e-26
44.472034783852756
24.93211003253669
8.537841052156262
13276195310486643e-27
47.6248908341737
29.961055015803716
12.628542376991469
41679863799727196e-27
48.231251227428814
32.325038473238614
15.206169092447546
3130277289744037e-26
48.58209827240067
27.134621896100093
9.258119844053859
404356181265225e-25
48.10673747474133
29.74424855919472
11.624205847541607
5478433106312654e-27
48.27961880371606
28.48786438152084
8.485321955133879
1025979204083974e-27
46.33265221439367
16.799931580899436
4.0819166271837934
24443735253014835e-27
45.55821189079573
20.189204416909064
5.736836267325447
20192299525152515e-28
46.97413775906588
19.88553037274273
4.650804422309432
23411266621127756e-29
44.19725249974406
11.93993486305606
2.4054780972536953
3689218261704926e-29
39.07858757207647
9.505932250547112
1.760376145679057
20736887423816083e-28
39.085258578215274
10.480936620135985
2.2128188707682064
13034102343919042e-27
36.55109210791911
10.756697716827995
2.6346487546900277
17516785217878533e-27
37.00452093577376
16.540483241966623
4.313062385754842
19729270326461086e-27
36.92441504853449
18.256466486359052
4.911446125467143
1839050310541735e-26
34.6524444447868
16.7651939749418
4.544827644082554
19058575457819623e-27
34.87161830969868
17.45588759528465
4.824591210278755
17429465506925308e-27
33.31815063747775
16.824137906854926
4.5604461815970705
18121205624735414e-27
32.005259140938215
16.0728444517106
4.524421149951486
6637097042458463e-27
30.86627487252879
12.854603089070157
2.958410888311315
13132109022071612e-27
30.213500841770568
12.809181938108498
3.1823442209497412
8335019669065542e-28
33.14132464127078
15.783763236776554
3.1774823247097626
6915192585170418e-29
33.79108314291487
14.632717847929321
2.1896180703339683
61789153193267e-27
32.013102057490634
14.561146401284708
2.17461773742479
13794715462004751e-30
32.49447193228676
17.621111376193777
2.6396458472852187
1526543762367655e-29
34.03852698634277
23.343095264669024
5.962544717774082
5475483657547265e-30
32.538401641937135
23.53405347777249
8.026921323604476
3865103226090064e-29
33.20542925863595
25.15518649565212
9.598681605616129
9079531824893295e-30
31.774785587413973
20.887230942659563
3.292118381157382
3098780793464473e-29
32.20045753596449
20.21185706724969
3.02752741499966
9081518603366036e-29
33.47266360874293
21.22028137567756
4.693749289037424
1417757484765536e-27
35.37901252365289
22.901354398960894
6.56933577375062
1896597547284178e-28
35.06511826717587
21.05586537217261
4.001379983253564
6867343292940097e-28
36.05521034214258
24.942512092045245
8.333885946526522
2619013046095592e-28
36.86521179097221
24.930277394510515
7.816422526910471
4424225679110776e-29
34.2509266599996
17.272440809632204
2.4373238395776267
1146834016827944e-27
33.93150814738481
22.67393191470257
7.924482387187317
730807840864126e-26
32.71693607052077
18.838110728571916
5.273840117405826
9365944530801612e-28
31.67256547634656
21.85306690343086
7.5490002238793785
7950693975442064e-28
30.82683644063044
23.198690200384053
11.712882583307426
5492067860316267e-28
31.342255477365754
26.409811682273094
16.56515463179742
3949404016773675e-27
32.9674431073771
28.798569446752154
20.19295353859084
24682373105472225e-28
30.49864787807951
25.36620660061395
16.05571235174322
4372516583205238e-27
31.128408744213072
23.280105068041088
11.284399122183743
9670254547852602e-27
32.94116430496701
26.93025769033141
16.584715426102147
7289606988564684e-27
35.038336412523826
27.434947117397833
16.261330790447214
26956454145510593e-27
35.119529309977175
26.01547129407506
14.849344924741423
26652446464169647e-27
34.98330458787516
26.645058071228718
15.848393776713044
20937221905377608e-27
35.05867726461405
23.3150378278734
11.636356011495554
1319579396751609e-26
32.957752866313356
17.426793355441145
4.441424023762372
15253184009139653e-27
31.532940788537687
18.730595757299277
6.584552269371723
17110125915699217e-27
34.94741301472539
21.858008223909895
9.967906038292906
16194495724784433e-27
34.718693256674634
21.58640238887605
7.898774461041508
4986578031510756e-27
33.980523968185835
17.73132784849425
3.9587452991260847
6780009295305825e-27
31.765578278797225
16.04182975252953
3.0895456301575552
7177840507128156e-27
28.876761169998684
15.387409398549458
3.2594462655681022
11781062234312146e-27
28.776183740110568
14.69899665162277
3.6771377497126623
8420601217733293e-27
25.07991450071052
8.451753151251472
2.01531154999594
2919570983279479e-27
24.778407934536407
8.036337188630558
1.699862345298651
19274261730220425e-28
24.76061481497714
8.028505581629181
1.641856561217829
24953061017791626e-29
25.15498745240735
7.75535850264375
1.3034534105677673
27425804458498306e-29
25.7419627428575
9.050694150392298
1.5046632526342443
23525365917460332e-28
27.343807375274825
10.461561556380973
1.996484472270427
5781921963380703e-27
24.921487503322037
8.650036504736052
1.7811786569529406
18930037579428325e-28
25.12622602178124
8.077175325220502
1.426305716147206
620309352784635e-27
26.017259281806982
9.981617340276689
1.5158049503738409
6070110229320086e-28
26.623940919283417
10.88230840682535
1.647322857626392
7987715128788087e-28
28.086048658485492
10.503290805320095
1.6318429166789494
14528891800032929e-29
28.796834244145604
9.91800226043136
1.5006201496083214
7253571620432628e-29
30.24278875596968
14.245516673703067
2.0305704333051002
31745916082097285e-30
25.433718739073306
8.672336361365746
1.0782797410911205
10526813549370873e-29
25.40967092329004
11.023508021238483
1.5168232208252452
4575101750248478e-29
24.639327377805206
5.8962527996440635
.7565977458804346
7794859823362837e-30
26.19664408201275
8.230701518450658
.8393018770346738
720864726262562e-28
23.73865247493141
5.523569573929262
.7964703314146042
4912683334847765e-29
23.731291910054605
6.097389059706027
.8432519672870487
20799347312531634e-30
23.158489594465582
4.895086447883981
.7694371438323138
8732796087746207e-29
24.150758808741884
7.221503020213417
1.0921722864852763
23247282679813513e-29
25.158648026231177
8.258203524381667
1.3132031403342193
150402923140542e-27
25.031740455525348
6.9012903257889775
1.1464768752490941
4866663435382807e-29
24.012348305027214
5.360730557885201
.9836313866601394
12453596447242773e-30
23.506985075160372
4.0434352953680275
.7151335874411942
11662313569654233e-29
24.7913922983626
6.573671516611543
1.3559967197122733
9034417684126725e-29
23.934573806573486
5.440067893002305
1.0767119166590695
27607932957040148e-30
24.2647981902281
5.394953504528135
.9671709920040847
7793390483765378e-30
26.011323749349145
4.134648035624847
.663059440960381
14448247944836674e-30
27.505154618631256
7.1139716937860475
1.2400865737345732
31845619689777934e-28
28.11030341949334
12.695387497580269
3.894700411472891
8948536746437398e-28
27.945271416512462
14.880726386422513
4.405760127253808
15533831094068116e-28
29.6073785793087
16.78009974007559
5.925533753785535
6067946279927486e-27
29.385181650468216
20.212248187185697
11.26446454069336
26586242003075587e-29
27.684173282668077
16.19654770004731
4.898801844690714
20556987731413645e-29
30.385113100375925
16.89790633341379
4.618631500930841
25086380202234453e-28
34.028131701862584
20.016336596886624
8.216289940613567
2181070202550058e-27
32.37956467384802
22.89053038058732
12.863246583587584
5414856867520914e-27
30.724411883753145
21.835865293926854
12.32206871456063
4836360508824522e-27
31.415775890892906
20.797951362401268
10.553148609436473
6063864329394012e-27
34.15238559347684
18.905903387147095
7.053922936392021
22738844432665077e-27
34.3410793995044
19.087097136228408
7.115228091980375
27566685981616423e-27
35.597897176870745
20.789303518130154
9.056030509818106
5379739262395047e-26
37.868672579851584
28.314436912120975
18.833652089191023
22940198665983653e-27
33.386000085825124
25.061780372295445
16.078128032044024
13968420989064631e-27
34.32880567608978
24.4280262607101
14.377800382230863
11726181604918437e-27
31.97417099996347
19.16692459632032
8.292129172839342
5841157985609874e-27
34.58543492910873
21.61383622186977
11.106439022039106
5813307870346858e-27
31.93646548870414
22.615619018679784
13.90286379590988
22740105077670113e-28
32.782819899915445
22.54395511975973
13.420138247107808
3123952022141213e-28
32.25665030687216
17.566519171232457
4.530501448469831
7293827439653214e-28
29.59689133931969
14.122491904873232
3.4453595505561965
16194563918609897e-28
26.59577134375486
13.010333867376392
2.9850365858652546
2532251911209688e-27
28.809729948313183
16.277823372274547
4.979437880608273
5175987068840205e-28
26.578477745314473
14.475890461542065
3.2543071482232246
26593379437801323e-29
26.84288665993207
15.240798873597397
3.5758950710086217
55460677830742044e-30
26.438141745328792
13.543133431541618
2.7038805814905955
8311246164398028e-29
29.85120784802368
13.710788986005701
2.65023221876545
15212433785138295e-29
26.146001879827747
12.035238837031622
2.3461540520580777
4068902394272456e-30
26.71999590412207
7.392840443525417
1.0048591915390002
14050715781823297e-31
26.85600377547061
8.031450797759918
1.0696292313729696
7714104482866057e-30
25.40741678727358
10.146776419879057
1.5771241934430233
588612709914014e-29
26.69989979512497
12.345251273723212
1.9488762527427375
17902144024870902e-31
26.0850673829573
7.670866777015064
.9563336780406381
2324710673220145e-30
22.137505147264815
2.1497225511455396
.42168258976929845
4411236505520765e-31
26.07669432181125
2.520834409540068
.40327883757876387
11166524149615003e-31
24.404901184265178
2.2874286279131706
.4035213469274487
11075100315076718e-29
24.430823124301988
3.4874340758671893
.7001578096535904
13030530448468973e-32
25.068402641447285
2.1181744798159827
.31588400993924465
11345182608359014e-33
24.388256174079796
1.2883032884856667
.21249399303611932
1306382328803843e-31
24.38377108869944
1.706075560151832
.2829584952137639
725711815967691e-31
24.80388091639879
1.29094241128108
.231696204786358
12996305314011424e-32
25.434708446114932
1.1974599303095108
.23838828926497727
16692087843898722e-34
26.270235471143927
.7227951179463843
.12712595292492887
8258970424813295e-33
24.68627232125067
.7533412260293801
.13296494958848099
8926261211371696e-32
26.89668692881148
1.2564354992959081
.2256571747514375
2387063041348277e-32
25.423779255312585
.8622681161462525
.15111023925070996
26323855593462374e-32
23.086083690329257
1.0379260373636796
.19916890805636733
31063184319834946e-32
23.59523448366036
1.2317288589707474
.22787170065950088
6111364358485255e-32
22.666037416834843
.9029581348398459
.14780498867118178
10912233780279404e-33
24.243342056088064
.9479947298840541
.1473055905158469
2171829741361906e-33
24.063810818818894
.7753287095606471
.12061786930901319
1079611091672889e-32
27.23272799445169
2.47211383347304
.23737509408040067
56888796347053156e-34
27.84002389121781
2.589597509599183
.1992080838293788
14009657005990392e-31
26.33378216107829
4.6415546813852915
.44014827709655613
77015016851497e-31
26.979349988171226
3.073468881958937
.23026100628236373
10390215685304905e-33
25.89701408870697
1.8917248409049257
.2046209135624125
7439295759153615e-32
23.97346616830529
1.2991762363109485
.1925366364427207
24415955972183046e-31
25.49610467224703
2.0279189829037563
.3289883031617411
1025472879089549e-30
22.923605261277196
1.5146124308200728
.24598254672755773
2095395732408186e-30
26.955792842780806
2.788233580803572
.38966308520491594
41353990419160865e-32
24.011599459957026
1.5000682540968733
.24628668832858136
4455187919215393e-31
25.811957037931943
2.3261389856601866
.30903069169994185
3740941076334535e-30
27.656732567279562
3.1954916602560215
.41585347089579777
26926728074947094e-32
28.379049807297257
2.797034404965463
.3443715463058816
473953885905792e-30
26.941231967286576
2.25715326204588
.35789327406679333
3231909275475403e-31
28.48840240965242
2.1759553445149016
.28296865306616303
31397735888178213e-33
27.440152381210332
1.6673843043442802
.20086110761211964
5655198684374787e-32
28.396749631084493
3.680880711115854
.28774131896045807
3112177528811196e-33
28.876750456265555
4.136707745702243
.29532068626971403
5685282326371074e-32
30.489993362127965
7.85914333774929
.6210828565686124
2180086959593572e-32
32.054384545019765
13.649288834105153
.8270452632292751
15928961580586807e-32
29.42713941233524
7.103513972269465
.672278398413717
4772686266543795e-32
27.90181603541459
8.40086789505216
.6480238487746718
17013815021365573e-32
26.303503137268073
5.704954003097487
.5393824744669312
31291615565590292e-31
27.182059031878225
6.773829541000759
.741821288073131
4865952891502568e-29
25.700671989309658
4.91575978434113
.7430670904807635
5243516562282821e-29
24.567837419264272
5.564570535134088
.7425782034629188
247599869335178e-27
23.722227800081725
5.627234859239303
.7541843793710123
4291423064232634e-28
24.599132499502435
7.418307323666475
.8937226382442749
29977976447961837e-29
25.275782700067335
10.064580772417399
1.3159050456746757
1334449383028704e-26
25.23232606633024
11.359633581460505
1.8675506562656352
637629030577791e-26
23.467731586539568
8.87258679346541
1.16579115450588
7525698860449226e-27
24.35531048304046
9.435272309895199
1.3453668733207251
4263506332823403e-27
23.924278447672336
9.146249530425276
1.2076386099186756
3338652954290485e-27
24.23957969838927
10.20270654641958
1.3732481646011043
3573661399458162e-28
23.78179581352484
7.921670265989008
.800623291773922
14791128522013277e-29
24.68453256980117
7.518753859126143
.799346414469648
15391370593458437e-29
24.718968652449927
6.281329082894059
.7829094588384593
5789179453595346e-28
23.10368451328663
5.606232147487303
.8640855414325364
8243615298115522e-29
24.017220412816332
5.135523878970842
.5940942574309825
8869279798797885e-30
23.262649835217452
2.953689126097633
.3777223567239716
4190681451701707e-30
23.983055431052726
3.564600541780938
.3125347006974208
3070548782397511e-29
24.935883784318143
7.386600897243338
.7324303279426472
11373845523426864e-30
27.127874793164324
13.835952969933704
1.2018301970825669
40144669964802837e-29
24.547504570641742
8.738879769440638
1.0606511871577655
4449426315560093e-27
23.056587639559222
8.79352615074249
1.2908034063107956
8109078602665514e-28
23.23940523489595
9.816020428426985
1.0940371409369145
16221177236273933e-29
23.670752469061973
8.373049040318078
.8027569976415239
4483068786538182e-30
25.23691057678525
7.394774493805069
.5759445128004985
14044712439771535e-30
24.56840776233599
6.621018761175659
.5275986328553118
8905322048709996e-30
26.66395720575852
8.701090383267875
.6361647673288549
14816383373259993e-30
27.511083080448124
12.306953279936513
.8997062080886452
3761375629804e-26
27.181268345322557
10.69403037768
.9089012591449624
8777606123336357e-28
26.7086029586574
11.127571316767039
1.1557694512377477
5371518065071794e-27
26.986635813552876
12.509266905300898
1.6406949670183457
16610956853735868e-28
28.62031985989254
12.070378713040775
1.366277199696136
8690274590001288e-27
26.191668883615637
13.31608036245606
1.8234226680806753
8095578099119571e-27
24.767669927153644
12.052195348918978
1.589858502703262
5313152523542269e-27
25.28530055909881
13.608960399689629
1.5167560722894535
13863205097765706e-27
26.25751019789311
13.414382734301764
1.9734822679175616
8464651158766958e-27
26.3237310369705
15.82848274635259
2.255857154203935
23570712069611086e-28
26.15537119497649
16.670867496393377
2.804017698079556
7208362391285784e-28
26.840279680569957
15.444597716267166
2.182872588743616
24894975707691137e-30
28.31050027211826
16.54763037075355
1.7441319874242764
11425794793477747e-30
31.246973426822997
20.181316754845128
2.0354823841095517
5581811188158385e-30
30.719914007076415
17.365121236550554
1.511210798674302
11727237156396882e-30
27.01418301617267
6.995421300174627
.8853353180961264
42176479222381896e-30
28.875473590960564
10.870754698767401
1.35473793324689
22007469051179822e-30
29.275981967942805
14.944075036325978
1.4671968177408081
899987084987021e-29
29.564636703625325
19.899430833935657
2.196995355575671
10341149708111431e-31
29.59297647029923
20.839312489873134
1.6562455435103658
22299077707576733e-31
27.477174271257898
18.61304726984564
1.8825827908288584
2106097851437756e-30
27.722125222758063
20.848078144900526
2.435502671528221
6520606321368362e-31
26.754931107902056
19.566705387013204
1.8998058852688748
6678499132439287e-31
26.80476984831058
19.66171758926944
1.8882316559619565
2428372538757929e-30
26.597373481746544
18.860291643165585
1.9852360216044929
14016703256501645e-31
28.67903418190653
14.019599239878136
1.2092974107210552
10448295044022491e-32
29.472722227859272
7.927057321947122
.7620722805257056
30937923898783624e-32
30.420256112822642
8.231667227402559
.8598402707245961
46064695663607496e-33
26.751029085822296
9.391733443789418
.9032965191192622
40670448879301393e-32
26.8840238838107
9.783413678601159
.9207873563105834
4117422565177553e-31
28.05344179965256
14.388472680153269
1.4793169791723924
7815243442695015e-31
27.827714068612092
18.214492890396734
2.504232542415399
128281598232345e-31
28.411528052441643
15.530988542846258
1.5008091940640316
28035879552096646e-33
27.977344335624572
15.083104806778092
1.5709290926774675
2291689910684736e-32
29.525246785262286
16.913207292798628
1.6042724538980608
26185781123511277e-33
28.189526296757588
12.039073774147806
1.1102618111043792
10975974010423338e-32
27.443684581401616
11.828344741773822
1.2421616341032031
15701653257140522e-32
27.953047127080687
11.639108226492727
1.1976474712799083
7053429924607461e-32
26.877525408587797
8.045769989914096
.8911638555054977
35092177416812235e-33
26.508573325462425
9.057544006133083
.9668834174590993
14674017754599474e-33
26.212948838445936
9.841377070574977
.874889321036147
20666012854434588e-32
25.593052761162348
4.761563943770238
.6602183517369224
5162279749405634e-31
26.494236402285146
9.273016063001691
1.2025013327798275
14203129812594986e-32
26.54823649708093
7.1005734455821035
.8649642637801552
34481647771976376e-33
28.24625710064664
9.578387278144222
.9972611170436142
31645371384678656e-33
31.956119323207886
12.31146895184027
1.1212614944053518
5795964829594712e-32
31.29619778300898
16.54672212184376
1.427028860466068
30376353091740734e-33
31.482667065699353
13.374882048675593
1.0724527162455784
24041753603902588e-33
32.45760703002876
18.20197917059288
1.5035880573840694
9516036479549604e-34
33.97211152517544
17.62403278529876
1.2100323782604199
31767164979767484e-34
35.09821506751348
24.63672097269942
1.9827993851174193
11633675596949399e-34
32.719562773701945
21.96196056969982
1.7382642572686742
25064603446721373e-34
30.89085631794245
22.311695462647762
1.8257302920054816
14905018636411234e-34
30.44859888582324
19.926135483161563
1.4613410617693137
10303811529465233e-32
27.430834000062887
12.619195503193422
1.403825362642819
2199712155877841e-31
26.090250398493165
14.070473114699865
2.123844146844387
1585700296220174e-31
27.54876243754375
11.842469700026484
1.645099098369117
15462287540157797e-33
27.56516505235107
8.716383081211259
1.0688712205593605
4832411525672671e-31
27.937737596064736
10.314316808592935
1.5120568757982125
36740988737867296e-33
27.756341530671158
5.700174132439592
.7546364381527534
22796605191118348e-33
28.592628574514382
6.196500254440679
.7494199172165353
1445413675388652e-31
30.05582227081638
7.80029762080094
.9923240980970244
12928446979212204e-31
30.19191220358971
7.8289313530500895
1.0954381629308692
16760091937811856e-31
30.246952512656677
10.03634050457241
1.4088121278183052
766760854005759e-30
29.65034878046686
10.332835752209226
1.5046080658117518
24070557583067472e-31
30.88601344601618
11.62811216700527
1.736487767039241
1031779217527068e-30
31.829473764721417
8.037907902942603
1.2766487376222446
11864836027822253e-30
32.21171121939858
10.370809549932682
1.702427971772908
7237532897285702e-30
34.38361619456251
11.094394204103532
1.8285098631973165
40868188234910956e-30
32.10894855189966
8.539748157941206
1.5584961558825083
10073904722578317e-28
33.15640253319914
11.82979418011674
2.6743464582374714
34075349213788635e-28
34.57112416660652
12.856807533734566
3.2711158884864164
4278490109294764e-27
32.630807752105405
9.91680597506773
2.784911794908962
5272589423161673e-27
37.28220666138686
13.979785418807735
3.5776625495542813
17819886646955048e-28
34.43506968923739
9.26464865907339
2.250463840716661
5295674391883035e-27
32.869911431940515
10.071782269086292
2.555391746729172
8486597917634287e-27
32.77538026985947
11.6376527667696
3.132375899188886
5087930616582302e-26
35.369505997641696
18.45538877499431
6.273833399529968
7094709637880577e-27
33.31299123014179
18.584008417420183
5.721893287127959
3911318677279654e-27
31.596567658524304
15.190688175293126
4.544279179861946
17598573680856795e-28
32.83699179676302
16.635472068573932
4.599793950786841
5889403550169e-25
32.761071838402415
14.547252777668096
3.7358238769361103
9955428063045308e-29
33.11169687727163
13.12739419851652
3.030401822029676
4802101516004594e-29
31.683463752090184
11.048780626075649
2.337072052944713
41896270628086956e-30
29.668778035285044
15.290057034171667
3.5275151549083454
3304253357606182e-29
30.67111189481846
12.334107076954927
2.688012232763747
2579763250037611e-30
32.13832829612513
12.243616821153182
2.311141153205809
12610678440274881e-31
31.50575975751811
12.49631335433696
2.121072534088314
13510092647829413e-31
28.860382071678096
14.189298718766608
2.431930556185185
5793312714400814e-30
28.0218989783606
15.162156940036366
2.734111345518837
3819457972493702e-29
27.60076318903654
17.677576732553497
4.035617969203708
15366374596934397e-29
26.701793944600738
12.329339647950663
2.3549993140111614
2665971856054401e-28
25.544814722403114
12.27398248895913
2.5110972751020855
22955999646718727e-29
23.782358774272517
12.067079455488107
2.4131351394241283
115512066225678e-27
24.137018250908646
16.128842385582136
3.741875330173465
18857850348508626e-28
25.94908568547709
12.981024951466683
2.9334421240187036
12945366327395349e-30
25.922343801058062
7.878292149727585
1.329967804340624
533211886367753e-29
24.186822185446122
3.4285552728108235
.6670794974478951
30940629752788713e-32
24.45910608035773
5.612097393820174
.8172303417265009
2932229155431678e-29
24.42751115600807
4.963527344382483
.9420236990950877
32729052541618293e-29
24.054996683473096
5.5801729550357475
1.1099780197656228
309490874992193e-28
26.60061811154823
5.1913493236781365
.9331947334299296
8370588625013382e-28
24.996466331143885
5.804288067184609
1.165398035240027
3744561500061959e-28
14.60720218128812
.9934106018650862
.23096282776642918
15603682520912586e-29
16.057966443369605
1.0487310702705457
.2267491128242257
5975635555296569e-30
17.256564792057933
.785692727200458
.17023176146977603
3174301661935571e-28
15.172252668595611
1.0478251641391572
.24982645377040089
4260282125559186e-29
15.655232672401912
.727248085769715
.17084134384126562
5555697414437249e-28
16.10962538037984
1.398656497712877
.302099024766662
24680721035760294e-28
15.09386711973408
1.4442660475924813
.386829282914091
15273475844939965e-28
15.026286119196708
1.3235583235687964
.35619421802869644
29865781514509177e-28
19.726682212164178
2.589239539836475
.6322750324610547
24972615710021686e-28
18.281638587847272
1.9376082880368963
.48088300617466884
10979125730481968e-29
20.82360826684595
2.1669907738852214
.4406354455377874
28748811657436953e-28
21.735962758268677
3.2400004417973207
.7330889973606218
4547902712758724e-28
20.402331526683287
2.229538883848306
.4309245809162125
5653100285155424e-27
27.658581131406233
22.113223476234342
9.173382821911288
12768044413820498e-27
27.674043464286683
20.826549701461005
8.933003143800217
1009223407064145e-26
25.56836353825581
13.00784446640406
3.441532025602214
17558093022405372e-27
26.78623158014672
13.023653458168344
3.239457129000097
10673009091959684e-27
24.77657524392499
7.982379808803683
1.8278486248047339
14509146789608966e-27
25.718983309417297
9.206013674853086
2.51063998503927
27852549824043896e-27
29.25111670042066
16.973300594293846
5.006875552236585
9032989253951649e-27
29.435097640005175
14.3386285412116
3.241987870860742
20740476317065448e-27
28.40308609133762
16.52309108326339
3.6755503715464024
8693208620696883e-27
28.49944901407696
17.007704358848397
4.128898594792735
5767039509891874e-27
26.935808750390034
17.0636367931708
4.497890300479586
2623919544802755e-27
28.934840923567307
11.850316035082768
2.6162296442860278
7784118332850596e-27
31.401504184389704
13.692742567631665
3.2336972233814882
923401017949739e-26
29.198247576239797
15.071002636998232
3.5832300824677183
5572198390450545e-27
26.601747264186265
13.831453500344152
3.396660080675718
33680900093281833e-28
28.86160925808922
16.26157685022034
4.200702227425628
1337755760566217e-27
29.62999146935011
17.865220276128856
4.566184725522892
4666160864505807e-26
29.0459311288139
15.234152598262865
4.69573165031565
22535412475815658e-27
29.92115157225552
15.150379716338936
4.203568260277125
4286229462504202e-26
31.72841677200101
21.65527137758662
6.3902797663319175
314933410774901e-26
30.99390448267204
21.272394564750137
5.285935841930935
2822652072430685e-26
34.583048132765356
23.264709042064446
7.6739783461333255
397758734516497e-25
32.96381379568428
20.902217045773867
6.190666585261923
4079449513335655e-26
35.33709957396891
24.07283002167138
6.9591100466186715
4444508332134945e-26
37.334795083406654
26.70254130143621
7.269390412752473
35335331918898066e-27
35.12048919225749
23.171586402747916
6.254480985097454
11590326592994525e-27
32.56722175454368
15.279514242425243
3.427043696469839
1003722726469974e-26
33.54241618704746
17.351087683961612
4.075222423544365
191952797500545e-25
31.81399980823329
11.649863528793547
3.2366354424057913
35172406499231878e-28
34.44349253365265
13.128214135578764
2.8975800603260473
7934704267703586e-28
31.83639602515577
8.266685935125695
1.7973592018247826
14374275115357515e-27
31.283687628641626
8.263073153501272
2.228603465491748
5792198081047027e-27
33.5631701790604
11.808396740695173
3.2111711391470585
3660100371974613e-26
31.683792093818646
15.929171070099448
5.239531471860194
3183140819015621e-26
33.15917690622799
19.369651695137723
6.846115793608481
1954592600494399e-26
28.659090346183373
13.371781648036865
3.432121826924977
13433876281441081e-27
26.883033731826583
7.70386069696077
2.1873110331354826
3894053329782983e-27
26.786552498433647
9.92020426940796
2.5529567347201705
18084861017288203e-27
26.180269308597108
9.703618589310512
2.9838356804884887
8035687245466198e-27
25.629428224124762
10.987643178125781
2.6483365645005605
10950386159869106e-27
25.069541540621113
8.685348069672893
2.2377487824577993
1740856293968463e-26
25.715540501214683
12.01175900787511
3.0416940366877654
13207131760325273e-27
26.326407973728504
13.738784748765115
3.3270242056800847
45317317028701785e-28
25.662436194470867
10.195739783478153
2.267509047783553
16771311874489644e-28
25.476965998239425
7.402368339358298
1.7014500743606158
1203411345063804e-28
26.230289749180045
6.515865599258927
1.259660389313417
9902344118823703e-29
28.506044443862244
8.251945846441211
1.516709210471343
26951611004638533e-29
29.38570136517811
8.865346417920435
1.6423830851719723
5944354205841481e-28
27.30043025311038
10.003371232375143
2.1575062912817593
25826918129931164e-28
28.40602369098264
15.254417613320678
4.329297421114877
25137093128619257e-28
29.099404165966785
15.426217456612656
4.330360355608613
7447605033562919e-28
30.070883779080702
14.857806089070754
3.466800757881376
17966330925034294e-29
27.631520650806696
20.75300475543429
8.128164206210116
1585931498994e-25
27.0426881724677
13.920518174288965
3.3557368751933727
3852201591288703e-28
28.42017147971146
11.438871865590974
2.745333154810241
1724384515150726e-29
30.673496827875724
12.79228218520643
2.3790377685198782
14117821113241209e-30
27.536450549571406
9.078168286216956
1.659372366896148
669518680136755e-27
27.731361098771856
14.390802015782436
3.190372491891971
3639833928093722e-28
26.58260861418102
11.421032164922474
2.23695429020615
6671217158149604e-28
28.356084474296672
8.086104375759671
1.584477975013812
10450732819048768e-28
26.616346672323136
8.747833591032588
1.6961729981411697
4411889138490592e-28
28.226566781594663
13.636400916776816
2.218792702448742
16997930298554596e-28
29.289184561706694
14.836265793770673
2.6735783541237272
22385554624148443e-28
31.063837697304997
12.641509015780677
2.5039131822228042
6489101174763513e-27
29.85446987765424
10.607582173593851
2.4130842795253087
17667503417071098e-28
29.48701761726655
7.927754363947914
1.6859433779113469
16603161953067769e-28
28.338861606145638
7.7344486232397855
1.603706366446298
10306869472913488e-28
29.873882453305285
9.052790131679687
1.7778852501947155
6601130860780491e-27
30.705000910950595
16.032725589524745
3.5053891504458567
20529627933550615e-27
32.488609122904585
17.836429511488063
3.961552296733326
24373568321167136e-28
32.53678434403318
17.648105640763212
3.3371684083628663
5020678054630302e-28
33.117916090288645
13.495340284741328
2.367306039577363
10768797647035042e-29
35.223148294248226
15.840813046831492
2.408265454564442
5983264323795765e-28
38.59297825358404
19.123876613350614
3.225557587409356
16562877298047506e-28
36.68860545926235
21.492032032236327
4.348316339711842
3500562959403238e-27
33.22171667679971
17.89356312752464
3.90629618563146
7700933198698413e-28
35.781831786954044
24.101402305890012
4.260496833018118
2005883916308741e-27
35.00671931589186
24.490286430118957
3.9171816413291283
2426192010398665e-27
34.90125201078776
24.350346196882196
4.443696850363227
10242701153059673e-29
37.12103927101843
24.966223980240326
3.983058410626198
32032972837539484e-30
35.077809204359035
23.052811202437017
3.7304056646088464
22562539033665883e-30
36.66478924198421
28.48623447350863
5.651323718418345
7415868310104868e-29
34.08451910565236
26.885116004176297
4.956867528930574
9893094374480999e-30
31.851341270270012
23.851335783678824
3.5021474103755375
2642759916176522e-28
32.27397330037105
21.50777872266289
4.006728917029414
10541944726504356e-29
30.12419817106314
20.41893928242569
3.2383532492447618
2691851598966172e-29
31.449713340531094
23.38556819883338
3.5353616862734993
9039037156143783e-30
32.1374900667184
20.71500594726512
2.4836578339625413
6304655835020006e-31
32.32309082033907
17.247597176147107
1.3350132569906212
699620119538707e-31
30.45982834014465
20.58059761186132
1.195043184882442
4472892517841892e-33
27.928986377946558
9.888089333582665
.5363236975464221
4412113946045794e-34
25.621938670293737
13.492369070675174
.5626984346007998
4092273892388768e-35
25.053693629397433
11.368573368484942
.4418858633362686
11385323612978941e-37
25.34181432544654
12.747200739564306
.35142419292393856
6130034549579422e-36
25.141689197177357
6.6333478603527904
.29765498064922036
17112499899303142e-37
26.099399122355166
12.94064504464141
.5186017197288729
14053501942616058e-37
24.97475479494972
10.744298060805333
.4325759243522491
4089495425069405e-36
26.821167400176375
11.406319674998041
.5884367280237418
13761281632944945e-36
27.361938490529802
6.494773055681708
.4433306170164353
3322074699460625e-36
27.85148690726007
7.802024168520008
.4557089045227311
15554659558125946e-36
29.751550735755654
14.460519058684834
.7512572932365787
25855444423260176e-36
29.948640269332767
17.717705406987022
1.029709657463607
10271412667250152e-34
28.041695007023982
14.616581394263253
1.0583762815747932
453315724294954e-34
28.214824313778593
7.043501087226679
.5034967773527513
7600536168010411e-35
28.095244375863604
6.043845833504573
.5517284537711428
3475174625250274e-35
29.108624612020428
5.4756629474470575
.45990522082814
12345799920535652e-34
27.992114111237015
5.5394603142767
.6047871697682429
4820712495017479e-34
28.29737388164906
4.416293384285636
.520157211339123
5721214621704343e-35
29.350496146945137
4.889471237168733
.46253917191028315
8212226586991424e-33
25.485093904757505
5.44434609825642
.6735200077497118
5888679504395883e-32
26.235241758745204
8.938982393701192
1.0770448340428764
5979357878554755e-31
24.137689062468464
8.790216207392067
1.213529532488402
7666059171617711e-32
23.628242663970568
3.7135202221456476
.592189146814929
19448414822463004e-31
24.29217939636831
6.5258114479776905
1.061260138361951
3038351011443723e-32
24.609515657851826
3.6468223147496857
.4667022594941732
1444903215098219e-31
24.1984356400278
9.631374703304274
1.1106215577006298
3622660154902789e-31
26.35618360884176
16.78504215991487
2.438644412313054
6850242771475971e-32
26.095702133383597
9.663035781245096
1.3265904816988434
27159539354965354e-32
26.41377956324607
16.391390796241268
2.039491808310081
4524776317619727e-31
25.084264882123826
15.356555657772441
1.8046624281394563
6500142300792578e-31
27.60258738120202
14.247324018608891
1.4491213494946316
27710802116594193e-32
29.126038888119382
16.565064848349177
1.7069696922637687
6073164361453726e-32
29.065468101064646
17.14898010104055
1.6097602527875758
14488377870482554e-34
30.03354498093455
16.74195433454431
1.1273092627136263
7520883777625722e-35
28.314283418396574
11.694054398262447
.6907832507989152
1161875817388305e-33
27.069881505661673
12.711464664557248
1.0159834368803196
12782014727789201e-34
26.577879878750025
12.155032934640309
.9334809969146806
29188123687695116e-34
26.261706955240733
12.953414046392655
1.1077569170951374
16608578091774845e-34
25.581904387306952
12.242422227378388
1.0169611383630723
34910019965276084e-35
25.327265537166387
9.287815737114183
.7246577104966445
10341211077006535e-33
26.19739692576329
10.302726642718287
1.0695972306750894
15943122561221073e-32
26.025156824205087
9.263035315427816
1.0347080598833336
11241302279393298e-31
27.42100584901204
14.633023097657205
1.8911340456431769
1775512605965899e-30
25.656230030571642
8.117341660392691
1.121366091337221
16530552815821258e-31
25.755788075306523
11.428082193886187
1.7048543827437856
31071984343852914e-32
27.043532675880527
14.914049535727989
2.3858637235391846
28379018521869854e-31
27.10672736255032
14.250250669916747
2.392406653505968
32215401492183005e-30
26.262604899069153
12.553677902377355
2.4424215943187315
20033871713638482e-30
25.078422139130286
9.9337647537496
1.788740887510515
13142924204614286e-29
28.305555393151753
15.869897091780116
3.5692290124209194
15565325385090704e-29
25.570450105378107
13.458098838194749
2.763172535457289
8045635487622676e-28
27.61129187808873
10.008798027850458
2.2514436573417873
5699675105008635e-27
27.068472104854628
6.982384845466338
1.7502771111723503
1093911358019323e-26
26.38237361143336
6.855165591755971
1.7897107315555774
9074784005471173e-27
25.056633501049728
5.627660794318436
1.488394803836225
5578643663401673e-27
28.683948029036664
9.488542567398882
2.512017284248703
16434844988174219e-28
30.148354743091065
6.872002545753247
1.7960596163681393
6471662510507168e-28
29.043670623924662
6.705004661475662
1.6344640335707534
1878387236657574e-28
29.953755166593492
8.385060282940916
1.6780855545436697
6999960402472573e-29
29.10749424829776
7.0575738432981705
1.360543388783869
3733754061322831e-29
31.563592517972616
5.731865782721551
1.1266046153869251
18662541329431958e-30
31.862840060751846
5.248707432636518
.9333286477384296
5610397455694287e-30
31.143946204619603
4.988314141473146
.8508134017115366
16472981330301334e-31
30.15587240114659
2.858376257501802
.5410187551679321
26308095924191594e-31
30.537518529040092
2.4060059830649188
.5178101221429611
17698777391087498e-31
31.892007038376978
2.1353741468585983
.4637591809526881
27805123559352753e-31
31.36379221488651
2.272084949902324
.5210785967740311
22983365214481743e-31
29.492830128751105
2.309041497861543
.5179905592205911
13937288712585868e-30
31.350469133639745
4.56205678067567
1.0017583456213877
8199090407725426e-30
25.75803447809883
2.0408568815090953
.5143948314066025
13217457585541897e-30
24.421653862373674
1.7111977724717713
.4522112943927672
44561807634210775e-30
32.67558778366426
3.269630579052701
.8029603521092238
11664804208857176e-29
33.85995206633816
5.678629251025424
1.2990651798300163
13205232036383765e-30
34.11612531966588
4.971961753238822
1.0763003812642198
11363639526483341e-30
33.7109446750627
4.947269181825208
1.00276243656737
1715267322536709e-28
31.07561605424246
4.901129191057346
1.1887351373802988
6186331604482023e-29
30.183893297017526
3.7592853549072145
.8633356923829987
12674036393709145e-30
13.406044500391367
.3355628010924541
.08471062523092208
6981819765496243e-30
13.83753237323897
.28176472306967604
.06717912916617019
8436729461816765e-31
8.043504000769982
.11099026903633427
.027952990722651058
15644796641869106e-31
11.953614833433477
.18155747173992465
.04400931927367855
5440396219159514e-30
10.767268054639814
.1858319353263886
.04602784757660011
6539367564894881e-30
17.281348110507658
.35886829099801415
.07849720268616449
40274848009593564e-30
17.744653776400913
.5147151167434549
.11932410353100303
17783993968967646e-30
18.109429326658233
.5366390514585669
.11725176734557576
21132222621181273e-29
19.89443249679512
.9696229806013331
.24718150506416323
12368332009075388e-29
16.861035003207636
.6306333890404879
.139739718282894
9078474148315924e-28
18.45773272002555
.8259550323715176
.2078363136080359
37832598045476845e-29
17.36214167432474
.6467853957752269
.1613715244080654
20724553335643433e-28
19.36770286565102
1.2175754405932893
.31201827843035645
9095122282021348e-28
21.785907375060294
1.580294535117347
.40230807120128853
235614372195243e-26
27.49758327399307
6.0670276952215385
1.255428652466331
2180093954021121e-28
26.672063456335426
4.072950740983453
.8337097772339253
3928452638309725e-29
26.152914348338495
2.5188008781766227
.5618543429428003
4180813663971962e-30
20.752503716234692
.6977176278415237
.16031850505919326
11649321743727136e-31
25.889840618155556
1.7145544761798126
.3623627847611039
24527960077588625e-32
25.86384855939963
1.437595342863392
.28610068813886086
5441634321625212e-31
23.302033839475754
1.2573410689040525
.26583712502716716
1062368287854216e-31
19.410608924171697
.8390505432463047
.18738991513614445
69576284096039e-30
27.219612913515007
2.3360569523863886
.45105738535403755
22690406526674706e-32
27.44117190661253
3.928264048998514
.7028288261434675
8473063252629167e-33
29.043826069611423
2.8846782358945613
.44104997842734683
8728946866651525e-32
27.24551344739071
2.9212466130493406
.48419514498105426
26192151599848624e-32
30.219594920403765
4.6100225757642415
.7350711155830493
13563892984982258e-31
30.925066961383283
3.476278826226966
.6971715881296521
9496661811226023e-31
33.987169769559515
2.9774568295657344
.6040916928464788
8155229867425565e-32
36.165014869201045
1.8739896009164463
.35498532656631804
201304388194168e-31
31.2516786605023
1.8347347071241558
.34530685663122596
25832069576900123e-32
34.28698292684996
2.907574084925627
.553087819871161
2151804636579479e-32
36.49283163183794
3.1146755727382525
.5059349196595451
5762912008197643e-33
32.48516565513263
1.9300825988808978
.3400577532152602
5154156284482307e-33
31.711108783011674
2.1050165068889495
.33988418510557616
31791885306989233e-34
28.00907602454089
1.0705064059698683
.2022080397951738
5060102898547166e-34
28.171189038536948
.8302827979485777
.15048085327066674
3238105072549224e-35
29.238134924815984
.927728481470249
.14475000387068232
572112721103885e-34
31.837128453952868
1.1152829130232003
.17124038986462908
20678751240121448e-36
29.986306231142628
.8537970838230988
.13135711034494504
16773319409976639e-35
25.656307861735044
.7255471053289205
.1302146830479632
5927499270203387e-34
27.62403483778547
1.3036241413489826
.22817000382782085
232865390902109e-35
28.127356812771737
.7457133967608675
.11074880367267852
10390429069396714e-37
29.729750556933258
1.3154656741856978
.17380060553813095
10823051728008478e-37
29.303550174726027
2.056643257201246
.2542844548209105
11491957776876067e-37
29.76602316723388
1.9628729272890482
.26871538834527675
10153080507810976e-37
30.533234880607758
1.6509019563982474
.2320350344527293
11862435930034428e-37
32.15520296244317
2.0264227553115624
.2713523086352303
9726951928193166e-37
28.251447656205976
1.467261086687726
.21877933399721752
8444615053370484e-35
25.75472781772234
2.177276488178223
.34016044456826783
26903973595759407e-34
24.031213094419655
2.4108939725427607
.49966021990874854
2358442440155408e-33
19.409257973083022
1.6398706316079963
.3613816028259492
18455216999355174e-34
20.59182149786532
1.6576674294090132
.3075884351280342
11574718874361359e-34
24.00120363326079
1.127959055830717
.2047821301224883
8115195118892115e-33
21.417992783005364
.9710949136207943
.1931846695231115
6605072524642083e-32
23.409255768729096
1.4819065793979838
.28465108793306526
22583428896935567e-32
19.738724990525444
1.303722697478962
.27201746167851776
6856161097762753e-30
21.347212703422763
2.1554185317428205
.5080403133707795
54871514359077404e-31
18.833387167082417
1.8691900846691378
.46853321848966956
2127245088547752e-30
17.20146914083903
1.3347467134272148
.3263474683829143
713161604034564e-31
12.754250533050495
.7009281429265011
.1587758965813032
1752110931493189e-31
20.2168665805199
1.6345751042903596
.35474132420006693
24009612133221898e-33
21.651582613516048
1.6099876532025852
.34272297804881924
39498838494534515e-33
22.0597461921228
2.059141611550577
.4412584997749172
8969272434696684e-33
25.00075570198899
3.248027766445627
.5376308180552013
8688857028819938e-35
26.178158238811477
2.2825969681928218
.3292754181245991
5807466021877112e-35
25.910751302968077
2.2252588298377534
.33461024679984086
6147935336945242e-37
19.040730359312356
.6525599351131083
.09919783768868051
8677690676821297e-37
22.597859853962394
1.6359903345839424
.21620729093699878
7689567997089805e-37
21.607077831584938
1.326131723368869
.1877683144089556
9103407379784744e-37
21.524179577786718
1.6015402498397595
.22384479346133618
11787513353199734e-37
24.387521035742648
2.6448680946714584
.2943424153612889
13062455282946596e-37
25.926145146020453
3.148534297319113
.3307678022420676
15377769508049614e-37
27.192507289556055
3.6782360313348796
.3903288226003486
27780080115480023e-37
25.308558571521477
3.5066942883918655
.35485265401026167
15341948268200143e-37
26.62077400553286
4.578926667152259
.4078677160969779
7254299491930966e-36
24.676739173879582
3.134509042666667
.30555738529047216
7620332346318553e-37
25.477829790423893
1.815178261362726
.19653853740120825
5932811333922192e-37
24.435375208807315
1.3109368860373665
.15589193444043084
20499086911470622e-36
25.85598368184635
1.7130765405082937
.23070633628090817
7133396032791738e-36
24.072042619969007
1.3688079683324434
.18249602325898454
6424011061108532e-36
25.368761869875943
1.2510587289111466
.17457737523857877
4464235256346759e-35
24.902597912571697
1.4846353067577949
.20552576066972658
7033474171839559e-37
23.906996550892845
.7882968912091443
.10060201835701235
21411836392312686e-37
23.727739150215932
.773918569143312
.11039282941702674
7321796359855897e-37
22.602507473903017
.5262011992658198
.07904712250545742
3924404097311882e-37
25.422292163037014
.7925853051410174
.10103212171057455
35852971690373316e-38
29.302526534202745
.7739833785880396
.09183486790196273
34591622506608244e-36
28.918342823806196
.9544784438700226
.131296267917916
59885575594115125e-37
31.478838174820083
.9132879917833049
.11967189230817755
7371976248077032e-35
24.439064831983597
.42788461238029774
.07645893838468733
31769018126471082e-37
19.437391895637486
.22189686370235953
.03892074337669197
1695412710214273e-36
27.328284328248543
.35396107108560154
.0546734903833103
3543283069680463e-37
26.665626698686832
.3767391547732272
.054600938184604486
120582854705757e-36
21.86383866768443
.19367947473773597
.029247623714519243
10821457171970403e-38
15.496216822207655
.1505169006752673
.023450397185492303
27009407432359135e-38
17.0926264362222
.15907805233034228
.024383384392656325
4412949748965917e-37
17.699883495530603
.12459645079561685
.018408115915763832
11193274737178698e-38
22.983689718761756
.17515746696381002
.025360321688914642
1039229732740209e-37
24.192411314130172
.17354992074397235
.024119978701577772
8774391792507673e-38
24.07057998711477
.14345673140037216
.02018260424966399
14902923837036326e-38
25.971888174549406
.263911947553722
.035764773886377166
45598359362914354e-36
26.373114039807227
.6576130439366329
.09150123188956742
3502177155706484e-36
24.831438763081344
.8209094042064368
.09241053650377114
14997761380603002e-35
23.798193717372584
.7108264411609467
.10670462768762327
1099708695889116e-33
25.746653683880226
1.405485263492496
.17030367286467427
7238283460584499e-33
26.634788256354064
2.553713662796162
.23959068605229392
