70.6391807812929
123.89721695181338
113.95323125368309
73.92563377347793
67.71121882889794
120.45260359577887
92.38954324220087
68.61548452209182
68.10191472816413
123.8320246302542
90.29721042476487
68.61542963167315
44.884572708751676
102.60749600162045
53.337023340340146
45.0484568180061
31.557834984316717
79.83482627077773
34.250480263594014
31.651083322889974
33.46917149321081
71.39981818048169
57.36968055506139
33.92179249801548
46.099755758478274
84.86866337983584
73.11659071822447
46.81263677523555
31.138941154923828
73.83448900641885
52.022732054578036
32.30088708641102
27.689285022245066
69.69245929547671
34.34861430255815
28.072336932570213
32.420610285171286
73.9999220566402
38.68663110270758
33.123823411127134
53.61626840913533
93.66223424143999
57.6647654596286
53.76805770877585
24.829533122243216
77.1927047922166
29.47255610664219
24.96604959451963
28.61085528049187
78.49197646322564
43.31580141098218
31.344386011549073
32.68297598477676
79.72871670112863
42.19204214585608
33.67678289784443
29.033172125151285
73.44642888222559
35.51122563983369
32.34650318656833
34.25795903828382
72.48722537282796
36.748820360233594
35.7275566424852
32.32421696081935
68.52736265289172
33.77571978375416
32.46184781881543
37.374478175283244
79.49687172133542
39.57347312808064
37.59029680610958
29.914032171793373
70.42660353519732
32.18758231752414
30.068553230468332
29.339333845662605
65.95060920531589
31.843556258519587
29.548301821955498
25.323238446797493
63.397913005053
29.233120452714328
25.716483655481497
17.970675302292246
61.30015497745713
21.94939337838588
18.342586123330324
19.02813634783829
66.82176191673885
40.308618316525774
20.268061610884494
19.08030080692791
68.53146944249514
39.3144868235553
20.15256370578402
17.572087035502825
68.84718370305883
32.32771943215406
19.2238973023783
21.622997866254046
77.00139218710491
56.32261013953939
24.890070282572857
20.60522137962697
77.1152095656689
37.81149675028203
23.515539860877677
16.643230430000095
67.99026934792842
30.008670306089336
18.689085857725203
18.917590555762473
72.29004580781785
48.27404833441366
22.60852071466602
16.99802665921736
71.17670325503472
44.35260025017461
19.48384864255877
16.153093143167908
66.89745024199907
39.65360840276368
18.127657824920203
20.165026199141384
74.93647618345749
48.2269988028086
22.81653203952109
16.054018826224727
62.387547389153866
26.70388571151045
17.369375480350534
17.56309040034042
67.29400611435568
51.13776079409359
21.74959873102466
19.50956011352186
67.63166826419094
58.412170192331914
25.80734538950582
24.875829274989442
75.08935007552998
68.38231940439549
31.78828541120534
28.903665159034823
81.42129579221
75.62206750772292
39.681944043173914
24.202543683440883
76.53439528525342
68.82877133840408
33.24945987486076
19.56376703134404
68.22949789624136
63.311523326249656
27.55627093563798
18.30914944867318
65.2743341511169
58.084227939398936
25.201345631686422
19.16135963780043
68.28629180835944
57.12974683462451
26.488495270637546
20.334836826167077
70.50115647933455
59.67457136240106
26.158666967499848
33.20551282174692
80.87119866983619
75.15492878158794
41.11959512190083
23.471687464194442
68.44211033798572
60.68181409503976
28.708779408477373
27.812371988511686
77.18236415089596
70.08692049632921
37.472631413594925
31.199503659755297
86.7674275115992
79.28483607352167
47.4408345140355
33.924440976326004
89.89289754651256
77.8443585823047
46.3742031515757
41.118057855537536
95.3906377846852
78.26594165693021
49.97929769350857
49.50489639628227
103.08732079311515
71.41865823926439
53.578163991208555
51.26688966121746
107.90804067672228
89.22029693585355
57.15686012390462
50.10891577863957
106.16678743731019
85.12841284677124
55.52864497331379
45.73305220840809
107.1992878338651
90.83109221532445
57.23583962559046
48.80056773243158
109.13128522465726
100.03361233837651
58.3956358303207
49.00441662103677
116.14429686421978
106.86195423087933
64.21117717084792
39.81556728352755
99.67476742063296
91.1176042568807
52.25095936444418
38.629477644720225
92.36686867303241
85.15922181794828
49.222662666068715
38.43716466196345
104.01822385276178
96.26042369694412
51.9982270224261
34.173562789059545
101.60478662939421
94.5201571173348
48.0642174880234
44.048350042464136
108.06914111027432
100.60097004876656
57.2052782095446
47.297692105212846
113.39703963928841
107.32812428476622
62.662905029248826
41.410708657432245
104.71743648393245
96.94165516843059
51.63968710183695
37.47588281373103
103.97279518705591
96.55254999478232
50.429777966317715
40.5292978149392
103.11346553612968
95.87406690966796
53.24484479378584
46.707646074527794
114.71119528816922
107.82242496355573
60.42354461294058
47.082827749061586
111.93142313548097
104.36039383875175
61.50180888505579
44.970829958324366
111.68675790657282
104.04956299008633
55.05441426038412
37.193404450756724
106.58837887570999
99.68728943724061
48.140576722315295
54.55555365535497
131.26501320602546
125.87378836493643
78.69906865265017
57.20976360777751
130.0806851277613
124.84957508180507
71.78241175524843
56.04360510142065
128.91855808726427
124.7363325958855
80.03478369460295
57.74607152831666
126.69885866640057
123.60270876737829
92.00979168301326
55.94456865442934
132.38541534688468
129.54116871592515
103.24075708185154
62.38928663002888
131.3330189598301
128.8078697164108
102.16734880559217
64.66559546923641
127.94890256599733
125.51846984519631
96.99223133151962
51.177213756702564
105.44551900377508
102.46138166729735
67.799893204994
53.253049289885006
107.88306755038063
105.57564804125515
79.05455989066424
58.60506798559104
118.33238274420859
115.21391659974917
78.59089357551002
43.47955669231749
102.05571497717007
98.78234984101614
65.44114352557277
53.38702983028874
114.25189450260366
110.03955461869705
59.45067778110196
50.997579361778214
107.13749062585428
103.7889204710967
60.15164704137329
54.6850985787303
115.55679088832682
111.89686580761615
63.135387936158295
49.59219416608071
111.62642569785235
109.10501784438326
79.23472387535452
57.526746069417314
122.80859128405162
120.2890293804674
92.93476530268221
63.832072581634414
129.07617835321946
125.86193187546755
88.42418215821733
52.75816350237244
106.37655796663569
101.8434675190232
55.989653666142424
35.74937954726141
89.93498560074536
83.60751515415215
38.19920616869099
22.286904822416787
78.36376456826993
70.10392751169239
23.949998772657676
23.52704157624179
71.68848979913164
61.56956228002696
24.23444945268242
19.127053540949202
61.71799682764405
46.888106801662545
19.50247814425617
17.344824851832488
61.28740627700928
51.23112592970806
18.07799908752498
18.432411721233933
65.77116318081588
54.781470188710514
18.95576692148947
17.71960806274943
71.30731314085175
60.24400036728705
18.3746473059936
14.828126552371995
60.580534470339614
47.64749829810612
15.177669481255665
27.73579996119222
78.13692976457519
72.31666395672903
29.925912425351488
31.86607937666611
84.4349465745308
80.10433862526777
34.54408238010681
21.430190872826206
72.49794288946458
68.43770391171641
23.975439970691703
23.753848339812908
81.59422050066823
77.09197938988451
27.56756252546791
25.09530463374388
81.03539732880044
76.72769660194707
28.789940246483404
33.922441093208754
96.35590954077836
92.32738261064284
52.477015348902086
52.339840448882434
111.04386530726944
107.00712296090038
70.45789992966436
58.183038307612186
108.10842952825203
104.02060041683548
65.28749511268694
45.18907353954396
89.2929363533749
84.97938388361723
48.20143076344901
49.28771736157123
97.84818249528539
93.3421140239794
51.94632859116203
59.17107875660974
112.48446252931392
108.76126648276913
66.17649237438549
59.10257229066664
104.31235436237947
102.02519940216371
77.33914543509405
58.312905066000766
103.18352580563408
100.33287599185837
69.91797136720179
61.16066048207585
104.42642338958983
101.4552176843485
70.60408389724003
30.915987403112588
86.7133807688659
82.07584077686826
32.93573776335363
38.946628982896556
100.65399079916057
94.33116307786891
40.54368272300381
26.680815065308384
89.2351910439455
82.35966037104279
28.282419448162955
22.273057725444644
94.5809242898814
81.89193523892475
23.087805325792743
12.28708692544294
78.38318812045605
68.10135436713891
12.90108324787104
15.32621975594238
74.70138125275321
63.62332055539285
15.778781758385248
17.665459330509098
74.6635752854295
59.0011620123986
17.956487492729256
24.264127269824943
90.91645438650153
77.71888986556337
25.13863264001908
41.0973678806307
113.0537062682496
100.99610749958413
42.402990119481636
46.50797331750469
117.71579204364932
103.75797200409333
48.05214782879988
36.68178514213566
110.80549944916405
92.18735662858244
37.9442726731441
20.91605623732618
103.90421638050773
84.62388820339176
21.985219965577322
21.007348990279354
103.00437758830871
81.00507091141458
21.82352340575507
24.60011653952421
107.74240610805782
82.64519254075992
25.77606564578416
34.914443972008414
122.50296746385435
93.97050553803774
36.31103732202929
15.370225249961026
91.30298146951357
71.70315979929481
16.149955647183003
13.517821692909596
75.94191748966023
61.44859329619821
14.059894692437256
18.12279068431108
82.55248126377336
67.96069252902194
18.80561183377136
18.85019968410979
83.03540976963639
73.0449433449709
20.161419756103598
26.617634495302894
93.59419832686069
84.3600077525282
29.231620838633194
48.746879370596226
113.16571925825997
104.80058588895719
54.22490323610906
58.53805955090975
115.70265181319279
111.24972414024852
78.35270529737217
48.877962090357855
112.7204874910557
106.29356604304375
60.14894648434399
34.8909385094407
100.45363614827751
96.17251421941967
61.8361246672685
24.904285289316245
84.66357499236052
79.03008591992919
40.56530385612822
45.91761737967581
101.35798299599365
94.73262284743167
54.20353437826837
51.0238796536378
105.14534533303309
99.4796408368794
61.64948550048156
38.62463205305276
91.08918093173328
81.91535793667776
40.86922633875287
24.92747463815435
86.8226583482255
78.76078557680094
31.323979298681486
61.332660869104025
114.19961758124079
105.21777361612038
67.75583645626259
49.57011970332576
98.73658685887175
94.70598049303426
76.00390904675628
64.2282921601479
116.7818368368099
114.41236413394162
100.85994226460865
64.05795184304371
123.44687135276507
121.82314471305155
111.88147281975185
56.49228674789187
124.13316799856372
120.60734400123951
97.25943974693932
63.39317125393499
136.57894571317698
133.00994132171857
106.76628997421139
37.481922685160505
106.23950515751179
101.8173909696247
73.02343635278346
27.382037518406335
102.6381113045088
100.46481919459416
86.72503993411135
34.133016333739214
98.40538437552289
92.8769722565234
55.21155545660106
25.387087015997373
82.72508190650821
75.16942170195145
32.43841876919697
27.984367358117904
89.42158479220934
84.33487116750487
41.05320536272478
20.55229689532183
81.81079484141355
73.92267258000125
27.743000305676954
13.620795340180816
73.94419145833463
63.38290076781158
16.85696407321715
11.929011773143657
71.62174420482096
57.83386518875515
14.104462255161682
14.214483628385105
70.63675903043925
53.83646073883969
15.488294900511335
17.7780598373856
71.64179228739344
55.99558013703008
19.556717257194244
22.39870707918825
81.82825418266376
58.93367870350717
24.423383729742362
24.661051221126833
88.71031650273726
40.53597947725992
25.913614213339418
27.450545529570306
92.74003808827534
46.940986928830306
28.455343783748734
46.86491216464227
107.41203268234617
89.71000360884855
48.62214009293307
32.95829232116119
91.32823340063058
75.83879771634987
34.69661890397663
28.160845948355824
82.09106110572289
65.48713175573896
29.1374256180951
26.95044746143911
88.83381627416334
77.71178639532344
28.06067643742451
27.77363504063165
87.27642161675467
79.93312694540973
28.729065870864417
30.16045420228082
85.30930539390309
81.25788432752529
32.27543386999956
33.10613393199711
92.16294196907727
86.87759968101847
34.60729499706666
31.80790540527053
95.84849451069549
89.75033159841759
33.48078733305544
33.398814543921354
93.76024918693571
88.50283291844079
35.03885594329817
13.250720559787904
74.09906693069213
70.45612256169376
15.062405645619144
15.20359215372777
80.22150669052458
74.61656411023397
15.825315548125271
17.780352095562034
77.66298383259061
71.16154032586846
18.350918222920463
19.90391047452618
79.44584603883291
72.86818190802704
20.55332446869686
26.772096569046475
90.25214634822801
85.62752135161375
27.669761550948902
25.108340275313985
87.60627564330699
80.42611858713059
25.476959440926084
23.615947533444498
89.31751267697547
81.81415135561534
23.976599680731557
25.157024122785465
88.14185496715601
81.71312432910985
25.619778500516443
24.050858183698264
87.49162841442012
81.15646823643752
24.58956728855094
16.40017131289757
71.58160035698535
62.57919933072388
16.70570256570843
12.680155862003835
67.0052142211299
53.49395745852131
12.909291975839412
19.946688020959762
70.16565511530645
58.61598382988976
20.527776020867393
13.140606129864423
60.55525185066049
51.005341081645824
13.67228795114162
13.469648789429353
58.6256218726542
50.40893793213377
14.06270466114116
13.788892502284922
60.08509979889572
50.02943102762813
14.50110729949479
11.974071806128807
59.42917565068793
51.214744883056056
12.76220473421399
10.412149936739054
56.94004701651074
46.327034625440845
11.065464323081331
12.840933030041906
57.015314430448306
46.32292229087235
13.632615447109876
15.439649806456025
59.127048720803934
43.48815630158253
16.015644390171847
15.81901794205909
64.17085681263103
45.10184837868781
16.471291411784996
21.562931983326727
79.30580266646596
63.57741347750076
22.83016835183581
15.715948799474132
77.07058618172167
61.68160437361222
16.86030306354865
28.047842799086595
94.3027680071992
68.27812445654682
29.560175495473516
37.682695314901686
105.39637373930034
89.82705658316922
39.425581543512806
38.92834959382344
104.63057742130236
94.0890555533263
40.88382791508775
52.43781971743773
116.05155829520132
105.60499573414327
54.149234676852025
59.454751226983966
117.39509046117874
109.11620223375942
61.66150898832369
53.099377877086944
109.19923347040465
98.24300239925829
54.9234464300867
66.49916111494758
116.34944337268787
106.22973264756057
68.80116595350641
63.44460224076516
113.818963621884
101.73498159613504
65.49533816989131
55.8931196150976
104.0310092914918
93.91470361650866
57.84554837342493
87.15577550689834
132.62063509311758
126.89075796461371
91.29336474560913
119.06069014839949
165.32302151714816
159.67670684010199
123.3483322969613
80.11112283638607
119.14590400199322
113.85158638027173
84.27531915742021
67.73686014601182
110.4182113075888
103.9126881789963
70.21142300064021
67.75923801158146
112.04825084902293
105.03892170872238
70.09991094935712
63.47721199999427
114.96186359489725
102.24449452977018
65.13891926107101
47.282123122089914
99.31303474445762
90.16114631443432
48.678761195268414
52.23727147014867
105.37401719111838
90.40413963619892
53.68753535899403
43.092807202815074
90.09148938321853
76.8625121070174
44.636204196298
38.2486799031805
85.98523399383757
71.72950409515609
39.624085035855366
51.402276743066764
102.62306478386799
93.7764829936732
53.54622250694999
57.691540332184466
109.37635149633432
95.67114280839354
58.76725458307344
69.32050359500337
114.52243534750504
104.60388724800066
71.73573220845928
55.75384456281306
108.5438649002941
100.59950546242966
60.05650350796792
51.636704907995714
108.68896700303988
98.7303930498357
54.952494807798004
50.42453884575543
109.80122248958529
104.47720586017296
65.0957097801242
77.4057075917936
125.29649637713277
116.66789726413805
80.30095147329516
86.98434141476613
138.01099076091285
130.15775981345723
90.86187431592913
56.398038783901356
114.5855412926964
93.1010853653055
57.27552386882584
54.488037850484105
107.55091083488655
85.0745018018002
55.19402146608601
50.92816084645751
106.63321306681314
75.85192823225643
51.3811015356592
46.50093034824912
101.34678716830796
77.64777481175147
47.10376031531768
50.16731851629433
100.00258540110084
75.04299684996758
50.77570132481114
43.88282852902066
94.3444373486459
78.00146913940348
44.65692926050344
50.26685923715894
100.73584056137425
86.25136236875551
51.60240939935162
51.405932019737364
107.29313468739983
86.61146075032363
52.5275180582253
29.47222749276241
86.60451973558145
46.63635483917628
29.86235499146453
29.40977532148432
84.6784337473664
56.87619303450235
30.09808008531109
32.910131985809635
90.26736489327207
55.27340771869796
33.5745228002272
33.203445890112434
89.26120483765405
51.89096131189794
33.95324479566735
55.434035971960014
106.40082987141018
82.21705430625607
56.41685036322732
70.39194535723679
123.79611197416432
109.7245119768155
72.6331604707933
59.870192476512486
109.27610051029275
99.15900563751296
63.53275543169339
64.5556703019392
111.55421818127633
96.19429833847602
67.00571681052583
58.85886533130708
110.76772954547494
96.68199925198527
60.467002843500005
79.19759105438206
125.69915078366999
111.77866126336805
80.56695683451903
51.73476557040299
103.12725526029658
80.45401339620437
52.47297067860429
73.31650440652774
113.8197004780135
102.60233921543758
75.25910714655946
91.25826940720265
122.6374551915503
112.38783081777612
92.77621703983316
83.06488270052017
112.38311976646052
101.1271879738274
83.9545926797991
84.84902539928231
116.75633719931307
100.57421353663737
85.6788718182672
76.62435487219852
110.95109916029567
94.8094319142819
77.82445663305295
67.34269396253319
101.16339617586773
85.98082233094715
68.3498342858015
62.58320373520318
99.40130270744221
83.5587034365347
64.25286575247836
50.75946728904159
84.59147380596787
67.34025522591087
51.94848380590105
35.336034259439515
77.05234030424494
57.45549596706302
36.333545186473984
51.802976094805985
94.58851654141493
78.93905615027997
53.09053706438136
46.5692516168796
87.02346231481738
69.61198430451671
47.83276826836119
46.96591981998243
84.70134244052056
67.68235058987176
48.030804854037186
39.83096015325062
81.6102160268573
62.6971409781844
40.93360678106418
43.00908736107704
82.60528887951163
64.69542867373819
44.180486171747305
35.71639356596774
71.57835348958763
51.01737012609386
36.26668670692703
34.17336867444852
70.5824491346123
57.882413613446225
35.33617644850226
39.1882427317801
77.11632509219095
58.320937064323914
40.45546195564994
38.61967001344362
77.58897521910367
64.04451113836146
39.80628046517199
30.952593190012536
71.85353066037713
57.03637478578236
32.19078346381354
36.60934030308815
79.07571675113799
65.30593550538367
38.32056591169832
49.73839952381315
92.58228030983122
78.5464943895919
52.33034701443159
55.19496514859244
97.48314651921018
81.09736541891624
57.54441886330295
51.563777163645874
92.54776594237632
76.21446087179304
53.72887730983217
46.87580312049833
91.07563721054966
77.70887903560445
49.951734479921775
51.56965070645808
90.29688867189128
81.71052489448972
58.131996643857796
76.07429277926367
114.87174146466532
109.31157960018376
88.43781014225944
80.94055408370555
122.058817679708
115.8701857730519
92.41413047999178
70.44981256624637
112.89792277732546
107.83837898180711
83.67946558812984
96.62379166242744
133.02331206093172
129.54189457145708
109.45117321098553
69.24389906959935
108.93175321038765
103.73190430658227
81.45061248549523
75.1541084542274
110.07948704312925
105.28137424848151
83.66488549242355
68.04948028212179
102.1167114915633
94.75564768095784
72.35965624010505
62.17075577443043
86.38399438238734
82.35370219695625
66.75555395146372
67.96929384062771
89.1494830580619
83.67071049042313
69.6371131737027
82.48178751571037
99.75629996120202
94.76324011230413
83.99867498374124
73.10065200793336
88.58914268233248
81.60927740162316
74.14832817434497
79.9699196436642
94.90259904238656
87.62730899100107
80.82912793374906
89.10039575231498
102.16430969258249
95.38687778571003
89.78710232999897
92.79806994076719
106.85587651107974
99.2898968722628
94.01653035342459
89.52210973869218
103.40068979584169
95.29989939201248
91.03590509492254
86.99753189339303
98.22965864673061
91.35494074469757
87.27888187078648
92.21047624480572
102.20970104561296
96.67071612200166
93.24230528814925
87.4367101598832
98.83894870490606
93.20048398505071
88.53254391785984
89.60677123994408
102.1881011809677
97.70512953761781
91.36875126905562
91.92805355903599
105.08713843677535
99.32584506363044
93.55769849682409
89.14745461473171
104.78036603491971
96.84352277732037
90.17387127174746
100.54951508702833
115.45953489726878
107.70320820424125
101.84433325140435
95.46435406073489
108.9387149148933
102.96244300593716
96.7499243275783
81.59085505515812
95.66673254128783
89.55101977574701
83.39845460618795
71.86291583427554
86.91351369118752
73.96172113775687
72.0725867617387
52.54737529096702
77.4358204250763
54.529539169782986
52.848141241249294
54.987428172342604
76.58980294357836
61.5632964698669
56.228779959358846
46.320665821483615
67.30299375877917
50.31182773270563
46.86890647132079
60.390858271173
83.91261966010279
66.771258989931
61.13987674690272
64.00602912439653
83.39937805541206
72.25872042288779
64.61195198670461
73.87391434729561
98.16560573708891
83.16071821607017
74.41399576417344
80.07830964470243
95.09105202356086
84.55353434215695
80.35565115597934
75.82331666423707
92.99721895622766
78.93630500496234
76.04465520976989
75.55022300724474
93.4407577735987
77.46515033280703
75.68442513955256
66.15799254701878
81.48101463621896
70.55385339339666
66.39656704017236
67.90251111758572
81.39293065414606
71.40210552993962
68.12558714629917
54.67115930624186
76.86073341750483
66.02621122010628
55.020227404161496
80.89358149135427
95.9560565277943
94.05475491157385
83.13482838654087
68.17282109234067
92.80151378341984
90.06315029128002
71.79626624718377
55.79305153214898
81.52261306900137
78.60980794220784
59.93523098809737
62.968723637039794
86.97825720384458
85.00847130169439
68.75779602515938
56.25847940308313
83.52609358192869
78.61468538144189
61.60297274263671
72.47830529166514
94.74815995072689
91.95011162422772
77.69076271921459
57.08208724680064
85.81934404719473
80.63784805413901
62.60272311861234
63.91077190448329
87.1618393704715
83.92130295260044
70.2337526833163
59.92607198353711
83.11486954134936
77.8799294924844
64.84265059653711
56.95224156922716
80.23299666402852
75.73088252144626
60.763670972436415
59.564280299997954
83.34141477231441
79.07950984032787
63.29072229043362
81.71106489385089
103.49323793666437
100.5715794496636
86.09812421065789
76.4180094405859
97.7619966516026
96.17739444575807
82.98995614488507
76.88117925536314
98.91620586735147
98.08289559200186
87.92710078278523
79.69505429966453
100.77496301403961
99.99654720437091
90.5338723234482
85.14097779853313
101.4248373000119
100.68870734386039
91.98573378829776
67.44933874497669
86.3425990746187
85.23964176682267
72.46645134368275
64.71868565888654
85.87754177795729
84.84005514260497
70.08339416023959
60.7804669736023
89.50938208548904
87.70874115557528
66.75468457688639
52.19222136490789
78.49830765650637
76.50957018548273
57.36664969223821
38.203624339484726
69.36642550296439
67.72075534922669
46.71920331856234
33.087939756060194
67.2731216966689
64.95523251503118
38.85876825644023
43.030188876231605
73.00265898810441
71.52864232128177
51.14438244023721
48.87627869577109
78.50872412145424
76.61507329449564
54.62079165697833
53.92223450528687
75.45637670398575
74.29931997709828
61.329820976519194
50.467134129590015
75.89410151509801
74.00785493338175
56.21381846588926
56.81771301499397
87.19543013099745
84.4709657212408
64.19462149951771
62.99144123028353
91.54287772554635
88.27954782715999
67.71508306420368
55.72033807905399
85.39547455801494
80.14845241524021
58.58461659881316
48.07460823930981
80.43313317211022
76.02753755894315
51.46805293236781
49.635135952377134
84.70857040435493
80.24364856591565
56.97955165371181
88.82383117375501
104.59780383618931
104.34825974919761
95.34300893197577
33.164062245512774
66.64059722625751
62.779073098041145
38.18411415829468
36.37416083741505
74.36152527217897
70.53228815950072
40.90082184388151
38.55139403995856
80.08012449769645
74.25876958389979
42.05333284931873
43.019875761860476
86.0016092881312
82.19128237941061
51.48908212444016
21.70356546120155
63.187087237945676
58.12518514291858
24.69674538127127
43.60306931169686
85.14063355047809
81.06411074330781
49.59374129335045
38.53755352803631
86.38852935526336
81.39423128143794
44.21068322242632
28.589269316365765
75.87960398531841
68.78402998925925
31.388369689609615
36.330700052400495
78.08167183367843
71.88446153903155
39.6026801407816
38.34833248641163
89.91883164129791
79.08962836004154
40.526285017279335
32.1037441632067
92.6709302345606
83.34862716848103
34.490446324911446
39.66636997634247
105.52057068084072
94.37791039823058
43.750370489349244
29.805872587713704
94.7433054484194
86.33469863170296
33.393729717036386
22.347589885676094
86.05317693864893
79.22331785946041
27.46842148964491
24.75500393790463
93.36031127497654
89.09734372045743
36.01651220668905
23.361599073336702
85.62965438683369
80.52369830927053
37.32864537501833
38.689596287715695
109.0330918510296
100.44727199858872
44.04431532310413
39.84667482254694
113.62510580369776
100.72909421116928
44.27945606014508
41.570285355334875
117.4644033937589
91.62040043622206
45.4958542901707
58.86762849382404
133.16805766824666
109.36117976324287
63.631298283277665
51.173020282800906
136.89014103837133
112.24788420897669
56.32638997708718
36.83690621861892
119.52879577427028
97.10596905658294
41.033862612048296
43.36689189407336
128.37880208114856
85.3489019733392
45.61930072878861
32.89903847487572
105.78865699411114
45.91017661652891
33.80325706140534
26.202666086931277
101.62192243444133
40.644851545167164
27.031734822820585
25.010266298714996
105.84515075261717
59.9148479634379
26.851173493218038
23.772042544594285
89.93394666889075
47.823208720419494
25.510761742362877
26.22646135192849
93.82835649665722
38.48835721917083
27.22088203407116
29.46268443762217
96.66831726205717
45.49572972125431
30.648029786681164
31.955404036071098
102.57707552929577
48.28618782882009
33.418342435904535
25.49508844731742
103.88864669551205
50.21113495654585
28.025236855431945
25.589868191188913
97.17863194990387
48.36020645838747
27.554361530205643
33.31131646051418
113.87143254363171
85.52933233310551
37.15473526264143
39.25780224579025
123.17456804101612
87.66225654880795
43.12491532146172
38.07358849926314
120.10446838470519
87.53924222700091
43.757665195696184
35.34983991627317
114.04747503071385
54.173629690213176
37.32347298142558
40.70470966512305
117.37643362565069
66.27216064839139
43.43095550322079
34.07480350811982
114.59136672909106
57.0173039664435
36.812488748868056
43.99801421883802
126.51799031812524
69.34704708609245
47.53949535908651
36.54201162375168
117.02198012207953
62.65006826060554
40.06507952042904
27.936408900815255
110.2349064803107
53.43830692370753
31.88734964764739
28.29531060626839
100.96350010487737
51.19717830144308
33.3486477231744
29.57694028552371
100.24792940468475
52.9186054287508
36.5946811072465
27.13915765966503
94.41836821620792
37.63326900039899
30.49395032825181
27.100694007066643
102.11808967806827
41.54796046537188
31.68403788083418
28.6784285666557
108.05753595475458
58.164183456696286
37.70695656848125
29.458513442689647
119.73138846670918
62.07316394777509
38.186902481266245
29.620191433208916
116.55135072325758
60.653952027840894
39.93109519687039
35.45185325545896
126.56736532708598
84.1658676449392
53.54541116204047
37.13728106911187
112.67199356731575
62.696710429316326
45.63467185051879
36.820592343034356
108.219992402446
54.24760114353207
42.19393083877639
49.03089260237753
128.85220872950325
66.79285311408071
52.68358869314876
38.079545806713014
113.9410138541159
48.893346808841684
39.89365082522346
48.066264243843726
122.31562097646527
65.16804204004676
50.484722701119715
59.43816136465993
139.91470992275907
90.43835539472647
65.34227878357065
64.34082378778922
145.85130351900173
104.7111075595486
74.05770963109397
49.38377084079963
122.3397682678799
89.6918866961782
56.992667630201574
55.79198054213629
132.59003543194137
79.28815076574426
61.1270559094137
45.744260590633935
117.87884995331429
67.02322756889242
51.90355403429687
38.70697609417524
107.9428624399874
55.849714013736616
43.64021696013674
44.66836282509595
122.55858673108807
72.5818622039742
53.63934880439731
41.02469357834216
102.32637416439051
59.422067700419255
46.77859379548437
34.496460579768126
85.54650112328174
46.67976871726067
38.240074893682845
36.38923801933192
87.4549541681585
51.20710240422889
41.19944118835484
32.63205316899943
86.65057028999064
47.594065848997765
37.873267769518705
31.753366610797684
87.80207753050453
45.790464971081256
35.324000119607355
36.70585283901684
98.44421540309636
55.92358402821098
42.968064564803484
32.30926602728622
88.88977792020883
45.55188439384698
35.62480184411735
27.675603342271526
90.16271337578254
37.54728282665058
29.73588792512357
26.12967046947132
81.83010191439536
36.12955961529148
28.619086890420807
27.816519812251087
85.17363125541416
38.647338954447555
30.18249466898746
27.89475045847421
79.36815832133243
37.84556168179802
30.530264465166386
32.167326400669616
90.30228075393124
43.34390841242976
34.61072050962637
33.01148377784068
91.8828929166236
43.581097352564335
35.55173135246612
51.92343545600236
122.93873672059044
71.59198531827731
56.122480836480726
55.986076729301566
129.12799152362982
87.45047235041051
64.5632557392318
54.26071148093246
127.28399428807133
91.5301386890057
63.74800658088035
68.127148237017
144.7248879790713
121.47695829054881
82.03698152522809
66.93158105386085
138.7708313657555
119.59834202254135
80.95365419970484
62.27001398527423
131.90167302113275
95.08396072889586
69.28071789870972
75.82565441734137
147.50741553645457
126.15964275534019
87.75613516787514
70.99644380913504
147.16388892483516
138.48188953556982
91.71215318917291
61.32646687939134
135.06171116005814
126.02018003164572
77.37816913654981
93.22492858550086
179.97511488313438
174.35488886942645
129.1429535283633
87.05632823120776
178.30277236339595
165.1026198794728
109.93060720294297
70.96801106685004
164.51533710730837
156.00945170286172
100.13069159810338
77.01734371045052
173.4659064235812
165.05755209538708
101.39154684727689
59.38052632658219
158.87544801515986
150.74480910451445
87.39280704314484
101.94559299271931
207.58820610537123
203.18771451689915
162.40738881542336
140.40184258967517
240.18307292230102
236.64042252404982
199.28711526569916
123.1522072979933
214.7161921749233
211.34502982830207
175.86339263082115
104.7963820450813
187.5595393693247
185.17796764528688
159.9030385827793
84.74739558076756
160.02554216199346
157.35523606862546
133.53003637018014
71.89192640727511
152.43157731976467
147.46781222964654
101.23317593944412
72.32147912633438
147.74033210013997
141.39578932922186
86.36093592507606
62.026347364017
147.76790326708806
136.39172973970287
70.46023734644399
47.63121486531738
121.77188323761128
108.61058552856456
50.95971316762864
55.55195416382049
135.07196324248022
120.7201369300279
60.19170040331261
53.95482787811213
137.5948757091056
117.31576213133397
57.994016455631865
43.59511859098698
120.29069193636053
60.30430237331457
43.92940841291498
48.41931193885407
132.60963554995638
96.79877486859088
49.32276248761166
44.47151337386308
114.66137921444584
47.913864884569456
44.63684577844018
56.57884169128834
140.606027609031
74.18271500039731
57.17743238425268
48.3363788609879
137.1832487238382
71.10046527604756
48.87158914132812
48.07682332101714
137.9528826313479
67.72273322511961
48.4817693889918
37.028918787741894
130.06434757947645
58.254545806693514
37.394023829649
45.10381436842582
142.1674492091102
97.18539682981309
45.938290160281696
61.75589401470741
168.70838562272874
134.62935309190468
63.8234503770443
70.67440376682852
173.44152276210596
144.47202141191147
73.67538019377663
84.16970780297522
176.2445920444654
163.30239502133037
90.55234741380654
92.83890105155876
175.1110391886413
163.59142498093374
101.8252759619919
89.01255391473758
176.94658926313755
162.23695564315184
99.37802750732831
111.62074581660505
215.73902350520572
198.16181887452478
122.20791983569374
93.57203042705028
207.75543229096377
189.7603922046201
103.88689835999004
100.88276588635492
217.76896546096418
207.64415196148022
123.30016204275064
103.24997728671256
213.30165242375307
189.88014851821222
111.87743266404809
89.84167759745654
205.49011080099314
173.6704612906493
96.4079085659605
125.36681889194891
233.65124135074942
211.0299777312717
134.85908868327147
132.17357916570165
233.16999753408518
209.3165451784467
140.1873525583061
146.15490771161188
247.66882366481047
228.3271039032865
156.1577106562529
155.98426537889813
256.1856666232947
239.7759940897963
167.55052067742955
150.34066510333082
248.85074881906604
222.76327722366327
158.4794513267435
137.71189311683221
234.66652148933093
216.80067047376016
148.035119994831
114.73666122271854
212.7593380302848
188.80381956203902
123.88893747928067
85.71466843829772
189.31963172396306
169.08233466848958
95.89363145055204
101.41273862528185
196.2196008747064
170.45986107881424
111.14174774175962
125.35836821290623
229.64798171621115
217.64649386329336
146.05191069242014
108.52964444077766
214.37018652500063
187.19912836763854
113.42920341173108
88.27525031876564
183.96030652700216
169.53933024126
93.9971016766635
86.6554282648602
176.85351057089662
167.70086142523277
92.7952019144355
85.31618509570232
183.7288685803428
164.2936835839929
89.64367175863232
62.6641904690082
155.77449973427335
130.82651302527916
64.68802211094383
52.049373094956636
133.77565301958168
105.20151023641519
53.080056664119724
46.170360982314456
133.58487152804346
108.4105785133193
47.15967757311648
44.1905072528837
133.46064649480357
94.68431731149442
45.12771112917812
43.80696745526681
141.99021009603828
81.63965173701807
44.43435168138819
44.65273832209559
145.10724884893617
96.17774720616968
47.14917089093781
50.744400040573524
149.4933336643885
100.8669942179102
52.023964690003865
53.83822464675647
141.6834240678881
93.355613121829
54.9320636239777
64.06152667067462
156.43231877776302
101.37181418450767
65.11411081107867
64.905605027523
145.8718490780878
81.08984575817502
65.61808914606159
65.06538350629299
150.45607937252763
103.22353834048876
66.9886250836172
70.90220693764671
149.2730335291063
81.62902605511076
71.79765747595177
80.46925182638655
155.27839623828314
94.33355437820124
82.22383620849881
75.39809424330645
150.3534685555282
88.64427770552088
78.45256393920207
97.05272923463055
166.44582313497554
106.90691928908808
97.7242665598567
132.62341412359916
194.7818397454235
141.9858391004829
133.63442497279198
132.11438842115328
188.67931021693394
136.49259046333134
132.95872215674342
133.02837007140377
188.36222297109202
136.87231984090852
133.32632329001777
150.33046833705598
211.31065520356722
155.12343925842472
150.8170221375549
145.12799547413832
198.81383304106532
147.47677217246385
145.27859527805734
171.06479388989527
219.47749499323737
172.69691429266217
171.16720917692263
165.2185387353437
218.49272837251834
166.9193921216302
165.3200378420339
142.8334243840485
190.90166274749015
143.6735273883359
142.88824599742077
157.7320658759054
197.615952899073
158.53078771856448
157.79545966577678
163.6277651462191
197.60679647401568
164.12901810700797
163.6656950283277
163.2174706372294
196.1118116047168
163.8395022420691
163.26004650662622
167.86872631266343
199.96713793636295
168.47205746861593
167.9108485073051
141.08902456318194
180.41087751037307
142.00754811770497
141.13988143285493
152.97459679739987
189.47888766939073
154.27319773034927
153.06349426851475
127.39197032694658
161.99356845389514
128.3940699672656
127.44066181748646
121.07633623936817
156.246647437959
121.99340380810584
121.12411840683701
139.23033277638072
179.36859129168428
141.08327440576443
139.3615348466864
124.11655696160567
149.88498330863055
124.32930729310532
124.13058850157282
141.12126435336725
176.22608633873367
141.86744597428918
141.14573251014906
124.00871179205794
146.41615933446909
124.40036096127974
124.25307625093552
139.4349786320308
169.1480195857169
140.11374403544983
139.47382546600468
109.90932558687432
142.48218585856242
110.4881141277622
109.94149679375224
93.91219038320735
120.18345608163911
94.41648099015994
93.9353492553515
83.01656429901246
107.56453390431942
83.50385300419985
83.0396698540725
74.87639521026578
104.68717253422002
75.91588127150249
74.99078526808299
73.04306925866726
119.70907026123271
74.74937017682761
73.57233274475173
71.31708856993023
115.1241413810664
74.36481424609144
72.85548395991377
71.91239387928714
108.0104864173085
72.65655410292533
71.94919981258273
90.83008703889233
130.42689797588756
91.81996755193356
90.86509827873692
77.41186099244382
110.93099638938571
77.80422164532871
78.57104704989712
82.36504081011786
117.42002724399755
83.73547508056353
82.40150595237337
63.40919230840572
99.42205457312988
65.02172622792263
63.431288599490465
77.42869461899998
118.49792471844599
80.86423775093942
78.13410528114643
76.74129728324705
119.1095779233462
79.07021281071536
84.20018100967631
95.03551892470497
145.92555708906735
100.99677615965226
95.17842796516196
116.94211901457844
155.3048706987005
119.97919520179177
117.28898361482999
140.51985006970114
176.80485001377605
141.17089045963826
140.5100318811547
104.62994195726206
147.0191221189985
105.91974727908455
104.64542920198488
101.7305820672045
139.52592066078333
104.29246253185008
101.75319993380512
101.35446235245497
136.15901502119604
102.53364453158373
101.36407413181894
93.96803210735774
127.9378885241558
94.85037461549588
93.97902475171588
74.29450873338243
111.43741539813047
76.14210367350834
74.30445601722742
72.96629870643977
114.76315970112866
83.86217722514958
72.98789526947967
88.57545195481714
131.69376368728047
114.00383302359698
91.6019804689288
76.72199291612344
123.3164556517295
97.10861093440559
77.13984186317819
70.41798571894938
119.84452688058244
100.57735323244458
70.62965394665035
67.4348082011742
126.60663056821812
105.4658784377719
67.60221600416774
80.69156755669648
130.61187929905455
108.12849769897934
80.77465871869174
84.73274629881854
145.14433620286547
110.17227252254136
84.79579148720468
76.78526146490825
141.9871513822793
95.28966422151542
76.8490603511169
69.85162677604302
131.53561527330558
76.35744914077371
69.89996758697963
61.91640404788003
117.26123405850143
73.7216792936793
61.94017458359186
69.6611764546019
114.21453109137495
76.74720813526706
69.67586485052703
62.575101597247624
112.4989990153376
74.3552614226854
62.59525938823188
65.05103691714598
106.81608117547232
66.83672070926815
65.05919126247733
56.33787055429139
94.2213195677085
60.93741142849856
56.34843267379595
46.9256011165784
89.96824740070042
47.797219136813446
46.933041554644646
52.08681103063026
103.92311852896744
52.48384603248412
52.0905858677196
37.96165839946679
70.6298933712412
38.300518857127805
37.96542907004848
38.73771164319704
77.92693414260845
39.99529101575725
38.74647362112769
38.560121388527975
74.2014776483332
39.13925505474542
38.56451007449272
43.551817921508636
82.06166396870765
52.076276281928095
44.23325895675096
50.72988430957124
93.94717827282054
53.75115538143923
51.76804056751459
40.419552554479495
83.84522804276584
42.01992701395611
40.42636083281827
37.515654922296584
82.26046789069309
38.05068621345049
37.53546395811299
29.69745216250474
71.45237526369202
31.059648258204984
29.977062001698037
35.391271718320425
85.36453826946351
35.90875808330835
35.401784284136475
33.015154924237855
75.88526205874238
33.12051933631571
33.01696735615428
46.61183814354908
104.25315061615028
47.64948616987938
47.87449454133117
52.35890286975842
106.29870926117576
52.82728829490791
52.3674349068813
69.52348023637343
144.93608087782087
99.02551087314559
70.24895351351044
64.21650933339335
135.20728249804515
80.1756069557084
64.39464337268578
68.34645743970913
140.2564175691021
102.38820616539813
68.71736195999074
58.61199647333152
123.6324280395353
89.68131023553069
58.93380574918664
33.32344446255256
98.11610776906926
72.07210090854227
33.562284993125154
40.496371458221184
107.7543968429359
92.10387017986668
40.859241746912645
43.34790419699991
105.65262317260735
92.01535009790963
43.737916946250614
28.204090036081382
85.81375532606167
56.26939285820607
28.31954498564768
19.338328582968426
61.33483562411982
20.156807321197437
19.35358221362599
24.38193917134707
74.11215730671432
26.661509624897676
24.42688742930513
28.100734636950754
79.37033943700632
30.758857550650287
28.12750686168733
17.62681576242686
51.00346670798923
18.059500670211992
17.62860559424378
14.596022212907712
53.856538304514594
28.617816007883253
14.608298784101502
18.887116623400466
49.061739987364014
18.98940120282683
18.88718130294452
16.286508092521732
43.02644122626986
16.45782457246887
16.286060796850386
26.60850195827087
57.79473287082126
26.8883350177416
26.608056865400464
23.40185606597012
56.738691466574195
23.502019643363234
23.401813896917734
21.818127906622532
52.63123254306273
21.852900255506512
21.817938288796583
22.966754940936582
55.00336328346399
23.01036868246893
22.967197584603312
28.948009092929578
64.58117234770795
29.049855871199814
28.948450090614177
16.57954044188558
48.211200852797226
16.637178212869486
16.57964680691208
15.456312688599894
43.51539756179179
15.52412321580744
15.456422744700866
16.347120998162236
47.56727799002318
16.50086372247762
16.347546829577716
10.48961898204417
34.261104635627206
10.633580230819454
10.490578331036907
12.054694416002665
39.004059915692814
12.743779429741299
12.05841495634519
13.463779343049678
37.91058816022096
13.605540719442967
13.465740599041702
12.94690795516632
36.01883257886661
13.042618389374116
12.94864652759417
13.403075598978361
37.24182036959482
13.561659921130262
13.404724426249267
14.652029621579064
44.6356962218571
15.076601662854715
14.65475138179824
19.937673125267786
57.61904380307569
23.98436711997475
19.943880455950232
26.943580714444366
68.76903034848168
47.09755640421687
26.97322679430175
29.509484431051337
69.41659316990618
42.822617156075694
29.527808003667584
43.06293989022041
83.41842580557984
61.51742431096347
43.10483220762072
49.22795571143029
91.08015315183451
77.20450929585694
49.341197121480306
82.22803287717437
123.54094176551212
112.42209912463161
82.63998129476255
74.16652908413134
112.47804329650273
92.3331133471142
74.24283651740727
107.12547080799794
136.45117162025593
126.48911858573649
107.37117129266058
118.58690248274821
147.05973341918943
135.40922539237724
118.75512291299941
155.11726586155314
184.17650709195235
170.5451621793268
155.25632220822942
155.8365513125997
182.53515850526443
169.91735359743885
155.9870233932176
149.29123503258563
173.9819054897337
164.76349398859995
149.4478854198039
157.50531019639345
188.78805769133658
179.0031246069627
157.67728892117304
159.3434025066921
185.4665832038656
177.87018241138463
159.50422852572402
157.57998122485904
181.49386353708448
178.42056373767315
157.85383968823984
162.26505887108573
185.0015427924573
182.34675377295804
162.61347435910403
189.6470771398954
216.61410738812384
212.72271325696602
190.02863523740302
149.6785917008545
186.8855100042756
181.3156159857452
150.06906978393545
156.84082983951052
207.37622349093706
197.42568617334226
157.2979323854863
173.8562496771266
215.22812210975144
211.25581419027722
174.6608159853925
176.63864626279835
209.25221692657328
196.5701646600046
176.99743363495938
160.70622117147104
192.2872730909408
179.25028436898654
160.90398743257103
165.13800058561336
201.0165379512345
188.60609770542425
165.37957021831002
152.39722350710844
180.80407262901076
173.37788012666985
152.84853882321093
132.5351108391298
167.06984176778047
156.15473476053083
132.7191575534569
122.68409364254646
155.11579453645183
136.8031598113032
122.78384654249493
155.41683631486262
188.09420583964788
183.81377332300065
156.10319395175324
153.3677959259368
193.40775900097103
186.07656387559214
153.75969651644397
157.86187920754494
186.42856329917228
184.14428175063262
158.55332261527266
160.44402536862836
181.9952327393236
179.8005686812672
161.11582913636147
148.272636327024
166.45956318439326
163.68261980980486
148.72535163822198
156.32643865808555
178.52707112797924
172.0143836655836
156.7781660900319
144.94531837801017
179.0137223221339
166.37541318571894
145.50365402719072
129.20946835011645
158.89913586861203
129.4737041834944
129.21671800772376
148.72191157295686
179.6519029347291
149.05250868507312
148.72140278781714
156.23893482214072
184.92916114164234
156.5714938152812
156.25442411328754
169.59262115086452
198.40381466302964
170.0065438633986
169.60433794426362
153.84601261298965
190.4338220894632
154.37372331296905
153.8579073020488
116.73699786954211
157.5059674312443
116.99534373808106
116.74113336107759
89.33541799032763
126.99273390985545
89.83090512138908
89.34556759968247
87.39910477920291
122.37588533498972
87.9960105895047
87.41054344179672
64.68066311315222
95.90755800893699
64.78572851603077
64.68604940795674
55.9954976185749
89.82450729513452
56.14015739288092
56.00342401271705
62.41775946231454
105.9818039380695
62.66772234563622
62.4273347612367
61.78558640023357
100.12191816949807
61.97991085236279
61.79205589996299
48.63596175207192
86.49144398287217
48.75413407249895
48.6404505403522
56.194781274973494
100.62784892033417
56.37787177667542
56.202097239009596
80.93368539965121
123.74634224870017
81.48780457292777
80.9515779913203
68.0325935935934
107.84040392369141
68.28811059258962
68.04281010369681
72.6009950092228
111.96666869679743
72.68074866048545
72.6086029720965
55.34185567246855
86.6175977372987
55.535011088375654
55.34652512638396
74.58063703972208
114.7084858204296
74.60968598269582
74.58611535992887
60.020007938884326
97.17416747544883
60.04365495543741
60.02011517509219
85.97656858263879
129.77409300438615
86.0264046458189
85.98449514873485
47.63339274031722
92.53547375984552
47.65102384421399
47.63352589418816
33.51591300803073
74.27966555637826
33.5333731357975
33.516138758648545
43.57428856381628
93.06578012613818
43.617674967957726
43.574722256100706
41.73842900508919
90.5697216947476
41.81164072010677
41.73894887095457
47.829118534993476
91.96287786932889
47.8649087253941
47.829928225162035
31.227664867932905
76.4197683403971
31.284908639323
31.2279766000307
31.333353896284216
76.51989490777883
31.42508904253479
31.334071196474106
34.69783300748119
77.16736058189409
34.88048077555918
34.700228575330556
34.7402183890946
73.16049133865437
34.80937304477952
34.742072418434304
33.97909082633154
63.05053755414594
34.01874801909004
33.979936352812125
30.997968523396676
70.96342695093382
31.323442579723263
31.001349673216406
20.7323917190052
50.97316682991229
21.132440024649
20.73571092702094
15.959061195100551
45.43267305695166
17.186034143628888
15.96847882058286
17.76250964790696
51.74977820948731
23.561440645068686
17.792579585144594
12.221808736089965
36.234471950879346
14.124927746133778
12.23353463748296
17.462007179137615
39.82481653199626
19.285395076097092
17.479042790288833
16.14200756488058
36.487102985387025
16.958848275083596
16.152309678919117
18.33695820792712
44.20746415646834
19.91580204388596
18.3622162470318
16.98475639278244
49.65995256676969
23.703181231491463
17.115309908748745
20.654134636035085
55.792783662645505
23.081367124464133
20.711636268596813
20.509812698329345
52.68885145278667
22.03860463089814
20.544353428664227
23.579348244533787
57.00221989751886
25.93048449190757
23.623555820853053
18.22690868081975
50.261041146951136
19.399784290265075
18.244089001915427
23.945421293505202
69.69751295149774
27.546378521900927
23.98115563288087
38.798471274872306
93.90961178863596
48.08140466153351
38.87887724867049
33.664644272255366
76.1340172986128
36.66795679027855
33.708827477408306
25.046574467982584
67.8689069740004
39.19883824403093
25.12078752276575
29.956490176616995
68.02996654279485
37.057429051122675
30.00336077844282
36.32348913862017
78.52086783781029
42.25139639343979
36.38423181514883
50.984535010868186
98.99008629487307
79.15211591630924
51.171957543644574
47.94789751406805
95.01094948186515
75.55809695873546
48.00063491242217
29.555896496503436
67.91058330687287
44.45930168578247
29.577615693011833
26.133159628462295
65.6024636312525
39.046791742610196
26.14872599972091
24.509601352597745
62.19694604796715
37.83670590045206
24.517174151862573
23.46870535295895
60.99982751318223
33.36538056391828
23.47406189503489
28.31547460955209
69.60893056701501
35.84421486012921
28.31995192330605
23.845125163198645
63.06037514704647
24.988968575259847
23.847870867076217
19.044692294372815
60.03905317035767
40.8184069120634
19.052896395952928
19.76688948583471
66.44315803951787
30.273069979232265
19.776733996698614
23.212011662986594
76.72780760741936
52.33915671007441
23.226365643063474
19.17983286182732
69.7231439203404
47.12881728642317
19.191623507533198
13.269913315635522
56.946330581896746
36.565737311911946
13.275523702905065
14.525665340599785
54.52528531957145
19.18015587192774
14.527355566863976
14.956395589874687
57.79355884596134
16.872462161179833
14.958128584155293
17.139376865897358
54.885275942712255
17.704403752863247
17.14076201903157
16.721778185779666
50.173144831879355
16.933470555476095
16.72303985191961
16.230316978960094
51.854539559094036
16.46305811601313
16.232566285461807
17.30230677938333
49.781260098674764
20.411744250846287
17.304479337810374
23.281835264294156
65.98662574464201
29.680528112677354
23.283756818182137
31.57600829255055
79.46781928351376
32.409019408391565
31.57916091230356
33.24294876251681
78.67974030865949
33.68459907298083
33.24330868931202
34.417386494688415
76.00024552639778
35.31912826575783
34.418464466234425
34.93281086324113
79.21315107001071
35.376826797119
34.93297382651198
33.02870367909108
78.0657133820691
33.271346163584326
33.02930022282318
39.551757805982604
93.7415242623253
41.846136089800325
39.55678413455555
33.41736936381869
75.27283363645778
33.71790085366269
33.425906752977525
26.739632791327114
74.8603148603467
27.092498558675324
26.743516517908837
33.50710307225327
80.71884496927156
33.60621261440294
33.50943939314842
35.329276924267475
78.55005098072255
35.56786367788729
35.33468741003444
38.6309209545824
90.94478863219405
38.85377342901836
38.635410295580456
29.827909437674336
85.84582816698513
30.04518015648084
29.830561792522797
33.466488028868376
85.96558771373614
33.695100697645586
33.46802729556132
39.64269721162171
87.89801544193553
40.225617072300196
39.64514843881244
33.72734902733817
79.36746699310432
34.664236172039935
33.73099246537305
34.05874423638577
78.67436044872579
34.643053301931
34.06357990439549
30.300080955057496
74.9547344434068
36.75193321872154
30.306430475773716
19.179675814526302
58.59529640182125
20.86737621409377
19.182115102441195
20.359898411257102
59.040633670928116
33.968229327957594
20.364066221232406
25.391018470014917
61.545336156955884
37.23340124598578
25.395843943776537
23.684080594397386
54.613739951892356
37.07258385294181
23.6895084864165
19.36688945583644
51.86476536768073
30.395064435894973
19.371895814874147
22.58618375865192
54.30608365214815
32.58407876228758
22.59202815488868
18.55965061811166
48.89699272911007
22.87819134784113
18.562571963026947
35.34818008363126
72.60246395663171
55.55333998805337
35.37135158183863
35.13764253666465
73.6338709007783
50.38680261607351
35.14906971429421
28.961774846480793
69.50042170546038
43.52273246097164
28.981383017496988
32.607803311937445
71.31386896685595
40.9796475835774
32.62413000401832
32.207726338858436
69.06016778647495
49.54851244599252
32.26611365467943
26.064728980473657
65.4945138757093
55.44021260742153
26.45482141687695
19.014232612247383
47.833878575163055
32.26225755349192
19.042247124230872
13.324875266956633
41.78691969243732
24.792013881629455
13.353581224156688
14.08882912721733
49.932866780797426
42.10745045961811
14.447345684839476
13.01063206195942
49.603134111534104
39.5543110073026
13.292614340346148
10.438529698370761
48.2504236546265
28.606478498633162
10.615278658265437
9.955533342446424
32.21494917942136
10.410791070018204
9.958165942772672
11.68919668692277
41.9039096204676
12.331964632341682
11.69357100681609
12.014604377551445
49.748781813725884
12.749329342455585
12.020900521755932
10.309924921011076
40.91188983755421
10.55172562523287
10.31364115035819
19.850575137276245
53.40013059476851
20.395726637967073
19.86015965117001
19.84452858142169
53.25993784001906
20.25707657034173
19.84972783673316
18.341807031525875
55.5148005769855
19.063538486517235
18.35150288770931
26.930517846009398
65.2162860552722
27.709277361125054
26.938884291426504
36.38935090600539
75.60995944828846
41.942033716356086
36.41663494240396
51.48833000928969
94.09712524542283
62.486163505098375
51.68160271719349
38.07119143559037
79.32690330622704
51.70064129605582
38.27112354403337
37.642932272997534
83.0993804716817
53.56016254917176
37.88377326899768
45.03264536858382
86.38797893503532
53.03489833528275
45.22854974856061
40.995259616599654
91.1238853832808
50.61345614436491
41.481017614414846
33.935206346498276
83.34870778389208
48.82210505872683
34.62026230614626
59.04142051236946
107.55326661684647
76.49528560827481
60.28520636049628
77.25352804847485
119.88602610004274
102.49915532130386
79.18987758906654
76.29509494673488
112.59982095526604
95.48488827756636
77.75914145174677
78.79089188558758
119.36475134529036
103.58371886963657
80.69656892012327
87.14035090234846
125.75843387838133
115.11456830440116
90.25520319691181
86.27462136075866
125.17769997483393
115.44027844446796
89.49581807173547
119.22291171281996
153.20109672811006
149.63607474933605
127.31694528445644
102.45975972411311
145.45762270808447
138.10554083192855
107.48467105166866
83.14445128942205
128.5371385342427
119.06935039126853
86.96132806342237
94.5189495201168
140.03797202184052
131.2691967140604
99.57947889670498
96.57697968520648
141.1321049020026
128.02286284722945
99.7905545215887
94.04092711848712
135.30295824917553
108.55634334536546
95.10956616488643
120.66858833564562
164.81895912553682
134.64966417872895
121.98208983021932
123.18769212618905
170.3569248514207
135.7994906869603
124.57243943663813
152.3620658547372
189.59420813187106
162.9916529119003
153.81397618895105
170.45175286806105
205.29093025705566
180.21297838464625
171.50446358643308
166.84937954925923
205.04717448719967
181.9510525141464
169.08313537863884
171.63234413368218
210.20761727192783
192.07407984974785
173.6512022518973
158.04937050377515
204.1409462622992
189.71193220777383
160.6187590508644
153.4138488731987
204.83032631151463
157.947013948822
153.88427254004333
137.51378070425227
177.20793087950165
149.29505420651793
138.36722160838198
188.19458711338427
226.16134905797392
220.89100385909043
193.8251206468141
157.43637048434556
198.34943762713104
190.66314322180273
162.22842237292008
169.60242025320306
202.43836602337663
202.2628105156607
201.73621665719855
169.5098323705351
208.69142568516406
208.41884174342707
207.49995395656526
171.9468277570867
201.307924618563
200.74091400530864
198.0072954378459
188.18995183197458
211.32306609159946
211.08033632242
210.25140516187645
186.70133772954782
213.2381945769772
213.17146204262667
212.97212600934805
197.7312539603395
224.77456768053744
224.6971921890218
224.47096653425828
210.10155426552026
227.47506743082226
227.25896508995666
226.36834788425475
161.53255709879744
186.56172060072697
184.2457854856375
168.9890669945261
167.00890220541558
186.21951818749068
186.14685024095408
185.87924878756058
156.71186979419068
167.90815889764684
166.23462988670295
158.4209586727358
155.90070660370748
163.92596363150017
163.91082944950332
163.86216704894935
154.23540297838395
163.1609660362661
163.14054820064797
163.07443164792113
157.33638069625687
169.92153198112737
169.7059202323523
168.61584433569897
124.41609127083007
140.4896768662262
137.31459299284123
126.01871072929539
110.41122013195633
135.97192760510487
131.8968932759714
113.03917484886787
93.6249957336226
123.34651294985142
121.4854954210346
110.38196648805591
72.03106443266195
107.86037068940308
105.28188335209367
95.09190361400945
79.75110480369129
113.1279369390389
111.27048565333847
102.94804948314327
76.76577931534662
106.4084333288993
105.83480754712267
103.79256881517831
74.87244339080375
106.51372341916509
104.52472809809008
92.3621813711891
78.76780502209576
108.21022306053992
107.49603602414064
104.53062273245497
89.80470424528073
119.60178830864835
117.32199374344876
107.69353846954566
71.92445534733639
98.21886378253697
96.26512141572097
83.59643757295517
85.71349580592003
114.90482906060885
114.0719571721609
107.14904750310436
73.31035249510741
106.10716495465603
104.52902790833095
88.78280731717055
106.23679921937583
131.8314164170949
131.19257283555987
125.89277688938662
113.03635117965295
125.34299664110155
124.8254439818753
119.81491470428816
99.84768201376724
118.20267256898101
117.2142589279079
106.7681311883376
77.4255226999343
107.40821806339723
104.67160324662439
82.3018645703122
99.78905016992609
118.04233696192891
117.23932385010201
108.02485585516838
107.66101404716437
121.05142450026733
120.54421103458485
113.51538393924345
122.37086288649763
139.78200087686798
139.25424208442368
132.51256719118567
130.3123090509223
151.14949095348126
149.9723732834593
138.14202726334676
140.5464281659436
156.08104057645085
154.93393343236025
145.06886386457455
148.80831064911712
174.28698442693855
171.65488021953465
153.93927940150482
149.85025177368112
169.0168537937763
166.75020417455377
152.94529343845673
131.56429206256558
160.89117059908995
157.55982900676895
135.8531644986386
71.31620724949573
124.12832666889962
91.04398706493934
72.33009461465954
91.54255663099612
148.07640452307336
124.73372124115448
94.11408985716034
59.8181228100275
125.53767823875509
81.18951920811173
60.94754284369717
45.53095558499495
115.15764442564443
54.518126809517284
46.078492238140576
90.48921690001335
165.2675055271182
128.9996908632481
92.45486264408325
96.73138808927803
169.11817010529597
125.52458549322871
98.16112409032766
91.62598582876336
164.51163471981445
117.80636191331192
92.76375042691777
122.42728395187494
174.86162336517475
155.64458933478872
124.93960084191882
149.3625002686539
191.0540832253601
178.9559454892456
151.98107254167755
164.31316120100635
198.40481185040235
183.2860706178126
166.0140818126975
134.20230150374863
174.74634290715323
157.93756188215926
135.71685968384418
120.60552682284465
164.6067995521648
141.48154832449157
121.54418943483786
125.98621656953857
163.5521710741327
145.4108498611606
127.25339470562429
126.39099081896966
172.50066357009706
148.32083884777086
127.67252445065668
146.62154598077296
181.97154427028556
161.50133326279297
147.7697261588062
112.15052350120902
151.59483879561986
135.8207379468764
113.76510436653383
125.79297929200703
152.32013328449452
145.80912573462126
127.74258517073835
132.47175325165742
155.34656875336705
148.67438091290384
133.74533640913654
134.6508144874762
154.7308811635479
148.28709526354163
135.48111166195753
128.06861554830138
153.96029317674515
144.99507929723103
128.56532402159303
112.09032593217071
143.89120489379684
129.35981415708318
113.02700788485805
133.67790845768346
157.71642170321982
148.5144151562998
134.83089588590974
115.48347885004637
152.8953242319674
141.51918720885715
117.66386507465694
108.9788632920694
147.8918563683534
136.62100775966795
110.51397840784708
111.34978453868183
146.41904999212304
137.941998845476
112.50226641583976
102.74407320122123
140.1172626887823
133.43337227641555
104.51286344069584
62.273601533130524
111.27024517659635
98.17921562308939
63.34505484283343
87.02489547926967
131.30093393128024
123.82278825661805
88.9702771166227
117.62799704335913
157.76477215231102
152.2207358472102
121.44224829244868
122.59682763618824
158.46518926943105
155.82883110567738
132.95960586238795
73.25557315081124
120.208964826378
112.7950657073233
76.15520088660938
77.15791308350289
125.89686230893491
117.73214482980345
79.48295881867234
84.80064761832233
134.9308760137791
127.2102370242501
87.10928080043377
88.93545715248814
133.17135988230115
124.7858597923948
90.22523051084801
