21.558121960896916
93.45167615906313
65.80476890019905
31.03171959113764
17.81182337161298
90.24335979867634
47.164677051320446
23.579847088586227
22.03132854606167
100.81990664248737
51.7719369632374
27.714974543559958
27.563351828171946
112.46218733285835
55.56199700513887
33.46012175246304
15.319030146288762
92.23794304159145
36.71353790393235
19.198800680125494
13.523594906217934
15.423494745079777
50.6205607410571
19.995241919040595
7.817475910973723
6.275676036625175
40.89841115839219
13.312084489588758
6.935048508623172
17.23383580393888
32.21754131855175
10.664080159256923
11.82000145334474
35.591109322438406
37.659890222658866
14.091202516218834
16.82000815853888
61.82893878823387
44.07407344479887
21.338509027658507
29.430013248426903
90.60546685028265
63.40749050000412
37.9901509262662
29.149581974287823
64.3637712663833
55.85256860330242
31.28282226603963
28.206067133126663
56.39786902765875
54.05485140987132
28.83532865303661
37.3125193055425
92.58313940047002
51.8176036796897
34.6915771518439
32.41263015671868
88.37188754849512
49.093254685078534
31.415411284110053
34.0823024965257
96.8755872473804
47.60505524959156
33.046847918219726
35.85938171127735
104.20573340161627
49.58454000072519
34.50464463976022
32.14012896355734
93.22105144621231
45.33411168620501
30.582964009221076
30.260068455352773
88.88835807267607
53.75612906060687
32.443915445109766
26.09181885573749
86.14188341974878
44.346290769140964
26.647572421522
23.52244356150487
72.72920865832425
41.509118794368355
24.135347018218123
23.458658322212475
77.13760429106001
39.73876734272383
22.807072336203042
18.911146406433105
62.983812348590746
37.04797771058727
19.0451879638789
19.74363283339342
63.36999740057989
38.66511473765726
21.08931783206425
21.760558834201017
71.8416610389937
36.482631060660445
23.374327531194325
19.634349978454658
61.49415956682431
38.282486037112605
22.45194582906962
12.445622545607831
54.58561888187309
24.58643118328985
14.156361305348296
12.302389087532232
59.383744598987064
27.271055292339945
15.302523225975722
12.88878854901486
61.488547256817206
31.618777240763368
17.103223705037433
12.063253740374588
56.782245449732564
31.157184316016064
16.736406778116578
14.180667918794073
59.03934964153639
34.856528936087294
19.428424067830097
15.400580637800916
66.02760015302901
36.27571672217235
21.28374219731741
12.467246378958933
66.32738337483376
31.687336674738933
18.32373877441953
17.39575849364472
70.58565300176033
48.31858488070783
27.489472829734545
17.417406862582396
59.904597191656705
51.379954162518686
28.408819196494477
16.657167343002413
46.81103202943622
55.191900329448885
28.53651477690726
19.278135387697766
59.73567947916656
57.006179987284135
31.14887414486269
25.8898355988918
78.72239979831677
66.94372835429556
40.18816235556599
32.585450831766515
61.535180238137265
83.26369835722178
49.54150943533647
35.49474391754805
88.64540468198634
82.61587138074795
52.60783724389134
43.255368544471445
123.40608991923936
88.24993126551534
59.99482612970331
38.897282104385496
112.67403923294196
82.80976161804014
55.98794400014278
33.856276626358216
104.17718713921813
79.98905336173195
51.40059947153542
32.8529715950659
105.12364387543538
78.42877347195198
51.33881721380548
25.52216610665948
97.62979026715807
69.07541608085519
42.31657821921067
25.117381653789714
101.4627196750303
62.25373193223255
39.316757148586646
26.139290626500006
104.42832822081652
63.05253525390009
40.27659540541969
24.561956921475655
101.04739153542643
59.861417596118855
38.30661553689521
17.12268795192848
83.08786306216687
45.34791129773867
27.966549888697415
15.467082735608919
77.57574013550493
45.0291215509751
26.604300580172453
20.933756102150216
83.4150835498434
47.47811238947173
31.303926618566692
22.4512567952105
85.93150395093902
51.129380555061395
34.75685749604524
23.24085236164134
89.39290258162163
57.338464751548436
36.44578613579823
23.37133723820018
86.75593499679182
60.9240029475638
36.926036410996126
27.07256746435862
96.26695972058239
66.84768308382505
42.27215636008345
25.065503602665952
90.75586814128609
67.49831685167202
42.506232290561435
29.65920946685822
96.42162223209142
69.53854679607602
44.7029504990456
24.022197164436847
75.41400019978886
63.561127061261864
39.49123684077119
30.266633352623234
83.94852819979353
67.57783981320927
43.24656041990461
38.626277600201774
91.83399840390118
80.09401967773015
51.177243560852865
43.24529903232192
112.92827411715817
85.01961835533518
55.910992035435534
37.98806017574818
113.04395334011429
81.18304246194391
51.434524321993706
31.706427051488397
109.16137502105893
72.83296188517959
45.033673395667
33.713595452335035
100.53228522274408
74.00616985162205
46.374811812470064
28.620532406630172
93.42793066443605
64.40228355124805
40.78896185224803
31.44584222945926
93.80816870398448
72.47412568660343
45.487956027937315
31.047162169308226
96.49829779475591
74.2748351797658
45.57458994899873
34.81619246112554
106.11374264585442
85.77339221351025
51.769696781805756
35.7245461974646
107.92950074177463
80.59714590321138
48.0108062083772
33.107573703052815
99.01042443513944
77.01861169328575
47.54689535889759
33.5956190497003
94.63075934227471
76.02386948808817
47.98593834984124
27.754333148192135
85.39560559453435
68.70038370524969
41.77932385188407
26.382741859560213
75.63698868795778
69.04269074118262
42.038648521465106
29.58066076489817
87.63528414562167
79.01932591041705
47.24285542850405
18.153964747290278
68.95023870892915
66.9303908037687
36.01239427512145
20.75327999709626
61.065348087586486
69.12510376186928
38.42700136444381
22.261169874852428
62.783261565972396
68.38034453500099
38.97760405263209
20.855222671751555
67.21778266542671
62.375547747118794
36.13147290140665
22.108989659331186
72.35819894389532
66.28309427044782
38.91678640870785
23.87967703748323
69.12256305988895
78.15806597386604
44.84274381175517
24.603795006303567
75.97646665146851
75.67161973395805
43.15381941024779
27.297019799018337
73.67998816985154
82.07102085409582
48.404487377742925
21.855770433334325
55.698854594080814
76.53036697680574
43.29945120413158
20.76792724821047
59.99068100657215
72.6172414618609
42.19576716586935
20.266703896875676
75.51811644985129
65.49787098002021
37.72511717669617
20.708134945317102
83.08197725468821
67.79603083115106
38.486637673504475
13.304699926645368
69.71027478202282
55.396816753492665
28.02490437671202
10.94842649731018
68.50363334576558
50.82255337659525
24.329204779720882
7.754395330574103
66.0023989302061
41.520994187768366
17.906874248226586
8.767411175276067
66.26514463824739
43.27647475428732
19.566406267599397
7.409931720208732
58.73971110138982
43.701701946080526
17.818641377729275
6.561389995386917
58.455540220181604
39.6879026619596
15.490969995079297
7.242831602749382
65.77394165619809
39.67986366922175
15.680675200606192
10.856242874453658
70.8017270916624
53.95203727164098
22.777702180717217
7.735049769182931
47.660273388018844
51.441485798880485
18.68831538559617
6.9054965127978205
40.95022328375786
47.76175830218222
17.444397020319734
8.649823810895322
49.464364198199846
51.53265784620018
20.918546453588494
12.78621380516712
55.521698416878706
67.34154765742075
30.257500147333356
12.649088569333781
57.38295221083866
65.41715487230826
27.785839183242487
18.638627741612154
81.37147366125728
76.22289426392304
34.89375415552711
21.28278501049166
80.31114890140289
89.74154832665137
40.12535670702033
23.696157616437517
95.85698393318343
89.75120672353847
41.196507269562694
19.10255260669515
83.7574485758556
78.17470984842139
35.18358471193021
18.30694939074206
73.6853663657002
80.76016278200258
34.7590735459255
15.857925074423187
59.98719343021792
76.91372746290503
31.852085228044004
18.695321151925814
75.66206733188227
85.03992986824886
36.17176795411555
21.733393787728726
86.95442443668408
86.85292672706427
39.175605686423744
22.528914186673372
87.90228098357898
87.12402963925729
39.53510253531085
20.291932561993832
75.31828701270065
81.09080483779698
35.42897743453426
20.508579902151627
83.04438524874368
74.54617571751353
33.84996810618838
20.887118577030904
95.25190428650325
68.39420241768572
32.766894487631326
12.57426988189174
69.27528429163316
54.83491360069374
23.228313820103054
15.160264758275567
79.2411378974635
55.46601517517962
25.69933644174464
11.4992965045715
69.63673658738497
47.065221965177074
21.376455618078456
13.989383400567547
75.71617097672693
50.850839069213954
25.311594242735914
23.534085120742507
97.87951444404237
69.94919535153021
37.88555245120285
21.548874573146037
95.50806486706507
62.218983472659794
34.164157936319896
17.886166520893703
88.18468440051532
51.878811005906314
27.743223473379718
14.596142539108847
80.7052631064359
47.50485829698277
23.55245204589323
13.924114258687519
82.28185063761282
49.26299630739758
24.179406094928627
21.069450919827503
93.98937090390935
49.447144689058334
29.466579636258288
23.269715876670126
98.9569187401092
51.92440628896532
31.629041504360526
22.942271728430214
98.82110843737748
52.90364953520373
31.131255849130383
21.47441357787509
97.76961679307622
57.46005467562865
30.864097459499586
18.965215345321226
92.08743681384132
55.07870271057205
28.39730877349639
19.915148195981285
95.04253796347865
58.55111785926511
30.50113253981795
23.611273643999024
99.08926594566982
64.3629197943875
34.883536592799246
26.54734407993148
108.16225787866082
68.18291222663613
38.327550417536
24.971425027215687
105.4655809407258
75.1634196701919
39.883988769573534
26.935027499453025
109.04197292284327
75.91042065337385
42.48076494170856
26.62534742029023
104.95934304028724
78.39275918451231
42.91951391588436
23.579914807254614
100.79699995375495
64.45938985861544
36.748693995694886
24.5430019729839
107.57853104098744
62.68465296460838
35.97355663040407
17.868757252739844
94.86285330677428
58.09665150889659
29.87332523986453
15.466719107321195
89.67394994907413
51.510646455781696
25.877136047358547
8.54452819359712
71.48985630677332
44.732982786188394
18.48838111380767
12.489649300320389
79.58861649768268
41.52559977733254
20.860569724347908
13.667090482012965
84.55954999443365
45.14942093134396
22.614990256866957
11.40030932305902
79.03973830706724
45.30379281260587
19.74045135993442
14.397761576210948
85.67872586210365
55.755145989794165
24.745346686853658
19.933088455394596
94.2823602966384
66.27256458518245
32.33375285507836
21.622501642266965
97.9170692483996
69.81604766238218
34.9777105004854
16.396362220852275
91.58877638209493
59.40282396928359
27.3051825674693
22.281582723615514
111.27332536757294
61.29995703570644
32.86976176051444
14.173846337487294
92.03705317745862
55.3328772661264
24.793032868804634
11.540209951297646
86.01176959790719
48.32198282387053
21.206549698980616
7.343494201546235
66.31517640500302
47.87587782832689
15.555285953608765
7.789620050323392
72.33500993802735
39.39859263959486
14.845954158389747
7.71892403172852
66.16564126023877
38.85923886314416
14.599089794467499
7.595859813329242
69.24266730297686
35.38938158166157
13.511425690185876
6.410793462990531
63.7402280081489
33.665880282831225
12.355531217856033
8.039529841195808
69.48123380672914
36.470770317950006
15.228845204595073
9.347717448543523
75.0833926205408
36.602708785129664
16.83698300918023
6.958544839057964
64.19537703273437
25.847295125116727
12.147703775650358
6.167106243244127
65.18863588964048
24.66779460278367
10.340362792725607
5.581292758919357
58.948355304009866
32.83906927237624
11.57900640391079
7.348533059096122
67.15784232931958
38.96949233353722
15.214863068819755
9.551066398843027
73.72061078709247
46.4297679778512
19.164511272358858
8.639493331346685
57.18587884445672
51.815711678822694
19.528320532977094
9.042624251147066
52.30912988337972
56.29405219683147
21.53226144971541
10.082548712973642
45.029101167980755
67.18594975101409
25.228655460813833
7.555624508526966
38.01843862731144
59.79827304924549
20.085600012613995
5.9423105721475675
36.92104085134118
58.407364029560235
16.59645194052994
5.575479218519668
36.717572782788466
60.217786969832595
16.208068033392173
5.358930410553489
16.482795848805456
64.21103919829942
16.93740334371686
3.8401752794659
12.979739998883137
49.31129942207911
10.885035283140683
4.681557669668945
21.322487272485628
52.52772740438049
11.937571640674655
7.582903978797162
33.84645297868567
65.01885726734194
20.030606060999805
7.880040087383785
20.472950181484446
66.88134075733056
19.613978973291154
7.2054192327778805
25.681066632790614
69.38854949123531
20.630745539760426
8.102625420358518
37.5850579496585
72.1296061679124
21.204881387184205
7.778665600262554
28.05928235779473
72.56938024967243
21.113056732689014
5.775143985289484
19.380918502391292
60.471594351905274
15.463030092892255
6.021170055408353
38.16993073625775
50.6573425027736
13.29086033539532
5.912211204600594
49.19206505455151
47.71869969842339
13.646040505931524
7.903350318064144
60.97967085732355
53.10620727928198
15.519224163261336
7.636188321912856
55.21503990104397
57.79008141155295
16.78293945719755
5.002408468966828
38.9573306841592
47.965002715392785
11.96172685202435
3.9554420318040058
38.64575635705937
40.976508093921524
9.375411887137254
5.416243936049625
38.88031766750033
52.02341022865741
14.62123733729094
5.8563910353286435
40.83505678590006
44.3832158842635
14.339871323504116
7.958896592197754
42.00993855160459
52.67832083172088
19.504759497899684
7.791481090381967
52.20828054085005
50.92675768224374
18.09050421073917
8.711495213345431
58.556823565115764
51.44516461584993
18.71660629571752
8.856852247472226
50.92614193956153
55.068485360351474
21.595506672341077
14.830601195588084
60.96923852372422
68.00070982400457
31.353368529777317
10.651781743176498
63.21463538875476
52.60629554226277
22.327492666839124
10.199283298781422
50.37741955549942
56.55938899523729
23.44253426777545
11.882064128720112
48.01844104178956
64.33905164137778
28.572536613090918
8.853943225728186
33.35023021017609
62.29685088660549
24.754211320704606
8.581705153100165
30.765919571482275
60.33507870525989
23.544508409070914
11.325244500705573
49.21880256159249
60.74984529158921
26.139203086547678
9.70677450140029
48.99890372022327
51.849349147185805
20.54079447229783
8.404192778884449
46.03395000706382
54.50790626110526
19.641978447560536
10.279107748314015
44.33510366044775
59.021815336209194
21.94555177159236
8.905862227657133
32.02031677622864
64.11100103954213
22.6128800420128
8.700766193517783
31.901882215157126
62.62905376703669
20.583844666535914
14.689268156132792
57.52709952502459
77.47260786761406
32.55543072850194
11.855648782552283
35.5538754541771
70.11264882721576
28.506718614194128
17.607734763426976
57.23892535451069
73.59785924466638
33.295863520004424
24.946206415835825
94.78974672353294
85.93487568136308
42.01928446477297
26.984956644683713
88.91719887473639
91.03456729120366
44.253011955903595
28.802802249782722
114.68865583863148
72.64352017883789
38.805915468546786
26.873978758829267
113.73497020414915
72.33810969623084
39.62268741580927
25.0273673172532
101.51417214102838
73.33515599290031
39.22270318662114
19.522584144805545
83.43581592209088
73.3868994300982
34.080026010788636
16.594292825545967
91.41096578223637
59.04475513887218
27.87486764712503
13.434900709524728
81.26408877668094
49.3422136576683
23.23183685927394
11.896368422269532
72.06153804296949
48.451519475423126
22.53474033819718
10.13607439994805
74.58667443852578
46.73605726078529
18.268928536020216
11.992705064494265
69.29823858016987
61.06634954537209
24.30478782249228
10.18885657778964
85.70019086261554
46.967414573244696
19.909023055409815
8.888868444073369
87.42795573700987
50.49372686039376
20.13126798758191
11.628099348401571
95.08991733238622
49.77334324199581
22.8342643783861
9.416686481420845
86.2320931188098
43.71816524884958
19.568730489597105
13.922849102361004
95.1925858868997
49.97019162426415
25.468678051006705
19.770382769001497
101.72928973106754
59.75096054546431
31.493753764989467
17.510219788879244
97.66782654110007
49.892608581334834
26.71094024252131
25.15773987992663
107.06161661620676
70.72005650270735
37.86701431828723
27.713378962966694
110.48681868604044
73.88149755791953
41.13179824070337
28.695698037783696
120.61730663965088
69.58586592650325
41.20483804173469
28.40460842079328
130.20665386474602
65.82449503135985
39.68447364702731
38.63945721743304
145.85794926909875
77.38250111304072
51.37098850213829
36.957207808390486
141.06505593504818
75.62166306275499
50.03456102231552
41.732232521564725
144.82254169966504
77.34289987780323
53.439818947828314
42.887122486540136
153.65794281901557
88.43746283195362
56.87165904182874
31.859811074511118
131.0196640294615
82.75888057812908
47.57091518511923
34.60053369634925
129.81505241093342
94.11134854249427
54.16976640689084
34.03759154519031
137.9892583982441
82.87931805940144
50.08813336996442
32.69913184927931
136.52003169195305
87.00237947347928
48.787377028637685
40.95178934624609
158.28905854305196
99.69563897377988
59.54214214987142
29.61187514013359
134.32609092089757
81.49862090609923
46.56470628035417
38.06334915972077
151.5705189015708
93.27008508529462
57.08213253206349
36.866337505157304
147.79720999910558
86.07189601010207
53.608697939896345
33.00020810655357
139.4407932952788
77.6462372674942
47.455397191960536
32.363358308606124
132.2767695368898
71.8664840009027
46.1117807239315
37.09533160144322
139.28389185358
74.64294858578705
50.398217704152685
31.85854914977484
125.70050306439362
65.16757000361022
43.28895936930025
30.845164430997293
120.90141664812926
61.422145072018175
41.56551153687947
29.527116592114126
118.00198190970731
58.41132033284973
39.44011602021075
32.275589954966435
130.29631164443072
65.68252032607819
42.574537462684056
32.712004844987625
130.50664917053828
70.09357998693827
44.9565481182408
34.717206063355
133.32762035661767
70.40507241232491
46.011957035471916
33.624332626817626
127.51090845198974
65.56006495135907
43.47112726008677
30.385614950607362
118.61909171170497
59.93860764603979
39.71075553579095
31.558689542851603
119.9062800702566
61.426502481965976
41.69770323842399
36.10005592369485
133.08841769642774
68.2110839999218
45.889921475496344
36.406129810150155
136.87797504253157
72.82888339000957
46.6772096118821
47.65471538941231
157.43070492722407
81.20900077601165
56.99735094170562
40.228887753570625
136.7297754044429
79.7053534518938
54.124679578911504
30.18334424637076
120.25204421012347
65.80112404754574
42.21925743800602
33.69970579285652
122.60969742562199
67.00345200625846
44.98887362538518
37.264510407054914
132.92684183728414
73.84197347587869
49.31214335441762
38.096390658856905
137.68769467465302
78.38462853726872
52.163047138815685
37.188192556134034
134.98798481402096
78.75251463877805
52.168798006451816
34.85575974592435
133.12401138255296
81.6164774265677
51.66616071410313
38.592617770564914
135.00658316725412
87.56629276638101
55.99912188241559
36.83193818318669
130.56343955698122
87.65212504494329
54.96877600316406
44.36659424044451
148.48503699294034
102.04524634130699
63.13015556566997
41.98685533148632
142.68349646881762
100.95332175082267
63.050797205853144
46.82603859340285
147.11991491564694
106.94321431367754
67.73888512589404
53.44537923239875
162.63510269018286
107.33648992016892
72.75561960760312
32.168705625839024
131.30692852938563
80.8857833603878
48.95282838360601
30.96176902003076
133.55981273702673
75.47559276813483
46.80542913286398
27.279401519863843
140.3782719760975
80.01808664952047
45.083667048631035
28.785774958482452
147.66485623114028
79.87861323722359
46.28612084432049
19.678378615581124
132.604244229567
65.35464270552602
33.756864272427855
19.35765021263911
132.13790611009722
55.93630762451334
30.19497832060638
22.853309984321093
138.367780236696
63.9704867800868
35.39372072440624
25.542687517645494
136.89367422311716
67.42519923038621
38.55352556162
25.775820106532656
134.5325975612284
66.85864382002016
38.84934105563084
26.997294103406492
122.34159784419694
58.478021976622486
36.989663154871415
24.94342180552672
128.82170359894764
59.620529070108454
35.55633393301199
16.600450240406435
111.22952019959834
47.55048319221554
26.384930219736937
13.312964245823721
96.92891188094173
39.738245903520976
21.29564261462674
13.710597410221073
103.90564308618728
44.30633971398388
23.006677520151086
11.991749495333037
104.61049445369375
43.14504184646948
21.155259148661663
14.815308182318772
105.39996002663506
45.39600430640925
24.37054834855284
18.51418909845555
110.19082198389285
49.22114463248355
27.62696827256196
13.465272467586718
105.82997050193235
48.138455740486
22.488092814895328
14.412707823770447
116.30744652855297
56.158361604662275
24.752958868194906
11.086061211820402
107.73819601077203
49.33432101554541
19.1115932661952
10.71159701637402
111.26211602538406
46.83257382540269
18.33754130572546
8.577557923681093
99.99435921630568
60.44805086277503
19.134198968907842
4.597016117393534
83.40806244396636
50.68421733122766
12.19102274052502
3.808076328412898
74.05349224405731
52.57517293061729
10.314465540528005
3.947435068626858
72.86850026682166
63.01025671780869
13.343596390185642
5.2856035055357
70.48624255252366
62.6753255032338
14.932745554782041
7.898466074047389
80.28252367118665
67.34351095624007
16.65703788606627
5.285514103605522
78.39506714057126
49.48905392481484
10.66455294857619
6.4824496834359415
84.42546150693143
53.9885535920952
12.34109005395295
4.632555729319833
76.51571071226891
49.59950455196766
10.517507934858005
4.920906477162694
77.89335899045753
46.50797141641328
10.32624725378733
3.8361806058066503
60.76795468994918
58.99443138264627
10.315229346837715
3.2716328377404156
55.1035514292316
55.29938571187105
8.832572568922355
3.212734009513329
35.89253625655897
59.28350183897803
9.520900648999742
3.1242946720349036
39.932118253267845
52.70303830682968
7.9296930014634555
2.3615692484333963
33.40143411482474
45.65501582681849
6.109277408052804
2.551271413375196
43.14705239020817
32.38122756948692
4.5540564288228405
3.177072211941538
31.372775800332764
39.989177843433396
6.108238465135869
3.3956787245784694
46.09830930254817
36.36736309347505
6.246491807177329
3.6834975976796414
48.02792896736319
35.81403984786576
6.771378667573307
4.59621852525947
70.82307150486577
31.142356886778828
6.423845194760054
4.283351678431981
60.01311190039063
35.96039997099958
6.6716645652991735
4.573355547105675
62.25434507081467
45.95028014330847
8.32204081701592
6.803970158164319
70.87539229965004
54.90848251573957
11.266981212505163
8.552353015524577
62.706764241515536
69.00530146137963
15.00026231636507
9.091124704721864
37.25197232502306
92.91304817394939
22.850125728723576
7.912903975205922
33.516682139562796
98.58171378641312
23.92434014129728
6.100969112353578
13.330780520420403
93.08740055272631
18.266778213608166
6.320481062619663
7.409856576343734
90.67369748541758
18.184241797759093
7.000542956042834
6.504780875165574
99.093859226831
19.170119673189042
12.197102377880325
17.784275574664647
112.22081187402569
29.01829041685236
15.056938493597562
34.73484270995905
115.68665979325756
33.303784533981975
16.603748224144038
26.769587180650017
118.88732006793873
38.09812022207128
7.91216429170318
12.749544098295322
93.99761735510856
22.31048781634943
9.307951463382029
5.933263883178381
96.89398576558388
25.721941940541694
9.389143534666804
11.007684198505608
90.9763731088047
22.444020817782334
11.148945770083785
11.510086636931165
96.01192279623686
27.25163211633493
9.555004614979051
41.08614791267284
81.83738109819859
22.34361932124969
7.474289934041
25.619022733670995
67.8800759728876
17.13130844156434
5.071525857796822
51.48577323558638
50.46222019162685
12.145885364712292
4.483873952315171
60.29412609938075
38.54372697283439
9.500412248377637
3.8033854520084582
35.57412773886386
39.65955127048737
7.423677867760034
3.451239910208148
18.77365710230701
45.295561165310986
7.253864347754317
3.3047964709091455
7.141721491915838
46.382891517189904
6.327018588444706
5.051210446252855
19.185114717275844
56.68924618627224
10.982063777698862
5.183792102873833
13.698230249540721
58.93694606090709
11.955128919838682
3.845512552506382
12.100600826819274
43.91673809635227
8.180262520270539
3.5544503691547247
5.6562048748061695
49.958212596130736
9.122897150787116
4.002281470649781
17.71489432728362
43.6718148383569
9.168197712579916
3.594770938396525
15.30475362487949
40.47880583678819
8.436536880887179
3.12706519569679
25.23318286133221
37.271796535298684
7.238604013482465
3.4659294113048063
35.26393927792806
34.63935294736387
7.343720947904751
2.758902681899875
47.209644950307286
30.818412126939236
6.145233362403685
3.3392004942342157
53.729611162808816
31.513071526354853
7.77157525613177
4.240334051144418
48.552710570525214
41.72817564949641
11.36710533567871
4.644702244188448
64.3608289520362
38.1139631095556
10.87985176351955
4.407869685608529
56.89221919053995
39.75707876316724
10.007755072257746
3.26084908782177
35.568075033385334
40.78679788533526
10.023394329866287
3.179726906935105
22.44231662622781
43.533084895262334
10.297919842769245
3.3040983996647504
34.27995294135229
43.71140237365432
10.282434562234242
4.64136818975601
47.12681026944934
42.021581616770625
12.126078950324226
4.787933191362461
59.14579299970664
37.44816563919927
10.90565949489267
5.550388414006403
70.07982498540335
32.18210549451693
11.082850878886033
6.449461903317294
71.81682811286379
36.621574635926514
12.664333378730003
6.156256933173245
67.6949862977884
39.3250684299085
13.020248370367618
8.104249629002153
61.75045027022698
47.7901957647249
16.20464799698717
16.724999681452537
93.69799032781772
52.49926780920386
26.08451469280499
25.435732862050298
106.34639635375889
56.85850453530923
35.427990714193896
23.682435354033288
109.3671763913094
56.34452205909409
33.3271892310264
17.83190932476431
101.13030628553652
48.936883665468116
26.0937318426156
13.76237224725084
89.9267277705948
43.95582414524405
22.942190124826688
16.092928414120763
95.1239379926924
41.20400973973135
20.491962307939872
15.492572723558473
93.3300985743468
41.405502674058305
20.94969933329253
13.4052011620234
91.71332389399797
40.307001243154545
19.51075116564556
11.428058001079425
92.02876921723895
38.264731190555686
17.238066304147537
13.996798703316946
100.75588856941182
45.840618479262325
21.28206664364017
17.51391172327716
108.34434166729395
65.59335198434519
29.964652466655114
14.92097834557068
110.5191769159881
56.52658645055861
26.235899191746842
15.044980003576029
115.96556797108843
52.20808183909964
25.66868893454977
8.009630244928665
87.16064884195424
30.392359685764074
13.6247840653542
8.150669421321597
82.2417784771262
33.44417375066867
15.554501302735687
12.687140615529612
89.48536485479163
40.10566933252666
21.8139175434962
13.71037641465191
87.22651017767149
40.515399262599956
22.268630107766544
18.44726293205484
92.38217868727924
41.59701672384305
24.412269083770102
14.246646082961277
84.2882048457235
36.25753855555657
19.86324743241882
17.065135004045185
84.93353983449131
37.2660437939697
21.20957966415854
17.054046556162238
85.29590402863597
36.13967422692649
19.03490641805414
19.6068997399326
88.97429864392872
37.505721500586446
20.626339804688158
15.773045216176806
85.88108171791423
33.81681620912951
16.88326207562831
10.973289429489206
77.51812508895294
27.680962233698786
12.357786499620424
8.882535204497849
86.49298752325186
28.36015198979422
10.952764400462677
6.379606639374194
82.43081460937624
24.99001101849155
9.154310134712189
5.56344031626145
66.83328147048303
17.176877749708254
6.805310641089526
4.99815253315295
66.06345679841431
15.210285561034883
5.504482129878638
6.016286666892096
63.53653560954072
15.950486276665993
6.196192498812227
5.579191677562384
67.36515685494386
18.50822677331484
6.9492726716522855
5.296603568893826
65.8582578824972
16.80611888634647
5.996391723345354
6.880999933220681
79.14429199446738
24.195896822070548
7.716439403542156
6.768800209946726
75.77156690698367
21.141268829898543
7.137479426759247
4.952574664095126
66.73312537105595
18.350796977315078
5.5334064936668
4.691240526211686
61.02769347380878
19.89341261235596
5.227246784966521
5.540622817424127
60.50242868055677
18.025825154965496
5.958792887880033
8.78146022959637
67.96454585538248
22.23134242255461
8.168876549324011
9.033000610620206
65.75452066439075
21.49099394334716
7.433196555625539
14.399056615896898
73.73898043995341
28.237145677176745
10.736433289769517
16.936811205423492
75.7889396617968
32.134252906822866
13.300216980142926
17.4968577981967
80.90303268371598
29.527863039568714
11.770516027869126
11.340129605693562
76.86766338613947
26.616285125700124
9.39791968397237
12.63488690956854
80.0126516778794
25.519817136178677
9.04079384963002
13.152738763694611
69.89171482047118
18.38770335657468
7.13925712512646
15.854932421771373
82.64359595770244
25.114622755896992
9.847385759904732
26.77852280464452
82.0790529244774
27.506067974065754
14.367887610706912
29.737228000194133
81.55055423677919
24.869430919686394
12.591600267738567
35.05061774034703
92.14560002246971
31.054343234504426
16.78607866149208
24.237724791301556
82.61383621389325
24.415675061005693
12.606449937968005
22.431814360036416
91.73562987878185
28.39170304393417
14.666584987084919
18.17579942821794
81.20950181435221
30.50826431299193
16.017488269919514
14.391786488935427
78.81792190133177
28.175480761176722
13.3756904195388
11.078701454798976
76.6037493341538
26.46070863325795
11.227877096255945
10.241629715869898
76.1533199679273
29.245087747610295
11.223927981149902
8.935898671224198
75.55819053329355
35.88787433042892
14.309386094105912
16.437562538675017
85.64929114445411
48.06026246930579
22.070687827324598
21.96942563260355
94.79388994975552
60.28452115145643
27.753978969363608
24.826570046104905
110.78685636434055
62.551740821169815
34.07701868686633
14.595997994546119
87.3821196249025
53.83300221443525
23.342100637941666
20.691850567094335
71.1880239590155
76.68143625005725
34.03677885175372
22.995708629453304
72.03102496365157
77.70950553403088
38.5989499220347
22.357576706255507
75.7739585327452
76.95432282201135
37.54189587457609
16.700738084651157
88.16030621820268
59.60281763738584
27.82608521929181
19.228185970794776
80.09190484359826
72.35542447573253
35.527249208445596
17.752663196437908
75.77794701471507
75.59942608617267
35.95913899343972
16.056471497723518
69.99834624991544
69.38379232825557
32.86910141157206
18.4931627917645
57.353744841546636
75.25005441232152
36.12045550850253
15.115241450317153
54.21264127637688
63.6440551110854
30.20620738599874
12.034952493358427
52.12577275468623
58.16067527351379
25.997915931186753
11.327678039665779
62.29800897318264
53.63435890701861
23.702433091428684
8.969960505897298
56.71922095778749
45.49470096270784
17.722811253926924
9.906410801111484
56.692248670380565
44.50781794531867
15.76488483862577
12.841594917791662
67.61072844442064
49.02170854155763
17.007618784200766
8.165392377265693
65.44833922685939
31.88297565279186
11.037307892691407
8.487261484702232
71.68857457766511
36.10222075365998
12.69998925979712
11.676924422363037
82.01055153180472
38.93958262698452
17.114287427750327
10.19328796857012
76.83460381911368
33.87237746156589
15.21879740215349
13.998048349444904
80.41910851207042
35.010355724887106
17.301267671565743
9.754219828567104
71.10623596245424
31.8312752647285
13.118106306745108
18.790810555212346
82.6307971645119
34.06232515189508
18.180453637477633
11.080178573467917
72.00911909894845
27.40042908016928
12.958868832096574
9.051820850983106
63.43940055288486
25.847717770129293
11.256611812055251
8.473087153690471
56.11472947396243
20.394950449399364
8.932578567360661
6.162723907148586
44.51218253730825
14.160463133031016
5.6405353978952935
7.671467837018485
42.88135329119806
16.71031029989251
6.133715568890549
7.372574745656402
47.629303763642724
17.08657337782149
6.128114973715243
8.855663688568724
47.11698943382094
17.613593144253077
7.258430004749858
11.133683192682106
47.91362534849534
26.27401581667624
10.346551059980573
10.73428927973521
41.04068240504955
27.24470383173325
9.766883737942775
10.600236914608079
52.86321363616353
24.676858437471047
8.297538226390795
9.514563402711547
51.303354565506105
24.154986903897814
7.591583560692542
6.794835984919854
28.805376706437045
20.010930684863112
5.98601823403848
7.669789065019681
14.969157736374116
23.475287365448587
6.6145525422816895
6.276047672136794
33.396629788763164
15.659820147183654
5.231663150674117
9.293970857025819
38.28212499309687
17.992257880297473
6.021632424152019
9.693745673027278
44.142750944054725
16.71686926803711
5.875745907631332
7.078928367995157
36.603502830742464
14.241966630558016
4.87027805079571
6.667083611701028
35.53617365617081
14.142955970346351
4.754606825967094
8.104054435512563
45.28261449448581
16.027825612144497
5.582654647845815
9.495601251896895
48.519860494481314
16.46122293993205
6.3339128918278
12.671971221881984
47.72543957994828
23.797466895958024
7.7129532877203735
13.818100278884025
55.12514534376975
25.148574235748217
8.613475756797815
12.598315837012345
54.134244272659004
28.467596535073312
9.530976036857354
11.749076699124798
49.68603452900373
22.921791496239024
7.036830059978752
16.337492025956653
33.99121107662824
35.83671298042537
11.048720480053706
13.78409698224457
35.833662086677705
26.257036352483922
7.629987879374807
12.689948929556513
23.305276440486214
26.988659360593775
6.869395383738735
15.942566565315737
35.230712869216674
34.01280900817403
9.92468730189908
18.041442435637713
60.37810037133502
30.507263446889816
10.927340591857337
13.533450745792702
47.36975331255649
24.49185375140156
8.456304099193927
15.84799062439344
49.34872729077526
27.344845551015364
9.505740020536477
14.998788614144999
51.542227728338126
26.49000310440878
8.201808853190006
16.654171088058913
59.23357413738044
27.46399966656348
10.285949347560388
20.504548918496692
67.26636394933918
29.2785275277722
13.184800419020133
15.893744202434734
51.44006618666214
20.69716601673956
8.588730840650346
14.744233719704477
49.809987634192346
21.164907922560495
8.385369295142135
14.400446010859143
48.656571282798645
20.353243531016236
8.181377934166475
15.132453948042658
53.98857966231436
24.039543855430058
10.053991958956512
18.192079696371756
64.2335689360302
28.272164894023646
12.08588546250266
13.672210500663699
52.90543338711077
26.07574536948691
9.725243724267875
16.75446610310611
57.09707815971287
24.503158617128936
10.733222952217202
16.528370775144424
59.53244562669398
25.074061040429736
10.924958121231697
17.014637860801773
62.60325644310396
24.07492622387348
10.506649662322733
21.20145421254161
65.70755773430757
32.15010404896657
14.04726591878758
19.656114512539066
65.49523543263186
30.36633723010829
13.70051411934525
23.635976028705826
77.9865257477267
33.716107472279845
16.499032348980474
19.43718588646602
76.98227271489067
28.824347528719272
12.435946797653646
14.111864369881776
78.52263291581458
27.055583804497115
11.788079794469748
10.312584956215664
75.8773244899228
25.55631737538247
9.6950011299622
12.405342264439405
79.0512373164551
23.181341361074853
9.77427327107263
10.86442695811412
74.94098938568703
23.26082445224625
9.13253872004487
15.396864354298982
73.35758103559625
23.50546866484996
10.456783406078491
16.12104078893377
65.53405536389803
21.116295203732058
10.278291347936536
10.985860548169047
61.13395005920742
18.721984147077926
8.476018782427634
10.78910666209889
57.58581460391562
17.49963322974028
7.902768867876697
15.850311938997368
73.01097720097138
24.20694251004799
11.521105222505664
13.124390033915857
78.92962281940974
29.72297032932495
13.322440614187455
14.834035562278917
86.06385349816482
33.08589917874644
14.735110235726237
11.77669646570008
90.5046581567989
38.03472544153335
15.917787269448784
15.22511970089094
102.04516700643394
41.876596192897274
19.654964405342238
8.48997566057976
84.98171032461217
26.582300197925083
11.641450463489695
8.76260720537102
80.88776622582529
23.633586456255596
11.10705430098913
16.128751750197452
95.9621944755183
38.16472512504694
20.5337971500928
16.72953496623521
85.18698699790534
32.40682070700804
19.788335658322364
25.051930694230027
97.39015193512044
40.41365032354453
27.417972274062304
29.303982870330927
111.20245722728075
47.149823647709596
32.58254387809478
31.707228854486033
112.49057225049737
49.67460431770564
35.01614388496481
34.39430634376108
126.18549175237092
58.3741361249963
39.43530420454567
29.989332361928877
123.8457077814514
55.99028599792828
35.623172592051056
32.37050270318076
126.9727039465786
61.80187086287696
39.51111637404275
28.46658571813812
122.45780363491295
57.04485647002643
35.169760560892996
30.469312096201502
130.23187825523925
62.74143280046985
38.594230971108814
19.527311588584382
107.16445395450998
47.202127715881474
26.14468884481714
17.305766392471465
105.29275697002879
46.049375804465505
23.844453466227645
14.305466115637802
99.76364877972226
49.68521843152155
21.06120192402606
24.310970809024603
115.26285621173334
72.64013655487842
33.71299449875296
26.331924409260605
118.07422387203705
72.28924235863641
34.81580021097437
30.390953601254004
130.79898044614356
76.00141710020347
38.229605404472736
18.736948609274098
99.92479110624079
54.44110023405467
24.79115262319922
14.15551445618888
80.37355593820256
51.060544184164186
19.283906086703222
12.505388812917323
88.33694544453638
39.54886911821874
15.989618086740633
22.360157202585622
90.7337424082238
66.33346865617497
28.79529442807305
16.088992976397744
67.34880013777983
58.785546341061014
22.005580924049347
15.573263801248624
77.71925169995214
58.31098630761948
20.962140496972722
13.95682644171686
65.80395276476857
53.380987516238825
19.92510702877794
13.046443000919648
48.31180083117205
59.67284293936783
20.35516266807122
16.149352803061404
23.119658595787783
79.60355782012313
26.257869459152985
22.410122422446317
10.683815592394373
92.94483574820536
34.802875992054325
23.52188295918936
12.428416318602098
108.90509706277679
36.74894105681241
18.00598745112334
4.495209066936321
94.75638836836399
29.411996447520405
22.57613414645798
13.90668952606453
107.28111043234837
36.0461416744424
15.642442427969975
15.6537076142092
84.95696461207388
25.046732862762127
28.36822230979574
68.3511576295798
92.55961792237201
39.37947420338541
21.416806400252582
63.16666900560393
80.25256969096684
30.75939194689355
19.161433232052424
66.31449991219783
78.9803830275354
28.12420444775383
9.92095810338328
30.10639711562882
65.19923201522491
17.474151424357395
8.02586384064636
23.26704655383653
58.56742758731531
15.668104621907412
12.916325044805374
47.5542810885392
65.71185443047106
22.435855534806713
14.398425915256686
53.119557001670444
76.87817009942296
25.6204853743566
17.753265534785243
38.93953567354738
93.22069098999066
32.762100688639144
13.412195940522736
58.77197589311145
77.66421673861224
24.29987689603669
10.253919150546793
64.48200453288513
64.97844120483053
20.32809421304578
16.816550091018918
87.45327920790992
76.78130333669745
28.41856799460386
13.834275028372721
67.04633074103477
78.87143993605208
26.98360841851277
13.862807129351136
69.15467995261736
85.41523998545902
29.88632182451785
19.031587524540704
43.863431780028755
113.22392502574792
39.34703059935435
21.338574291867744
46.026492100702626
105.94132698529965
37.90969291704978
24.700395087064557
79.97331152305753
106.5195215204115
38.34655168227901
17.49139103139655
90.49761956964204
77.25253769687376
27.744431205330415
10.165852055120276
100.26945131902036
59.46466200768528
18.464082495105494
11.17416779416354
109.4529569706581
58.40675795936785
19.366072345334914
11.54963276788881
122.07049894818287
51.48510717369713
18.9763590849707
12.56714898100671
113.39379302306325
61.29549464949957
22.136842747470883
7.104967757865087
109.17919119493219
45.87273551170661
12.427410049173707
5.857104839107971
96.26857948479346
44.95804738263317
10.722900622973508
4.689015475173642
94.21816802917164
39.621661699599684
8.13696053062923
3.9570005731338553
69.49893931713275
47.309629342634054
7.454056277321673
4.142939601446931
66.48718778038518
43.32429136324778
7.2269577050916665
4.754530656342718
55.73569997032581
55.887388535121495
9.161349955863868
5.180564420026999
31.92821837586762
62.03511294561785
11.488913151843331
6.556296203983264
21.210077343644432
71.7576874926212
13.71107935821226
5.903333733054715
47.86876965643778
46.40342361835516
10.141678658209408
5.943708026234583
81.55781023953747
35.89544623195049
8.957721331226663
8.182543523362098
92.03344615888508
48.24159748133127
13.50136889417783
10.647857708509266
95.88822307247301
55.53172216511472
17.120947527819922
11.634238435386031
78.56901745861141
62.684067191100965
19.5017994226735
10.756451982178744
63.51915684594992
64.99739893102299
19.888255862106895
15.321706021949685
96.89711114233872
62.18396655787832
22.113379223142896
11.826522639797025
59.34694776063725
82.39336444687179
20.015649644828667
13.534448846805645
73.11069358121924
85.71957079877134
23.437570052647093
6.945329299668981
71.71905323588649
60.03229594556036
12.946890843451218
9.664911352049351
78.8997528500391
64.08571278791692
16.066755967053982
11.70018137484836
97.1134713636555
64.55572161561501
18.905224601060123
9.22793850910909
78.68938918654771
61.639201978809496
16.006417153232057
12.456882510526905
73.54357292328874
81.78780622413468
23.17083888810795
13.527563396100707
54.797645401167
88.97213227815728
23.942356562043376
9.786366660716466
45.21227706265665
84.14516219980091
18.806204687349908
10.772677733428063
41.57782695157375
91.68479922920017
20.522989750987385
9.72702217729149
31.736489313805848
87.34928986983385
19.178041513319098
5.302485369051028
48.7896965457782
59.77333541419968
10.87283309169191
4.2064354567111515
38.671514505793056
42.69626347210264
7.076735708229224
3.202483844030056
24.67388503113396
45.30087780121539
5.354240577903023
3.2089472685752614
15.319439597180788
46.99750443758235
5.881725976045767
2.435689475530218
4.856207142648013
46.242533331905356
4.620605500452043
2.6334983270719685
4.711272137679501
50.98815740282009
5.674451623637213
3.614730475687757
17.963836401898153
55.7585988588176
8.28856151656099
2.9427589690176785
17.769362387373672
51.91671131191574
6.817448764851588
5.4149824028718685
12.110940604397241
70.02674830392739
13.712715673984212
5.209680744549653
17.175662696796078
58.592710931007446
11.51236983619809
5.412356145196929
35.31970164956589
54.90156638499771
11.309847675340835
5.511672028056262
46.50147845282692
57.38471752447062
11.277726123659084
6.345362200050689
49.72167653091837
53.83865879523622
12.673940880450562
5.987822207432952
43.601350379322476
51.98987500886229
12.024160784794647
10.121206625130533
63.72933560576357
51.77559637178149
17.72655147650231
11.677219205607452
52.01306516236901
59.61428160044081
20.51411174135738
22.558789921381948
55.31528229295158
80.34854653021256
34.10082647573848
18.66827208538821
36.93975372134442
77.0482150017141
29.520941971811002
11.193721577101861
5.386970070873652
80.52667645224626
21.2262987557391
6.684264796735969
2.5110310386008936
61.331302996148075
14.131575084949159
6.734548867776193
4.30969682797001
59.685358667607694
15.649034151164141
7.114215255480288
2.5355169078816115
58.85132191148113
15.614111963235052
10.490295446920426
3.1703367343374405
62.598969513320476
20.18114392589532
10.644446234024171
1.6255950274386615
68.47437439806646
20.38081383018633
8.199042637863808
10.860104623856426
42.095899040666254
15.065367560076327
8.32608086237869
9.545936273672872
47.09917274578862
15.855873106634206
8.498367454511174
4.711913998024887
48.11291576208817
16.18424813810315
9.746431504696911
7.088669073279436
47.38609893542075
17.178892950067553
17.97655295912431
8.619359737143453
69.71190145091026
29.56692419249415
28.099579851901225
53.88859537475927
78.1343255311462
40.23365413443246
25.911471483278643
12.059257238542374
82.04457484749241
38.381484534849676
26.213755043320212
22.745235097894902
83.4307660643871
38.95066362243092
32.5704038867608
6.261944376089811
109.9181342316186
48.73438986317941
25.512779427627297
12.667228792020325
92.06039668953215
39.772102708135435
33.585374242428344
53.330559027925524
100.81669879483796
47.848363901060644
43.63621651547373
98.28782574241306
95.68265047796434
55.62271506691536
39.10464083905398
88.77070189982508
86.23254725602048
50.52327680904615
50.29013652281337
120.40615412069654
95.40794876514998
62.02275981054788
52.550071375039686
129.87603657745885
100.88850880192918
66.26517709851187
44.78300171383826
137.65736703073938
87.53870283698028
57.49895408124885
51.718326223892994
122.8274152221399
102.08469668183345
65.60630535557713
57.60678479064142
138.67389647482034
110.93264323623966
71.07032740298796
51.326373620155174
130.27652390564444
104.98774601706991
64.27479106547099
42.096133672590774
102.02955533348526
103.13820433997061
56.05667637595361
35.58072869129566
67.25432034500808
99.00035710575168
48.415788568586464
45.5747356398661
119.02186337874703
98.78575944380702
56.66032525246704
53.59680701271041
136.52247241757314
97.38367246960013
62.94040392214509
46.01005711430674
127.63379699706546
85.16898639032964
54.21619469132388
42.69605537296012
120.24807364769597
77.42651536576169
49.67634720861094
30.43231473633007
107.70461332840335
63.7738659432371
37.55300290633811
21.141791533693212
106.92747545610845
50.41260846775498
28.555001261878548
17.801189525822878
98.39348970394424
45.01609769451042
24.531802756845522
21.708733192604868
116.34348709558707
49.74258559985675
29.07350443429299
15.525252450476438
101.02665560347238
36.69090777555485
20.90379112068697
12.517345169088442
88.85560863723371
30.164472211319175
17.190067381071003
16.202076466801643
102.86296434460287
41.202829250487135
22.4093543663166
19.413525226969593
110.77059906733706
47.31598321969046
26.497515425211045
27.65995017453599
125.56068614173985
56.766177917648626
35.536334368496945
10.035388394560831
96.95487006443423
32.254672132903345
14.996940792522999
12.213433570971763
90.72408489413837
37.262423383425045
18.046460290029007
14.166735013080336
88.74682811789957
47.14150284268622
22.107832259187216
19.260163112576343
85.14687536575315
64.78897861370383
29.5491500628717
15.416236635111126
95.66458484190812
53.975462371384445
25.062177223422022
16.41628446036721
71.4189471757014
61.13118955322088
27.447957222693688
18.779616431747467
84.03708993831617
58.23520048090442
28.404496365936662
21.121515505628746
76.83004658462862
69.79135119726924
33.18407135762513
27.22657318932238
116.7175906658586
67.0054191706525
38.4727664471851
30.092310739801004
117.29757413066524
70.9367741293024
40.85296504636148
24.742462362421758
90.89281988765863
78.30582972065821
37.9052766704291
22.842226127852705
71.31696239538927
74.89184785774678
35.850211203774776
20.841197363095727
44.79332989440115
80.65804617061738
34.70585325880651
23.887707905386925
20.23908687036035
97.3775334579797
41.810825955754154
34.59400771113078
50.57122081698622
114.61173265823177
54.896814125941454
26.510558036978086
39.71882170627951
94.6396246154689
42.45210868346429
36.43922965399386
84.90032264817306
98.50099636508737
50.19507726259294
37.16873619625628
98.10537038068742
96.4068815786716
51.23257362359844
32.33694827536217
78.84429546899425
90.96167809655906
46.627645615274005
32.00457942235536
95.413855527483
84.80665680600298
43.96233530798506
38.46188224652855
108.27577765009676
96.70169181340388
53.58911782938317
40.36930536446429
100.92932441077319
103.74812483943573
56.943305125252934
39.23811231241035
83.41604803925452
104.01728181514119
54.9134045170519
28.42390389893822
53.46304662669342
89.24094177282514
44.54184032029153
24.661878852657743
60.08230584251408
82.15801489437776
40.21227800420911
22.621687014422434
61.161562655404786
79.15856057847247
38.59016634124336
21.780104560573545
27.419043167267375
96.38374244229996
45.7256938189269
16.981261586501567
40.169812870319824
84.38877540387736
38.361887238650425
11.702645546552173
43.29029048535805
66.4468869414435
28.53998263516236
12.172334097969316
7.353358215255194
78.6070810276169
34.36496731013165
19.559435033048405
4.164496142942673
96.67924457822913
47.17197295086684
17.001107004943687
5.372504970282518
92.02279016139148
42.40239381768786
17.77147869729236
5.02736026292585
89.6197091604161
40.25376155109122
15.887657343088572
2.746583946974026
94.52153451708529
39.04254798472191
20.72258000688548
4.3615202271521545
94.82029500703352
45.3864079571561
16.523006710179395
4.33412232365281
86.13907321979917
39.816094223537355
27.82653558128898
20.938530581763786
105.35950660639195
52.986958806537835
23.448468404195832
2.456470249632794
107.95708201184299
48.24061747229134
16.27854787912116
6.068848828383859
82.65028709873884
35.494245954424926
12.672693303683921
2.421815222898803
87.94668153356297
30.40472620278264
13.514109874669565
1.8948261876319084
96.08332777540245
34.46913739453975
16.453399502376136
2.3534476129750486
100.50271202861082
37.45739031642586
12.053204989680413
3.3716040198109964
83.54392810339549
28.30847101985087
10.628933140789421
2.7043526937354403
84.35224759573272
27.774352790404336
11.978265527541192
5.954265688518719
80.99257565967285
27.598040555490908
14.935261070964081
24.30622279869588
75.84478620367814
29.24328896931588
22.07603905100084
48.66435268758935
79.58388029556785
35.8925373158998
17.20713807499903
4.88385461626133
90.4753699461295
34.374336238400595
17.48160687300399
3.5354824147533557
94.1392561112767
33.943741239039234
14.381876270906288
6.504757294004562
73.65046513754662
25.940488077773267
14.558245363800342
7.6548977501900595
76.67923489553601
27.13775742424532
15.065661422887802
3.7025258233925338
92.96415505625275
31.088883933526606
17.060536963708852
11.814328708956085
81.65583369768306
30.782644263077373
11.850514265604607
8.847823527403344
67.30528100904574
21.87008755832591
12.537162735042935
5.634424450548936
74.84184134193458
22.980746934644536
17.24930934918041
72.56853238661068
56.56893251362122
26.4186560532795
17.929168145701734
42.35131594601167
64.67870050810771
27.161452989827115
29.213397564482868
109.21965217332514
65.47470787611708
38.696351780597716
28.241066618851637
112.1821170791731
66.57706460124255
39.466947701757974
25.270496266856405
92.79443866313007
62.82432319290908
35.60321236325346
31.29321523015915
96.29374079173974
73.86103967013993
41.61866232633762
24.512248898924643
75.24046036850181
71.31073281071689
34.21097549526818
30.228801079187125
85.44716766463398
83.28695067005748
42.03371858355472
30.15631067438516
81.22314606679718
85.42934051258297
42.5736464656195
28.996380128542597
96.10162076376487
79.91440149454164
41.023076985649254
31.782241025245256
66.03387933683587
94.06151830849744
44.86759593389496
31.574074826250083
58.48868080588714
91.28746552026145
44.50721972952667
29.402574973751854
37.836830198200126
93.19485548148427
42.30183862337496
21.556130468637413
19.530937006078517
83.68879646212889
32.75945013877889
22.03746696415444
17.642811063528196
81.13445127913201
31.96037484902646
30.49994920790483
46.03251744317684
88.88387787022914
40.95324913502961
19.632943336146855
21.573090970680994
72.66466199947709
28.678773658531405
23.91675710184644
26.952626785673274
76.04037230740752
33.135581417457836
25.08386921462481
39.81666292716036
87.10162007576398
36.36990406549826
22.535702646713894
52.877411734474975
78.64663472748683
32.259781272553404
23.141987094982905
63.077956207827704
67.9614407176541
31.47376876097261
13.083169902450392
33.60094352349992
55.270257611302235
19.78492857254209
9.725035194343365
25.397606421050533
50.457677887650036
15.835225093328285
12.71295104856805
35.303408963165325
53.14823802281016
18.77797383730118
11.033900195044792
25.821197760929273
56.51675571470498
16.9486670242924
7.6019103321318635
29.566055511858718
40.89575980826613
12.33845253043568
7.9693984662781805
31.17624680465509
47.029030515813574
14.090365794429218
10.903595211969654
64.988981068453
49.07770611353865
17.56500164203804
8.29656015595632
82.22921617282287
33.9295641998784
12.913108794099868
11.13951808035427
83.43501181175706
47.93641666631747
18.552726830157454
14.20812742075485
95.27516976061878
52.64853626387116
22.632341991743164
14.599648776270842
94.88997736516433
51.09595754338507
23.225685082331932
12.017886515481713
91.19082988958483
47.60352201218032
20.69508384171842
10.931562148598442
86.62911884396473
44.86681702646555
20.21427605995832
9.739217589356507
74.45178114453975
43.19090731146844
18.429918192737905
10.945426920629819
80.36336466684388
43.67601734584023
19.595864538621324
8.932009860178704
71.15402201478594
39.99960813529545
16.67082781481844
8.301884320412132
62.10202244855381
41.07956338863495
16.655239412015664
7.9683073823407025
66.56096201425352
32.70851190728977
14.357552985087722
14.700348200805669
81.55642371407474
45.33229954502775
23.669682625892023
13.353635451240311
75.7380322063784
41.694859737711305
20.75617425057056
10.311618957522832
73.1243384754493
37.13592070504134
18.44865119389237
6.22340839354618
59.83929202797964
24.800372341871263
10.957702628575015
6.267372871847
59.48623039254035
25.105235203469878
11.023147952804997
5.028086091673242
52.24078036189753
19.09357298954656
8.589946761650635
5.659402074563644
52.456188756689976
22.59736385646447
10.507442614235948
5.038630809055952
52.22756600492932
20.219660116011134
8.722104427844792
7.338658136202101
61.15428033947075
27.783105540998402
13.08903326469587
5.599938604103962
60.16798915948178
25.56899659983568
10.423465634233258
5.369520050075334
61.385756853341924
28.179968047374437
10.768213243513229
5.700394091267905
56.53000650902017
35.095140875627635
13.03216284066938
4.845833805460198
50.180094917703094
28.628945730610816
11.125965151437128
3.970934843826496
45.51286994403996
27.161860933672642
9.69383951455952
2.9679774372207817
41.794760202627856
19.951555517650185
6.335582661194266
2.7404045244819906
42.013883305893906
13.194757607518701
4.33442606273931
1.9870723093926512
40.30445533516476
8.740229622539902
2.9641335896721355
1.9610929907815509
40.60471622430388
7.098149685450553
2.678982778661576
2.7329571652168254
47.59139283630886
10.45250838486598
3.710455493649915
2.766361652123972
55.29595359351719
13.059578991482084
4.353420906077999
4.719443023432557
68.61909359800809
21.796716828346447
7.912204279671212
3.8340860325871864
60.84572231207889
16.838073236935102
5.446080749117757
3.9518819655834396
60.772555563259125
19.166955194744254
5.412394025897667
5.819354663583116
68.45332520135825
31.973896268134347
9.392047895314986
5.279454885445825
63.53336750425205
18.634300253004053
5.948013173030653
4.353714129932805
72.11230796409549
25.65118190164779
7.7572982522417
5.72074271654401
61.414890642430926
28.54908507477239
8.255058318617827
7.250113058321809
66.27565603405034
24.643225482581435
7.482024228488347
8.008618400277435
70.87012408402522
25.453508654320164
9.21146555183619
7.211876210841812
66.17045917588528
28.660514955211237
9.747443614425238
5.969783759397484
67.5707269586698
21.427315788236154
6.950435554662095
14.73395349693577
80.22628198407507
34.08963585666816
15.109969566411584
6.044338162778262
64.8946411386937
21.371825519182917
6.708886651300258
3.20875071203266
54.350911102101186
14.245151486419463
4.223954391080386
3.2462158411756783
53.34177011997297
13.587071931237492
4.146270905346253
2.8570083098731494
49.171610538313054
11.166654713266395
3.580372123971977
3.098265393997497
48.578348739108435
12.963168273244356
3.8040950795403714
2.6954444699140776
53.516760074992796
12.036818344572383
3.4214910461717394
2.901451493143732
52.97476940647078
11.958796861769391
3.3927216528525004
3.315754590087015
48.683204480392874
14.350878859434834
3.574346472046552
4.1380468650026
66.491742823608
19.770454490151586
5.985550489560126
3.9583050474989174
69.98027619040538
24.087102513185798
6.8241357026461955
4.726753398550822
72.11991349836055
27.95103089647573
8.03674808747118
3.636019770518207
71.87858977815124
26.192509604369096
6.6711167002730045
6.719600077851447
88.07123628487712
34.359631569073564
11.655161945717186
13.140441074756
97.13314300386429
41.33856942847958
18.069785611813383
8.785146140642771
86.49059595986391
44.23146987604162
15.414862918616079
10.949025283589744
81.52663639355775
52.451872920104044
19.289727752882182
11.28551129018645
77.48685454219189
55.872069830988224
19.55342011126011
19.014460994352117
106.01366555206945
60.53621838661259
25.0997128297995
12.463906076935881
85.8268671421848
56.5502572275064
21.221680828772577
8.903521254344923
51.33594591893869
66.41712603692758
18.578647847086813
7.558410410678195
45.73845856006357
62.15683486744698
15.181449102776378
8.498790970949152
57.893343289390984
61.61936515170898
18.13326501459185
6.486735283700584
61.5341350499448
57.143867962438755
15.655665188842663
6.518293677900583
55.00034909134278
52.68900850725565
15.628402633806834
10.538662868978497
54.41779307878763
67.53515617697163
23.957824473666406
10.043464672927778
51.30101353092858
61.322079091486984
20.214073918334023
11.530994187251762
33.301747709348206
69.80023901709099
22.591317594467927
8.120364352809565
9.192456306539123
66.60096468179148
19.981460150566253
5.745621810511966
28.595368747034808
53.44473657703655
13.933257376057796
4.487689758358255
40.01884568419119
47.43178912772984
11.393415062391094
7.62038444707081
45.937928722414306
51.88931524871135
16.03715455712241
13.690363772946345
70.12228546422489
54.267689795118166
21.863749513852003
17.06979854927034
70.05448469704768
56.7252309169081
25.51686314217593
14.123599285897587
94.55742582513554
41.40670692284219
19.61906180139098
11.850802682147279
85.74807280441166
36.975928691002245
17.07218053540074
13.099474487270484
94.08480156963515
38.4460443534856
18.447945447785397
15.407257185796865
99.35944775711671
39.74706338259778
20.743589575087782
21.73308961689008
113.19036417220711
51.165931613970514
28.25700207699967
22.332264675273883
112.3763750491723
48.271903595271496
28.08688817990302
20.805535490396043
106.27555302440565
45.57776872032025
26.07036817116795
19.728409720852166
91.3827721603905
46.42159622958961
25.75523135165433
19.673628080027598
83.63848615198997
50.310003578064936
25.920983402252606
14.11173142558042
87.83012932548674
37.07814384704112
19.173188291146005
15.842441435533637
79.74517261839412
44.32687664584333
21.953483598093197
14.222289946064627
79.82360742835999
42.38037583610804
19.493066199030398
17.812128057130103
89.40530681465972
43.63865771436594
23.441172692006877
17.35826466796756
96.18359686839726
42.18993675999169
22.32747001986275
11.883820343373444
82.96008616022024
34.55994721872192
16.434680656376337
9.309976658865434
57.88629272040989
30.711014199294972
13.785284916881498
5.632149953443078
41.56293027154336
26.318078554627835
9.428643551289701
7.579211821493769
53.40859323849016
29.06418497274631
12.020014519343707
8.121745560610393
55.43628312619949
28.968406126564204
12.396304032797003
6.757088131527358
47.90399886824546
27.360645118865797
10.285626925175457
11.444677548404966
62.93511274794747
32.079262679740665
16.4070039342847
12.932795950220576
73.83002301725548
35.83532624831011
18.300437041432748
4.990689692886194
37.002683928047844
22.750448595229965
8.041165876246335
4.583154811836422
34.4575997346408
25.236802791937908
7.7550761971445334
5.179661824010433
30.183528182134186
28.294954750938953
9.134433489799175
5.178387484757805
34.80706137856181
26.954436861498262
9.390688455086236
3.8133470291383578
23.394959887386516
22.509092715646084
7.092306197858198
4.2127528670659435
12.294040137039
28.547401604206353
8.16332317127768
7.135552063584829
28.211249911328714
36.27096398014944
13.508683331399938
8.533238009673843
32.379340083153
42.75219472036366
16.466078099109712
6.280879151324065
27.993416045850285
40.824773803715125
13.493014896640396
12.062484673909674
42.51402961453059
58.32402097560567
23.1984070619644
14.407757209124899
37.467664846000815
63.52295704610865
27.076080490988243
11.417321920521273
38.49277852659241
49.709992133389584
20.555455994604653
