63.49928594127127
7.203253997717166
45.543119410061365
61.14648842239904
60.987919386647874
14.406336524886697
49.52694454517791
60.29181617429215
61.353257113646826
17.50055844167238
51.41528168153673
61.18860634738983
60.47311264928261
19.69761037196343
51.70526028357189
60.04184125203814
56.10173913688577
20.693196274035802
50.064932939502235
56.453227846934055
52.860397917002366
5.103279007283786
41.373002778596266
55.07684831142253
50.10484087210107
4.133584624925681
37.74934111123821
51.629234294313754
49.49387010999619
5.675650899416899
41.44771084559738
52.38034788350045
46.63950832927468
4.200048194888229
43.31076415589943
51.839863924766405
46.84186545792769
8.122383618925674
42.56926849460825
50.61135833390526
51.08453486777514
12.04602134093676
45.3816233289725
53.65584476584183
50.34781501892317
8.997001129940692
46.36809668627772
56.01068584668303
48.631659985816576
8.341899426091269
45.68741664299495
54.67945683163157
47.80510179162809
17.8134880164444
49.90418621063203
55.82204664852631
48.04932419790923
12.404753487500539
47.68749334957681
54.20260675244097
48.06299963364852
21.666208844518216
48.42653554845658
53.225870237578235
48.0019939405521
21.198282803032896
48.25820166187506
53.199381998738836
47.45175996512832
17.77546894948986
47.43236501540025
52.86338374361845
49.71720944955317
11.810261717142623
45.17575934164701
52.89559076707176
49.402323781484085
14.8142300586384
46.36493888541008
52.787012143413655
48.90260997321214
12.147689330932792
45.451242466979174
52.288062049701004
47.676003598239454
11.72234553700586
45.89208492037067
52.50147878588524
48.229575272866214
10.40390139408288
43.66328165266561
51.91240485871921
47.96482510895529
11.304768509458269
43.195276215089045
51.00878953407107
53.073537278074305
22.46645173922597
49.220714741224164
55.219290920424264
49.42687332068411
16.806757346089753
44.379754532311345
51.164604262672384
47.855452662779406
24.639873453225995
45.452175336962874
49.660950735296424
53.57994735915478
24.935397429119252
49.277492666991755
54.360072019538904
56.86470410709638
21.74023024543372
49.927181787223624
56.55118126147308
58.27889515345068
23.032031721450394
51.615346386058654
58.28987016945369
60.21965016171627
21.342674030523824
51.8145831776361
59.39093017548563
62.2105377161405
19.916826552410903
53.070947418991615
60.26357412708846
60.746886177096606
22.64784612807905
52.726596384340915
58.75524851712549
61.45008329607074
12.304933407230084
48.46143970726898
58.16567168664846
59.006389065328726
8.318444294174366
44.15705186718846
55.586384526128164
61.35442766650858
6.254378020702308
43.576188804563344
57.53514840968294
65.21089918806432
6.726968570998586
46.29552978847835
60.991188727258404
69.89152481922572
9.793707610256536
49.34595784006517
64.20530656359243
69.23419783971092
6.644894205815873
45.040751199492824
63.02434786646379
73.50531035999248
11.25096016708946
49.942247020880856
66.36852588571718
74.37047913692689
15.445088256060297
53.06669265309799
67.57322618109545
70.79510759363441
15.509154529019956
49.64684023907273
63.48062662440865
75.22780065433903
14.619083323941574
51.583226476765034
67.48398696061822
74.8513454465186
19.067418869706266
52.259766919838924
66.3756612077443
71.64737506410515
20.18300443000176
53.514622314901075
65.71606728751978
75.16688141511295
27.500238091049642
59.60448705942895
70.15033050145432
74.66032407247995
31.393907072160744
60.46568894446224
69.9205043481736
74.68064338860847
32.023034066039614
61.12705088068128
70.17982824502029
74.30018616239592
34.91907492268337
63.64399794781294
71.37096225561712
74.29872255697104
30.72323380992197
62.15474517949007
71.11578818939452
79.50757694935861
41.130133875162805
67.93438952897624
75.70909597833922
82.52281360405708
40.6206027502684
70.67613963193497
78.97955800277688
85.51412531733189
33.63194708719367
71.1440984064709
81.45308827834356
84.5486808660669
30.003970361761183
67.6694973839179
79.3208643865222
81.67564528367006
30.867619863990143
64.82617311549524
76.14142875190187
79.31288593472141
27.209491633576388
61.0897709594998
73.29532288260921
83.39511868228426
28.644777741709685
63.8102891774905
76.55185577987889
74.42480096182297
23.438512927156832
55.63273267348059
68.24021657641397
71.03798711941157
24.687334665586192
55.83202058079069
68.01966700732112
70.38842613281085
20.964187589887803
53.723056099800715
68.16793494540595
76.27516415501948
22.338630279587036
58.80708821838946
73.32443168956789
80.23408170547795
22.98046261412938
60.4178447691605
75.21949941489997
82.97887092008972
27.50916186310938
62.878868787516666
76.45965016793254
82.68474668398098
24.222790890322194
63.00457239015665
78.20379980245313
84.21543360725958
25.713966393208004
65.77497305715707
79.34526252999319
83.99258830356935
18.84562803306342
62.63862555248158
78.87338075304675
83.75867700403778
18.832556567365117
60.79470917905095
77.81412846934373
83.37726672344627
15.343556563108951
57.41470137222659
76.59331231007138
80.66155150705427
19.548275117305835
59.731221187765584
76.87021355080473
81.71632778623054
22.958988388203437
59.33081005284203
74.87779984123931
81.58658554991462
23.89566603077872
59.08437253568193
74.46932767318266
80.81135145786958
21.12956746652226
58.60366503971274
74.60255577246357
79.1654081297697
20.762740768531632
55.52899503717405
72.2016102371164
77.3447587276761
17.601315190978575
52.19560392506499
69.93526574345184
74.3725288027689
18.486218157608597
49.68996140032054
67.21665278968781
72.4410983529159
18.15125862328368
47.55820118967799
65.29779478400124
74.2738699233333
16.300433090159046
47.61302768767411
66.85879164207299
77.0547259313289
20.028752365509906
52.53143425506974
69.34808191108273
75.66498866218835
18.12204498914686
49.1935939408869
66.82288341651203
73.32707145254761
13.090018334553262
43.3282197476433
63.478128557715415
72.43478460328656
15.874431258563815
46.00758704378496
63.397754858061674
74.04967882041922
17.804148474358605
45.9792377169148
63.92832916883191
71.25418828098381
14.948063720182647
42.89775030257807
61.60823408395221
70.06998858031875
15.981309690345112
42.59109738703848
60.36353820506168
67.79427645340672
18.431969575690598
46.33346694819249
61.217318355798476
66.93430783216006
18.424223501931802
45.56949442023431
60.255149274944685
55.68058451417102
16.687571227263895
39.35839019096912
50.917010250102294
55.99619958223888
20.467707648176276
41.825369354241296
51.92365131772748
57.60479492811972
24.4314333264715
45.71181879944685
54.90737746377354
57.16412489202127
21.803847839728352
43.284137827654256
53.22117736802495
55.80031595186286
17.163614757061342
41.597736121839546
52.99551639272141
58.90271249556652
18.153415303090835
45.346831322540886
56.73932204780243
59.396146164628064
18.217471193526013
45.37635351936998
56.504167344544676
68.74404138595621
19.610134167119526
47.6551799692261
61.995561809411775
63.17877194133024
12.997717924094738
40.76457787988188
57.600873509601826
60.957771950476904
13.55944660039784
40.12387544411935
56.037922068391985
58.05753250181392
14.833823062495215
38.01173385492669
52.02329269366622
65.54192438252578
13.99443257366595
38.13386667385755
55.98551648079248
64.92016868388278
12.194250926054105
37.87842446712231
56.269885816061354
72.14339912314009
13.265485517117584
40.26168676791972
60.818989180323406
73.84332354019132
9.554914325146862
36.14801500538921
60.24934330136093
70.29021448424825
11.427710077102939
37.027628721408966
57.835115855736326
65.96907788488357
12.92186904353863
37.13453143540617
55.240590615073124
66.58759975535465
12.78416466399869
36.978629201679496
55.830819436198034
68.30394124201828
12.304038876776064
37.88030186115727
57.68508903412277
67.8058898793825
12.52443833518851
37.392656450831396
57.05262866995756
69.13312175675269
14.785859165499962
39.82241771334342
58.13910029559997
76.46016741689505
16.041656267753744
44.5018860711512
64.55823523420304
75.34963618000506
17.18717231093723
46.22705225149877
65.32758665964465
80.5296959203004
20.99470537110814
52.097871522639984
70.52574846980801
83.18637495479098
24.150316487039373
57.02034607851296
73.76226415548312
74.3847111207018
21.299604649105405
51.40217087524774
67.0180352186037
76.07211994454119
23.06348655578842
54.08881603419732
68.77758006641562
71.87549698887734
23.359611976226507
52.30294535773109
65.74978296793145
75.1544969640574
23.490991405158145
53.762238619268636
68.2242675692553
76.5982781936311
23.80689639875871
53.173168712021535
68.12638572865633
80.92518339690635
29.083110966897696
59.9361966327614
73.46039400654628
82.59741416289116
32.237980356719206
63.15728939918205
75.69258923598078
84.01799540585792
32.69757447590501
64.30761369429686
77.12423088869454
80.46539227330264
32.217801616584005
61.15455862717001
73.65189083748488
82.86545610412736
39.43096009771548
66.25250022411586
76.50226587767344
83.95553456498911
40.89736198244622
67.57338886791533
77.68150554498038
82.56661994840681
37.88907345455414
65.5195263903229
76.12446605030937
79.12096753034429
31.78657452973417
60.58716332966305
72.32982064077795
70.78181446521953
26.560516993384716
53.88387824339373
64.89943057103261
71.97427080382522
26.14160952154497
53.38995073319238
65.52322029036499
70.30607480037118
23.562217963581055
52.03206550226942
64.47258351410318
74.1081395879343
27.144944727966294
56.14507288897425
68.24611549843857
75.0108698948432
26.061097224237237
53.7423656982878
67.77347321237997
77.18212532406316
26.56752917692814
55.577059199910614
69.76761282976257
79.68765730930212
26.15377177577236
56.5967009536402
72.2298695694342
79.24326454494637
30.005192032413422
60.54192348476014
73.15534638951615
79.5478954184754
28.443646186173392
61.25369548492435
73.90593431690708
78.48368741626471
27.29460766507321
58.630647222025345
72.30018086025578
77.80749381510053
27.540274145402066
59.59941419775041
72.25879527319353
80.80241727416858
28.537318516469927
60.81793599796558
75.45440590969721
84.06589696853688
34.392021602640924
66.77244061418926
78.60551059159943
84.98239783983614
33.18368267113203
66.27756117661379
78.99524862158232
79.43504299145987
25.00779389233859
60.114739941102485
74.41895957654958
79.41817149659063
21.24377536403329
56.365730452151475
72.96285600010505
82.71682286141105
21.71659533483671
56.81339765493051
74.6264869180185
87.20218538052612
20.450874538878747
58.164892041982505
78.35615260112459
80.18041830726757
20.397408461824078
56.111780209016885
73.08743508711312
80.53228898239898
24.61924164486921
58.29807436815834
72.93663623828301
76.7401555969464
24.27854487068628
55.55954844861632
69.79613011558517
75.72403872872465
26.926369440986722
56.65409188638668
69.34743374844734
77.3371085358697
19.463272745678818
54.48145694392522
72.11798792493344
73.2127038333827
23.891489948262112
56.05479161106659
68.60288817815722
71.56420636333709
23.971011173699047
55.35301741464347
67.32412454744899
67.74391140359727
23.15354502090397
53.938584319178375
64.19031689129658
65.60135367115802
23.215076855686153
53.50901139008306
63.1653488969006
63.376817108421974
21.860795365091388
50.9239167833847
60.51463637139661
65.33538859212901
25.013290805500226
53.694053652409835
62.30443092075856
60.282601528314714
29.735694584509705
53.43867933689635
59.037517487853385
57.9048350285366
25.604140502579376
51.90967715921054
57.15516360856409
57.40159625812528
18.28413522282102
47.503370022466996
56.58780735097333
56.56701602346726
16.35240463165688
44.13609066712279
54.35241908650724
58.309519077372705
15.051231486694848
43.14676587343827
54.70567192920732
61.14014715019551
13.837770488123573
42.94343197702983
57.528186616822765
57.08182274628136
12.895229860092321
39.370562957202566
53.85730590536885
61.12146511999994
10.223501925523435
35.83187651233664
55.5920293688982
56.6164221456899
9.117130596482925
35.129889033667936
53.55329964081391
56.66807209284596
10.430159164275974
37.224275754205806
55.050975549305925
55.15217851406359
8.813891135682793
34.19114630087391
53.91644442103825
55.63983090189625
6.573703577651682
30.197524194674532
54.35884620233065
49.4330270399783
7.2525681329439555
30.509262138737533
50.10818256674384
50.54628792763478
8.147982359131703
32.22301182511804
50.34319267922289
57.310267476451045
8.982641296094293
33.565300461613575
54.22002498576323
55.74746426506266
8.159230616051586
32.06018807828929
53.930914247446836
55.56701093167203
10.241299282820984
32.95830316874245
52.52411758879389
62.722440074424824
12.58309145225799
38.92027027975313
58.78290417272979
60.64394910267829
11.46931103607089
36.36062756050051
57.319212944891
60.68574335027249
11.985512886110767
39.257704308383424
59.64007348532746
65.47229231888761
17.19154637020262
48.38221748894305
65.39216619633656
64.32895435092487
20.40585997340851
50.644748771571685
64.0387478170555
65.79489969958611
20.449768970386536
51.336044976910735
64.94798516412183
65.33626577348946
16.00776939919981
48.1357720195745
63.827166747586865
61.60596970785987
17.369517111752625
47.42174150243336
61.2136920099239
56.08972303475561
16.673591968342443
45.64653516741512
57.18318764899682
57.69641071957772
12.587887469147633
39.99131845441804
56.33520209489645
60.02415092809295
16.036984992932602
44.188644684970754
58.80140118164092
60.24334542289705
14.719989644987244
40.85796566902712
56.32985056944219
61.145928751907505
15.40374552403973
44.05613326363189
58.67049149889489
59.92811693253741
14.460203698744577
43.139897041079934
57.07283460463565
61.193742823149066
14.138671368744122
41.42852399335929
57.40173088782797
66.05032253462747
14.382765300349808
41.09641348461261
58.892117344169336
59.642488004186866
13.222184158772682
40.39877842410033
55.22678130730645
57.81123529092974
11.847947404476509
36.48295474959047
52.3238539066652
55.43986005175247
8.929383209880294
30.36325319052486
48.675386398160406
52.04240528365391
8.26607816397664
28.600956491205988
46.67655383935716
53.26249902196438
7.968042693802335
29.17033133317127
47.464442067571895
53.69862026898362
9.195776575260075
30.93309977338005
47.31109159216887
54.7403920779568
10.419078455170688
35.1799745810185
50.02642885410711
52.284004801731136
8.04957985772797
32.82579290493243
48.57784223687976
51.55838584840905
7.159440950766051
31.80087366624692
47.83353261338008
48.352834165584525
5.185884264937671
27.626715586592926
44.4248098854721
49.99646126927037
4.352062432171363
28.225405314748773
46.025173451718736
50.575719756652646
6.769552691684663
28.592644002529813
44.79775604102104
49.39319210028147
5.341400669272314
27.41221182074966
44.343291599420446
50.89833707983843
6.5247476422768536
29.401225477490765
45.14496730302147
55.96432806635779
6.854756207356062
34.33403141055098
50.13712951628049
53.025219887179134
6.019647061603073
32.300888357315095
47.19414188270246
50.671734083641915
10.517235188828959
37.80249657834534
48.101845027776235
52.17093417170724
11.921205528652742
37.18387490284461
47.285921955838546
53.55198064935849
10.663699807092126
36.391373519619265
48.02096055278355
52.5486623798346
9.020611185829994
34.02461013800179
47.05105828307532
50.22800408103974
10.581439291813787
36.12798174099609
46.56388053877313
49.428235124147555
13.54410161886072
38.05540480455896
46.82470715308208
50.53897816614632
13.957674641300015
38.043913753272925
47.065799543512185
47.417227131379825
11.524262384445981
36.407444694305646
46.01910173305695
48.874986038659664
10.737315034966517
34.57785094415046
46.27203721859317
49.27150985283616
12.942951295091426
37.097695546456386
46.350040372691126
48.9422232070862
11.447353205335254
35.45954139804657
45.724266958084804
50.6444405323065
14.201284961456501
38.78748159161417
47.61620529382663
50.15206822447732
15.984644799913825
40.28859175512647
48.09690991726279
52.21574307961185
16.188408551521626
41.2824992874356
49.23851946015663
54.27257418316232
11.253286283696962
40.69359910128204
50.497377098531445
57.01666922512572
14.434434833875812
44.66158657322038
53.571289895220836
62.521711168360206
10.855834170910057
45.392337853062976
57.70222125209128
65.41710367262226
13.050778066118308
47.81017390529531
60.103481178690785
65.68152880786856
15.482261216608043
50.27535186381275
61.13164978632562
65.77240441027526
16.894132882900163
51.7813988516846
61.93453323569064
68.38356149317843
20.177032940613472
54.28436689498545
64.17509855036256
68.87492885725865
21.533988568533445
54.07730632051522
63.96006308337044
65.01005869493952
22.11322386985362
52.14213486220436
60.977552288942526
62.62086771994444
12.155764973252774
47.25512763075273
58.44608218908092
62.04250881801812
8.315142985048034
43.6022006379147
57.22290298923369
62.332918100535984
6.406943241334676
41.32472240964084
56.993307061492246
64.84371733177744
9.767674052694295
46.31166731249476
59.91297346477763
65.7742904540061
6.9475648270339745
45.05708520563685
61.17071370562402
64.44090001279285
6.194719436003673
44.98829403141887
60.55493197056551
63.34286685249637
9.379524059901987
44.99157982365828
59.34129645512614
69.10529522421862
10.685728886273454
48.822068999957246
64.11621459161422
64.74124737506318
11.205919669536957
47.13306704005528
60.34828100651886
68.09759786867107
11.779932834458364
51.35841175558876
64.45933309743174
67.1568985889739
14.324529359866744
52.11591498870192
63.70517423255511
69.44201402987616
17.565781134065418
55.708695804889786
66.18095461447611
71.39535415368324
23.55283155075093
58.62756561968463
68.2331749293334
76.17942855253976
27.425526755431456
65.71514822557977
74.15185592661861
70.6472797037798
25.650353598943422
62.64280100454096
69.55680157920791
70.01627837800555
19.739272117100963
59.85686980010834
68.7412485568152
73.32349494963071
18.241260807379312
60.923386758020406
71.22395680561372
74.27705874474464
19.54829759374907
61.37268073095267
72.1800794186194
77.7055094366877
22.905917460933466
65.50244906364419
75.48786900569986
81.92392867187814
25.2096217764783
70.4977148923236
80.1134441281975
77.17588874409574
24.3446485313134
66.48177174824069
75.48475500879347
78.64239370369214
28.041852311542296
66.30315248675858
75.70697417709805
81.7420152847549
20.19959193307055
65.62511060465033
78.14162773035159
77.75463234611365
23.177749610089784
65.49925578195307
75.07436649523869
77.29985602518738
24.083166380118968
62.45737959296643
73.67684923736142
74.68661727355929
20.46189764899787
61.67613449484486
72.1646131962817
77.61212470230362
23.423442623673655
65.99425030825998
75.62547366783124
77.84469306827404
20.509682514179087
64.80873863160993
75.44800826265187
77.78379781291191
22.251357193098997
63.68925606766666
74.92173223899336
76.66939373293967
21.797825243578924
61.678430742966114
73.46225700373326
80.93870147565498
18.13352471960068
62.81380203717716
77.29211218610602
87.12763177968758
17.432059726078784
65.7372669131481
82.63424365557034
85.05116397357475
13.835760008056665
62.162220107740204
80.48574250736385
87.54538518952795
10.76520796773406
61.72290809796863
82.69468222469223
87.01286412401532
12.506066475940658
61.92817333995327
82.09889436752673
86.00585906124887
11.004199089114694
61.02758015766916
81.58398074705899
84.21675888441467
16.817166935872745
64.75870034009012
80.45616784753541
83.84789270973646
15.40565955511603
64.75926396920197
80.66296681618097
82.72568021051401
20.376259565696632
66.8006505526549
80.00686762270797
83.60699741447247
13.472905255634009
64.82715124197048
80.95102366239264
81.15648615270972
13.41450050018599
63.697242056981786
78.6192613839671
74.75880286918029
9.665650694265253
60.429238081613335
73.40569793132146
79.21238080502148
14.974058833105833
68.44121948058469
78.44681330279737
78.15796414582205
17.459103076100604
64.78827290305352
76.2603408408029
72.81029116325384
17.102299637801732
59.86305039127563
70.89160883184002
75.43029649828664
21.388236581480538
62.188589408330394
73.13185115896543
73.41369462087542
34.69689420048996
65.45826264985625
72.27322387394192
74.68949433389494
30.448527810090336
66.0418091767099
73.67721072508337
75.47935342648348
36.89566184679106
68.74459482690081
75.17782590852302
74.57507486142607
40.02239219720414
69.86530333655178
75.1023753515315
75.45550109297004
30.95254424374744
68.87242461584881
75.80979434006365
74.58459572938868
27.433894092027728
67.73307227356794
75.25476410588414
71.60046425284466
29.085893659069754
66.2621045046841
72.80309650143057
76.9744993959241
28.935889860066723
69.14699782623946
76.99831829017991
76.20695399791717
22.83245705012422
65.72118368473458
76.31011399009726
75.10763612307501
16.740607247852044
62.187597634071494
75.32269477465177
75.44916102522866
16.18859133748043
64.70626322174806
77.3165804577332
79.80595511774528
20.634527237320675
70.47893352215016
81.80192504946058
80.79996089034113
7.9465472076504255
60.997997566233515
83.0557507413662
74.10220193974212
6.8054290157584205
58.54947642874611
79.54552100630283
68.67267084396231
3.641260072815676
49.38801607197876
74.05233550900023
67.9506586316736
3.5398289450523346
42.75240909932597
71.3563251501046
71.97653443589614
3.350773726687442
43.669043175280855
73.66092611565688
69.622919604525
2.0368649309042164
42.69921952743223
71.43276681981274
67.99467468721792
2.81639573798149
49.366304705280676
71.95447377657281
73.57261250623543
3.490073881915391
53.38237878532698
76.73342908414864
68.0543167233707
2.667832285508408
47.885252256662866
71.3557168618416
67.81459671203623
4.443184174816156
51.84590002627508
72.38547813253848
70.69053245362083
2.625391379641957
44.89845076238152
75.99226757822599
67.62618514168305
3.1171664627684916
43.00910940512095
73.75126341960895
65.33443606942173
2.957991334943873
38.51461750369244
70.76345849280898
61.585934063942254
2.3307770702822297
40.393894864488985
67.84749237997892
60.74834031985235
2.632426162192983
40.803014441140164
68.28780448515853
58.28469538447227
4.322207972064966
47.99698060142048
64.42909089834028
60.80126974982828
4.607690342707347
45.577873643034906
66.40555073934422
61.003314013936844
5.889700532182825
48.917171271137285
65.34050594997451
58.44674673612823
6.750388900786241
49.03432514987742
64.06099644837542
61.34255517627066
8.857346072648852
55.72630959576857
66.42759252499822
63.19709965293748
7.342097607327211
55.72423485792344
69.76413590178731
66.21727814087235
4.953490792151869
52.52857941497977
72.75010848419276
64.49450481971913
3.4149569226464727
49.221800274337525
71.05329059778069
72.26780269025352
2.0788510158251747
47.89157323673594
78.36798384007265
70.15183304806709
.633056556633486
29.73215071940382
73.31746273058435
75.54251076491403
.5907395756386409
30.93028136890502
77.75817876820125
69.90701401517559
.4052087835166002
25.66163601339376
73.86553532669494
68.45852029873483
.26178511345290256
23.523806165940854
71.0592292160242
67.78511756661213
.20737088803138154
17.56756638313561
68.04295398934417
71.02243872481095
.2502915273739643
20.247426073614225
68.73809299429392
69.98812007915089
.36828775551010945
23.53983779245469
66.96638351915776
65.93744956744939
.31643453772200275
19.279402868928624
62.72677515046927
61.63202659584287
.3061376486737713
23.4379418665969
62.264758115281055
58.11455334971698
.22554803099109352
18.751270917134217
58.66705687005825
56.18300997612732
.3552092228373299
24.254177907448216
57.13849864850911
56.50060991300841
.2788403082026456
21.393500848268733
56.465696054769694
57.297492277872436
.5809846946621327
29.8465264033239
56.9779300075759
57.53405122160361
1.0360919514693732
35.25414822630363
58.55622451454299
53.0547405832023
2.4062523958023174
38.83580937468545
55.28462687661025
50.60677999420399
3.336354603357524
42.13038936789243
54.11824457302391
50.28425487631257
1.479738724169438
39.79185510413913
54.704275025467474
47.38968494577602
.6266741139931924
31.974376503124848
52.69292601721153
47.40941132066308
.2983461669696013
28.638426838253828
53.3173968280038
51.97836397661066
.48541401534618966
30.182543488980812
57.445347349872904
53.93975435920857
.4298480362537612
27.77923776272534
58.48289278458952
48.93014810116409
.9112666825717937
32.587765951916566
54.16391396245986
47.98404502918087
.7705084437550824
28.8452571486012
53.8996473454374
51.323144826037066
1.7558951670554226
35.35255471614593
55.52503020072441
49.348813135337025
2.530943110771602
35.32498634933688
53.21357140742682
46.32084789546284
3.0192863764068325
35.78365703583829
50.81851218764664
45.12398829064204
3.5018306755219064
36.330969695007184
49.58436871994474
45.34795914421781
4.123989448735321
38.61607642703611
49.972140006847646
47.254525612178384
5.388137574191084
39.53449152605278
51.111681989017654
49.874482986329284
4.040285451559649
36.48711950771697
52.43325279271923
50.83527004353902
5.571591687656617
40.28419785385986
53.556647285811586
48.93286042870391
3.7718558385507244
37.73813405725005
52.70205988930398
46.923216735929266
3.143671063806933
32.79886236261531
49.7327758156307
46.037235778349284
2.7280096662872904
29.454506222123484
48.046542504639596
48.737503792207555
3.4782774238378265
33.721439508984346
51.11006597643164
49.56885464283365
4.364967609805005
35.28878399674036
50.88117281529995
48.51158895265962
4.509202333490439
37.064368683363796
49.81446812329808
52.3377204951659
8.34547970076394
43.963844023861036
53.92516283194353
52.73092917705002
6.494286906841227
42.7763954487269
54.26251551164356
50.78503307779412
4.718165227456059
40.09156705800269
52.37660191364324
52.17856468709594
3.793907342806252
37.99437501046307
53.40681746670994
52.85076858107097
7.401137812580597
41.701073797585806
53.40617938787737
53.16714900481385
14.108820645739703
44.44352508766904
53.24229920134901
51.17513849994353
12.545914184635542
43.49311691205211
52.006723396435184
50.04155421868377
9.240394053808238
41.85176163117641
51.18252592503143
50.18474618103753
10.761937399714697
41.992346666340595
50.962211013424756
49.98876046385233
10.535364147079123
44.77629371850387
52.961472894735074
50.73309057035978
12.285914016240783
45.145142594694164
52.96097850865591
53.85018526666365
11.648917752131814
47.92660720131433
56.51099418208119
52.267306520085015
12.605308886233253
47.34385612302251
55.38046675169234
52.214706801119476
9.730934909080085
45.62530209149279
54.76782714725238
55.90744602884958
4.19666380212239
40.72344771867016
56.4906366047841
56.61046241752773
5.859596327553092
44.33020248468593
57.15297037879447
61.908383195740086
10.29416121133165
51.7374324067603
62.64353648643332
60.35368725549642
20.0226378281979
55.946052787323374
62.15103406916334
61.450905504397426
23.480227866902947
55.08141281528511
62.30652100963884
67.11882186280772
29.37725962763005
59.609297428617566
67.13229726560087
68.16027279853296
29.67006218383625
60.649783343483904
68.36419941805016
69.92319302214388
30.69571910281219
64.39487421976138
72.25629393448894
72.21348210256961
34.03342922634147
67.08843630577353
74.8596367001709
73.39142355127387
37.214482190434715
69.4601566608841
77.06103018168066
72.30532507257298
37.71019991651938
70.89412177759075
79.00535153907789
72.87288254308692
36.73930125258671
72.65955377541768
80.64340258527008
75.22742905191107
37.576171760292965
74.58662335823723
82.65637669062635
70.01103912431215
30.17263104496022
69.59015812171855
77.0097714137646
75.08300924459782
22.76250063339282
71.78624834661758
80.61542835645946
72.54504491539207
24.220213983312295
69.87479974931804
77.08957181692453
72.04206189350015
34.52415606081085
73.76846243609647
76.92044449672676
66.58887701226638
28.765815477072813
69.93722716172569
72.09562521198922
65.30562956864337
33.40677819623015
69.23709723091915
71.32170512685826
66.28619535262588
34.474358576583604
67.9263354067567
71.02057204674539
63.681947868593696
34.15124247797004
67.23748866628208
69.23900833988702
64.29819103373973
22.803153370937146
64.53386316777797
71.03872422266208
60.659325469399185
24.219435249738964
63.35046181210545
67.52065722829948
58.497852509267695
21.860890106647613
63.42478997691615
66.4463566597245
56.40361917508099
14.044319356694098
59.63153409258602
64.28223707014637
55.58790755064403
20.300954829796897
59.71978032414287
63.43886828976894
58.90451039577249
24.145122543286163
61.85509105187182
67.30304029068539
57.43418176509228
24.421741815887493
60.4231007016871
66.42153661403157
57.20314890423132
18.85057220723994
61.40115184480089
70.84917399746082
59.80008665041381
15.445423131572667
63.52308904603576
74.51666504860809
61.123960816142116
15.713605122349133
67.05440910201277
76.31512930527234
65.66216830959848
18.88111675147144
66.6875787946242
74.75916909634209
65.30914826296015
19.07266459673394
69.64093450062417
76.59821982943062
58.8651616739663
28.10649126336506
69.45103988455547
71.96687959177682
64.1335342991656
25.021811450576564
72.40311753652097
77.81639952931377
60.141791559714996
38.507731391418204
75.66386777166379
80.2700479376456
53.97208520252715
34.09659384887314
74.35830026022994
78.71206241869464
55.15830217449446
35.5736099878609
76.21319212137524
81.72095621779415
61.99323003040742
41.17296583638458
74.76723554330341
78.15438486541925
61.678425528958094
33.62007085124476
68.83204104993125
73.31330734541429
64.59144882753574
38.848129475602974
66.65257217980704
71.86710591487325
64.21604753699842
33.329794878595365
65.47603469401479
71.08545474423381
64.97272841322768
26.78082454343111
64.81109002011408
70.82898348284883
65.91183348535122
22.028913299084202
63.67260204188638
71.74013488293278
68.77363443065298
17.084723110423344
59.00326795733291
70.76129078505794
70.28166091398467
13.559798298975394
58.622925705363876
73.38156471826474
67.06170702874238
8.245013274235859
53.7729451728675
70.20097234822524
72.48915536071706
13.237921945013419
57.831155781235765
72.63426188398006
71.67315084196471
8.87713442732296
55.38435305349576
71.75077737012178
72.7252422199482
3.7661785483348136
45.76404339538589
70.42642393938587
77.04121893390311
6.569217433232365
50.45095703691169
74.42998262052211
72.30115852698908
3.888019809280443
45.09467781167795
67.41742606448406
64.18760491640708
7.0485904059316296
46.66406154034701
61.95150937199247
63.0203473893597
5.767792096650387
40.696819323287706
58.713561591251015
64.72856545056291
4.692559419090714
40.071781865244546
60.208500787169136
62.995942615067655
4.034707047713314
38.904282986452465
58.964766639979906
61.646501068086444
2.33430187134225
34.3846236207713
56.67998261100036
60.752639807004634
3.4480857027704688
38.886738201183654
57.863230234549064
60.04861468343458
5.049185647442029
40.74279916594877
58.13650724220148
60.92139309262559
4.518250913688366
43.424482806574595
60.219934043931524
59.14489030466455
4.593644014240223
44.82404353732976
59.923563141931744
54.77008658638609
2.852045263189401
42.214247003985164
57.22308476273388
53.89955819800777
2.079800759152965
40.55604277085911
57.04397422761449
51.60441832844636
6.544784559637581
45.24779027386802
55.22822669424067
51.94013354290665
6.292407403893792
43.72092414465339
54.19564806759609
53.001864575365225
7.575399865394738
44.395599027717694
53.978452405233796
54.17295797873848
11.63901014295312
46.66510717128107
54.790583392629344
53.964583850966214
14.466667229793504
48.17689517277135
55.934463812645525
53.59483498621295
7.987969025810159
46.11546421401246
54.544782143335055
53.354340291336165
21.64147384869901
51.29947106667711
57.83905536823582
51.183965977548276
18.66645857719524
48.18022874229958
53.66960810260877
47.841428073491656
16.836464296713
45.28094590370936
50.625660806156766
48.48231395794921
17.132604457014903
47.7589888514723
52.07844238223725
43.44513039572994
19.377286710225498
45.29194378295799
47.497335157492095
43.33569270013173
11.1675475229546
44.84912597360307
48.7786057478603
44.855947598182
13.12361734859479
46.467620611859644
50.51160401641932
44.9443458297072
13.433165926021914
46.736378533858016
51.18926514223854
43.06389519801547
9.237209328250806
40.91582567164264
49.39777525582722
43.21888395392717
6.56854989734475
40.42751477299066
50.33684100706782
41.84022136479946
7.334363983704331
41.48215990306781
49.446748264007056
42.994015106932586
8.34382679277009
42.76831086554393
50.89118910710051
39.4707004740049
7.77196311485085
39.66111066383747
46.25357589270016
38.26356795374078
5.446493786459191
37.10046571221408
44.98927629406113
38.875775177899754
12.262501885408112
41.6548687646073
44.69300843777345
39.95440596961028
10.184522291715451
44.3059218607444
47.468401148558165
40.04643580654819
11.434260567781115
46.07196498735261
48.33503792313398
41.71976432560685
9.319624800031654
47.121204874356295
48.62689813146997
43.10729554520166
8.11910358718834
47.421270907009465
49.72614776374204
45.611327576212425
10.970161880730057
49.77246195334253
52.796511889362975
45.409315541889576
13.384718074285145
49.30125414731716
52.940574380585744
42.31794732762829
7.099193398980905
45.319382060490554
52.91248164053701
43.14471112765191
6.678687358043776
45.34952077171969
53.704934108037016
44.68265141314973
6.711225950893903
43.15913701409848
53.50784584889095
42.07079498237531
8.607938962968161
45.21826306385522
52.62447980314195
38.95160734179576
3.870245651392536
36.74268064270083
51.18695761279943
37.06630421556421
6.1601626355721315
38.51803711033686
48.12353252893812
35.61298885198508
5.546533383941676
36.36792602290731
46.451819783502955
39.8093952982274
6.479265455979518
39.65696868196916
51.33779798416815
41.695248592553114
10.144456343925585
44.87456426626381
52.385880078421074
39.63498988359424
9.916393989871494
42.72612606794187
48.50206433665413
37.898852401127165
8.011600990569912
40.699445260876075
47.67371959639238
39.20589602156282
9.343291111015596
42.24247057789515
48.87695746762724
39.08868162095135
9.546903790645164
41.95254552843521
49.02483342036285
43.892884181108215
11.934710106160749
48.37920600594049
55.76810980001797
39.972564253151205
12.312291302683976
46.24791297040641
51.09703968958845
38.59452951380902
11.40266455040601
43.95412939208508
48.6166562099485
38.41225859867354
12.00916331453158
43.62612449033377
47.94907618679911
40.425673821623505
13.186231927002638
44.14138029297835
49.17312060184276
40.78578651914304
12.001709126673434
44.22202918576122
49.985792267323035
41.93958932440676
8.418094438463976
43.780669661962335
50.01521325230759
40.6385809981102
11.979905045203465
44.88282084384007
50.372256534593205
41.83715497386764
9.687403163859319
45.41705730015234
51.49748226235974
45.5419297680016
16.081147310562447
49.174711074256365
54.995025973986294
45.10918307102668
11.140127017750677
47.1770515382532
55.94514859292178
46.30469847869063
12.562126157376897
48.0969652779271
55.94086547489903
45.19489825203405
9.655021214858708
47.745041092140774
55.48444278793273
51.50047782628082
8.84949088767668
55.83087672008338
62.894009751893314
56.79430659154709
12.244001130179125
57.71980763933313
63.65609036241474
52.79551870057684
9.548718591199485
52.0970238639946
57.62216163088799
51.785861451795896
15.407616493604046
53.76852480478048
57.78159339234286
52.71543009589273
16.37045488223513
53.82274759116434
58.32929322025365
51.39235981732605
21.5470549357465
55.12269761824085
59.512083076213756
48.4958410120855
28.594121188373812
53.05836825179872
56.163168928508426
50.307241325036465
27.29791070311304
52.37231065504279
55.38024446409641
48.320301783086485
27.353816834524345
50.83825293026919
53.574834286142504
52.174552713311
25.055423514004914
53.574817163348385
58.52228942976379
54.98753322278105
17.469726969530264
51.04224429056654
58.2465408730247
51.855189078947255
13.209015474819541
47.601399385236405
55.3039070191397
57.54966917906122
12.997397944382877
49.19981329702902
58.53943918783251
66.2588232467789
13.701738180962359
56.03720287163481
66.36865300640332
66.87826358238745
20.767845340417495
61.37849344196685
67.31753815283155
67.16610923058784
26.995643494563854
63.14667370040136
67.62458427109046
69.41098591065322
27.838834494555336
60.84871654366881
68.33374631773859
66.91821707904136
35.905292880243074
61.203387310278835
66.13206622735431
67.23192780478631
36.0261441983065
61.709852080135555
66.86872247007629
68.83430907713904
36.20757548449608
61.97854927974349
67.64985788980754
66.29692401611427
37.932183573772726
59.84573875187206
65.18904767596054
62.176099851308344
29.796325823177952
53.531257749998
60.24217304544612
63.57281908456647
27.651022353108303
53.37696036431374
61.104198991857956
64.6376404716835
27.71798697167093
53.089732330758146
61.455649597160956
64.43734915031898
26.26554676958319
52.7012250077001
61.2830664813387
66.50954901770088
25.08968863956029
52.4931915743051
62.24838178737152
67.53219056903465
25.889586381408453
54.579374286988326
63.88803632024315
67.08968700467037
23.459478420162604
54.346414416772475
63.82166870458947
66.92748292355178
12.08145346273033
51.34509116332172
64.01837799594834
69.7205589028885
6.788539973732989
48.18382472130087
65.31296110464585
71.832178706082
7.079532169691142
51.33056551805523
68.0218317098925
70.35994363628714
6.400822906561676
51.02530864131969
66.82239772001421
70.64675152367697
8.450969478579227
55.21653049285716
68.30287985125803
71.607716923772
4.348937227996996
55.23154349490008
69.92789637342673
68.92288633100355
7.950315376982153
58.81276412899882
68.17786885994171
72.2837844949771
2.669881321718698
53.98629235854422
70.06405237490152
68.7253429404189
2.5281930721338886
50.40539691331182
66.73603842530585
75.48324035905028
2.0721472214319814
55.983832487208126
73.61850900132255
74.4633909535491
4.8091281194915965
56.1540824292528
71.88119198574691
69.61068346850188
2.457773438349543
49.40851164696468
67.46027881420027
74.22383301316681
.8667018783707232
43.03817364582723
71.0975885032561
75.27017569858198
.5399244258486176
36.63170904800447
70.91765935108978
74.54914802495078
.3769919546195691
32.62110185256003
69.8889636967646
75.92937819828417
.29070612813617225
34.666693686250184
71.71211781908193
80.05795246487459
.4469884799326633
35.703604273194884
74.50529621471068
76.43590617053478
.4929066789052152
39.14189555527778
72.69564955185486
74.65820150368793
.9846072205496313
45.79940545601694
70.74977487315724
82.24390369146192
.8116202473846904
52.012208627620126
78.74608586279898
76.06707534069623
.5120042447964521
44.977779160413526
72.72554586220723
71.14218158417575
.40712578964710616
41.25712586112929
69.31482200504745
71.55768688305963
.6663372691557093
42.98689194836799
69.8232429988349
74.69510700175333
.654016649789005
45.26681438615374
71.61478701784927
72.83784626540584
.45188714901239535
40.01567061812913
69.23613629878558
74.67944082454063
.5060846867511384
37.0531252855537
69.36394627718965
72.12433347060306
.5188316332117271
39.803612525943834
68.62586352792303
68.26952916763324
.7667806096076705
41.705166721187275
65.94185063676026
71.22446846155881
.9506737557729116
43.54290334545487
67.7762713846881
74.86741532490203
.6230728177780225
40.50333081893473
70.8612431546322
72.74002108631906
.6794520375463332
37.39697137440767
68.29744391596462
76.08258495450436
.32012813431027043
26.305540028309576
68.81199554332181
78.70360625991118
.2905006316991451
31.5298141374438
72.63797873194808
79.41808862648223
.40531706087410013
39.477648529304865
74.63690021393735
80.9306984959559
1.074926484458041
51.708588943148875
77.20514839386271
80.83535826496005
2.0816423587069655
57.96652294812276
79.04666018611029
81.89033854398068
2.043192939031992
60.89858443394253
80.65041607747906
80.10465675494692
5.902289983780701
64.37391272755019
79.03707462768139
82.66746473503956
5.460400000940688
60.52633466669016
79.91541111354469
79.58068696206598
4.892610277742871
62.96554066110392
79.114011444061
73.63633665827732
3.5341235407698695
57.895442510986825
73.77030835429281
75.73772637632558
5.237376353764956
62.16755561650582
76.27222506915002
74.71115935426066
2.988376237135193
56.15478460472439
75.44418231047409
73.16418914015367
3.5502161352905417
56.58404981018726
73.55220304195332
73.70984191267445
2.2507453041965246
50.02330713791465
73.28295644095807
72.52596521386813
2.4047761642493306
44.51881860852223
71.13927438499218
74.26244404757104
1.8948382376607562
42.98197280059224
71.74938756836772
73.11124453228128
4.764148830734331
53.69640122192283
71.95517695223818
76.4278640683018
6.777926523187882
62.01941457153816
75.62658944083189
78.51456470848615
5.487322898968922
57.292504510210094
76.04268829272375
81.05488273178113
5.399031210881109
57.49533635665847
77.67081973681071
78.63884146893766
4.048539002306074
51.529182852901634
73.9884899515688
77.84874947578601
5.989271440414993
49.47611536069438
72.1356596990487
77.88065332338165
2.513750189993188
52.68327556409985
73.95838582070549
78.05917814298412
1.0470638410819486
44.91418150349669
74.44655039926853
71.64245239729982
1.2674822077127297
39.89682400467063
66.88910823183697
68.07296097998201
1.6041464742378884
43.74527450456874
65.87493888761082
67.70725645480863
1.4253595516062139
44.167733912906456
65.35352906790814
70.68205512750072
1.5418094138870326
45.56355534751331
67.12075368785263
69.61828668642552
1.518800342918611
44.732341088776565
66.31991609459416
70.65915706080247
1.2827292995937252
38.4607110828629
65.63912956245032
70.83723596044769
.6951873790534644
33.57739562439549
65.98441415590486
69.98715601618136
.5870932359542509
34.00353918810183
66.70306629085698
69.07145728689996
.4650052788457559
32.368484500429936
65.94345113624072
66.73004153729057
.5586346801601196
30.06852633931651
62.925093141901016
61.189379263856566
1.3125908537049933
36.44512458117297
59.68085460058901
58.52364105546107
1.5477737957479223
42.828306614610746
58.554675054042555
56.2696891085469
1.303747404743169
40.4441245419939
57.168681750301815
54.50601052397947
1.5759611964551064
38.23130004633494
55.41884543150284
50.50112028714608
1.381906940472011
35.20818681256161
52.08099618277197
52.4709895378475
1.4024227794626776
33.59126537645402
53.22636075202785
51.3861912338599
2.2312158044191546
31.504594042875176
50.68407684519742
49.98916423029104
2.777692402496674
32.150837000212064
50.12437156995164
55.112277541391975
2.4392281525741004
30.49145099033295
52.019030600627865
55.21853408602998
2.7245848585512706
34.73256450360903
53.39954232116348
57.48717216234556
3.421897622754024
38.518939614169604
55.496164043971646
57.94739912201865
2.468811319712562
36.85891820795349
55.67970695530242
56.65943175711011
3.3153765199964274
37.85888190009089
54.02896456379965
54.659133580049655
3.8034483008254134
37.82970137774595
52.32925563572072
54.813187352752955
5.689202774584958
39.54011211934049
51.62776597828992
55.7788683642871
4.517129225669364
38.49692719825196
52.172308992236346
54.41245985599181
3.3556795341172974
34.95333999857547
49.82520758892566
52.16834190906999
2.7244520147839943
33.295106114273445
48.152386935283516
50.48395820332436
1.458560522819275
27.874158755707423
47.14612510389018
48.92375189535495
1.4251171366791293
30.232535866037704
46.90536005825622
48.65605791160496
2.5052379380963234
30.282847034879133
45.897731938403666
52.1842495910307
2.4306298619118603
33.83339705319991
49.361354037026956
58.12538670367939
2.4698032455902785
37.37852347739058
53.7261663624363
53.86066891698776
1.5349537138736287
31.81317364319463
49.38416135202753
58.31597165029119
7.504956816739878
43.86964703278902
54.97539255542096
58.242175849555466
6.596321197070749
42.65140094520071
54.70235856188424
58.05155431507272
5.462011396791081
42.63213618105991
54.68501530718633
57.69349042405786
6.8700070446118335
43.50159983993837
54.35475034221102
60.19582721408494
6.129007153757134
40.27560922722624
54.54292500497878
60.03347332877753
8.030142077188133
41.15698238535505
54.1040657341443
55.81580196699858
4.873459060854957
35.822433127542276
50.12039253796421
56.68003558046238
4.725640960295793
36.97787932491685
51.535515702605046
59.78743476102235
2.2225440497123636
32.37944766762575
53.324785810496905
56.40802613324739
2.632068129134877
32.42952349074914
50.73002456825547
59.604335645560795
3.0444087855615263
34.68956724347915
53.37859601210917
66.75728764583688
6.01301626319579
45.88892686707988
60.941670016654456
72.1670542993803
7.524397958235868
51.11199391760024
66.07730645402903
63.74245856462939
6.254782445028028
45.61688961010105
58.159450852806685
63.955360315855465
9.876836495827867
46.233007139309464
57.81852147529409
66.0739423041388
12.526320424930196
48.8826165122961
59.80667069931255
71.39104943596514
9.19082468046173
51.28808708985322
64.771757105184
75.6754759287781
10.985049631586202
54.31869220691266
68.60757307840971
82.5722864732349
10.730370636720705
58.36236093751168
75.14692630709736
86.82948549161289
8.479533108085171
58.74185725585687
78.85603540976732
84.58263563425061
6.07931010371101
57.257735654776624
77.72856205602548
87.16066492469103
10.090372793569706
62.72342922370449
80.0780068571695
84.45524666767854
10.399926660555671
63.43981401994332
78.53861198229838
84.57327771902757
9.194608569368558
64.78228596735777
79.3791301546558
82.84988467854923
8.306856550344332
64.42702811497595
78.59447565839046
83.1968222598025
10.148430466632309
63.839662916917376
78.08683528205383
85.01458951567436
16.24059317572803
66.7703030147335
79.45970541039118
83.79868048842712
17.51599803671956
66.12959879994419
78.33705944543561
83.76776349046602
21.01790700225664
66.4045404582438
78.26207284728757
76.62233879468076
24.120597239011385
63.643026594480695
72.66108517296374
73.30175489780115
30.527687377855603
63.449458884180785
70.42711465777742
75.9135390368289
19.665631450504993
61.25878900156087
71.5207225539667
77.42830224714747
21.08024841313996
62.80209447962042
73.15881970044909
73.69110816364942
19.599404876172173
59.1480803519178
68.99367300747984
75.42440044946359
22.174904291312124
64.20745275293378
72.37759817286195
79.26539136977084
25.283373083455572
66.73909144217282
75.42883805645796
79.37524846992103
23.8329579762308
64.58710886676329
74.70764327640626
78.32741076701267
15.665481944427057
57.690760806741515
71.73437718313902
74.79199497118155
17.757687686882043
56.43499889741564
68.65984908548414
71.93111529199726
13.20688831770386
52.090064293709304
65.39673315416067
69.71508770710075
12.541860001778304
52.73484714323418
64.7075780796457
71.24740327002876
10.818910302921074
51.10493610350347
65.37516725365714
71.53591847468935
17.683434233744414
55.88093614622171
66.59532618971001
71.51671150095241
15.837756708279109
54.71434594278687
66.04211260402342
71.88955402791623
10.755409667089815
49.814886696763125
64.9173617162477
70.45420723806215
10.822219255691005
50.02040884445153
64.2080261388989
76.0945068757348
9.058648130056401
51.39887272756804
69.19855249207825
77.20446631191837
7.077518687078068
46.664338849401446
68.3713148308506
75.27153468329055
7.858900013286178
44.649823941031045
65.80538601716684
72.66403178414102
6.820239394613005
45.66013197584585
65.05876757174791
82.57946741578232
14.718594909760267
57.506719661286745
75.72050704214907
81.35397749103599
13.402276367627339
55.81233958146118
74.18196767222322
85.01862307275978
11.35321321797265
57.3581756027919
77.6269750302811
84.87441408824111
12.3471660142096
61.3638710581908
80.4172889263011
80.80563448822969
10.250969627887063
54.440279244803925
73.36957896637367
80.73296529296682
7.52719856473772
51.266772334302594
72.68616794238406
80.12708684283461
4.087524261547615
49.67699852517756
73.24990818194586
80.7019836847259
4.043894915435124
48.28027911556154
73.3884011938356
72.41285003153881
5.891982712714614
45.96996350015305
67.00120104582484
70.24222583892599
8.977380110869937
45.49526291755716
64.66047078325332
80.13854224679783
6.087562379089215
41.88220092069497
69.46111569909476
78.79063310404653
5.647946031181711
42.084364745805765
69.03046501802963
77.51165492407138
7.827286502310022
47.358532405450475
69.58989735920869
79.82531820811425
4.898403603170496
39.893612080931064
68.22542365969701
82.54071527617408
2.475998294704184
32.82888148051223
67.14206215803272
83.3043112528395
2.6829901224329538
36.1795705838204
69.88574053480575
84.35728759940827
1.9377261187476167
36.76009129875377
72.21809535747181
84.09161349996624
1.0738143116267584
32.390489046881086
71.51658253280306
80.0883100180013
2.2169311568979944
35.41772696998808
67.0097364042859
82.7957302876777
3.047032523575884
37.91895059153825
69.74142790374181
79.57650566941199
3.389972330402926
38.99236902709057
67.82162889204807
80.09644230267077
1.6509124671618127
32.72047672700759
67.34464383267184
74.59855650490678
4.065477297601964
40.94770895362934
65.21762832790046
73.82628076956007
1.4804890740473557
34.750063878587206
65.30700996829776
77.47649047046774
1.251341563604761
32.870469555875985
67.3281220376973
78.08481688435853
1.0545890935266555
29.32305523108959
67.22019643803739
79.73239509495853
1.6206948190258295
36.28810660021215
71.47132974359181
82.83256634888588
1.3190433799021992
36.97737034106389
75.20543044686261
85.06124831595193
1.9682528054187733
43.29760915901807
77.79276224515748
85.25581937533832
2.2200302550739757
49.231464422148804
79.3544275752618
86.36933367968611
2.654796197337037
53.858539896175635
80.28239398542848
85.5329187694714
1.4300753093371277
38.63678082826104
76.2588122637641
85.25770479466088
.7594190819875073
34.293288125196305
77.22709297574109
82.87852968981268
1.2041890115648746
45.956538373832345
77.57889972641834
79.93568912499481
1.1287455277939678
42.626330028367484
74.62822737754928
81.22691678016061
.7239151029626408
33.34780927526001
74.60945503997998
84.01477024672289
1.302290861021173
43.453889692935434
77.64376349953122
81.18756109672597
1.154111096838969
47.01468023970807
77.91487970987144
81.7159528473803
.5749577789558437
40.3687411014708
77.94857771667307
82.10325404504898
2.7700831508524213
58.24972066069863
78.888130708946
79.83932054662873
1.1573864302906693
53.24553904986851
77.1010044953541
85.24664574753972
6.923099583006586
67.14421953310217
81.87065426741982
81.96929119717191
10.716728852720676
62.39663381887589
77.36811964653026
86.22288360193706
3.728910143462178
65.75780305122974
83.26309529916901
87.3298684817733
2.7747846664723705
64.90952601270867
83.91980634799145
86.47721563206481
1.5266013748414586
59.71389209646555
83.48437184641035
87.47124765156083
1.0731455532025052
56.025626785246196
83.88753159963298
87.4375182570125
1.3986592592062643
52.850861275010594
82.60299481698327
87.33561553431421
2.0084345067192384
56.93255741588294
83.06779025617813
87.73305912427803
1.3362339888823451
51.14606752349349
82.49948618432353
87.58624136017114
1.3604005518469373
51.964183114172904
82.90861216558338
87.26203617605852
1.3877269025749075
45.87516048246267
81.10264633975024
85.93464606286418
.8287133116148588
42.71899884303292
80.47658424450408
84.23750914881647
.7761330382039627
43.184914287033024
79.93281751508951
82.27874039382397
1.2415755466273775
47.203901719825986
78.12178160887112
84.56897844778595
1.1350592242567834
48.3350444809848
80.2650976139674
80.9408540386511
.8791381673889037
48.33822023666138
77.00640507724844
84.9086075241622
.8980933011508059
45.94059544128929
80.08977458563874
84.93992920571414
1.0995387069112226
49.59881283851292
80.54602676541082
84.25915362188847
2.4156013990643976
54.98810195413837
79.5601430749932
80.87096857919956
1.5013532217553656
52.659325062615
77.99470009409752
76.00740538733196
1.390518811899163
50.58939270116366
74.64304244240712
80.17472646634823
1.4930455401188825
53.69239108494488
78.04167651650693
79.41237964618298
1.2328296143030257
51.747484838608024
78.04081482488138
75.26226581376538
3.3641176363575056
56.27222921729023
74.6224324123205
74.84573116532313
3.6316984947317814
52.97488184939709
73.54408633058647
77.89877794002642
5.304707383532386
57.378831033688165
76.08996449311967
75.87956043993722
11.157248670553694
64.487587126129
75.78707994366083
79.62864946476914
8.696167144684233
60.653192647033244
77.66124750787012
83.03994760730853
10.338830894174038
63.99868314339624
80.62027688036825
80.68666519616059
10.55311885981348
61.291012243306064
77.4898536735564
77.24797783666574
13.750426764941581
58.25922880751505
73.34340915091437
74.20795641051127
18.105201189880642
57.2916789985886
70.32819308861447
77.2766938409859
18.633990237437715
60.39432834419273
73.83745436373871
78.15552188937036
19.83442873581407
61.968063220411814
74.86452628192308
79.15219110560199
19.565716900872822
63.43313449059379
76.58511595699808
74.0210211681815
19.530644032655637
58.38133279717035
71.22426054033299
76.5197941840326
29.54027616616843
64.5156512527847
74.49357579080193
79.12871196790071
28.912909684179386
62.70480735467416
74.7307332768064
76.12285666645347
25.080270598323782
60.23111272511976
72.65172646444606
82.18224823392305
29.55567792202178
66.5363721459818
78.23851218515662
76.84188365524192
31.72941339226052
67.6263928478278
76.28598970989476
76.8615403439346
29.557672710725583
68.10213895302677
76.6692318799215
68.53593762139715
33.9746263024456
63.76425183951507
68.9914768653707
67.7611150564411
28.869320054025238
60.04409486862506
67.28848100062453
64.31998011986626
26.77289411639156
58.99033381557182
64.8223645795276
68.96236413864139
25.93888449114953
59.33471553039348
67.65403953677396
65.19337944038766
22.160360642302876
57.224506199459164
65.14688670602172
65.7555373045362
19.390385083495875
55.68736909600749
65.30093220645206
65.20581355225407
15.216408668233964
52.49694173937478
64.62374393360024
63.81736751739816
20.26881855103545
53.92516549121391
63.70460226970549
60.370261953358934
19.636264722689045
51.2319711434669
60.71590779138903
66.47408518812053
26.633374829421705
60.949071256171685
68.39109124240245
67.76463527539823
36.79608220903368
67.60586532989343
70.66612096781029
64.68807712444557
38.27073922565604
67.69892672290072
67.5338594416098
64.01690896656835
36.94235200070891
68.44362964103169
66.96807043193637
68.46557766388042
38.48032517110651
70.45623515378894
71.2523513463729
70.59177001928126
35.23557834980981
69.8017307481629
72.39506608847793
76.21727264619243
35.01400580308556
70.7524363801166
76.81890290491552
70.14244702954798
32.146823225038375
67.01164883481019
71.96295402682038
66.65950513277998
24.611767059904317
63.921041348640976
69.78564361403835
70.96566893682665
16.53789803737107
60.005581423915174
73.13496020665954
64.92597488039479
22.652210069393877
62.075130548170385
68.40280051583282
68.38690185268757
22.346112274184364
61.36747194119827
70.10667541059746
64.3406495387787
17.673443201489114
55.47040136545351
66.36660705104245
66.01010061872289
23.77519268867533
61.048168114664854
69.83082315732175
72.90672470371791
29.442277005373963
66.01371075189714
75.31144475407173
73.45341338877365
25.912693571111994
63.354831897090094
74.97554372310772
73.44056890497875
26.82839491746588
67.8877605444688
75.71985604850252
74.1429181895717
27.485955637588923
66.90728291499768
78.46453391286087
71.22817627225072
31.806728977455332
67.13994973649706
74.08641009548468
67.24652548385623
34.319936585240974
65.20475485824828
68.99609871381726
66.76398653714963
33.32477354259881
65.72355492458861
68.57339504582873
63.46868909235881
33.03017470817671
64.08653535390837
65.41763647080836
61.9346386914633
27.614709074065807
61.30723434034094
63.79184566901137
62.0232618118326
26.73060222912519
61.476725205109936
63.24571346035545
59.85678736577418
24.345118331741414
59.26578172503637
61.107096138718695
60.71074483321112
23.10948400610507
59.47316874118531
62.503883256486915
64.52199347668349
23.897927090388375
57.84772304695856
64.41164556202045
65.6275710423989
17.997420124012443
55.55968269191279
64.36635852215436
71.35606337045469
16.18674600185891
58.3955350029161
69.62931848359759
71.71385171675455
18.164486028533297
59.99756579975831
70.29022528564337
76.15026234133056
20.378067438284415
60.19236952681944
72.97733567665126
78.04794335287147
22.85102245642974
61.56302943898989
75.09258871868253
77.29137258592296
16.871029890879694
58.087529629653254
73.17176851443863
77.95704211309206
14.542068893083577
55.75581050820547
73.14839410260292
77.64938011176923
14.004994517143114
53.973738989518345
73.06349805711142
76.36222771767643
17.109065945776774
56.72052824412389
73.71151789370539
80.09945919677308
14.50682136394207
56.122288518038005
74.15320077040148
76.35167708922569
10.485091577094279
46.01272006888862
70.78698537180838
73.6111906862663
9.484620057042855
45.32765530289637
70.09994175155737
79.7747019668843
10.86921290022839
50.147664494976105
74.45977991465952
80.0678713039645
11.966736680681231
51.031421560320936
74.40468011318546
76.06611432950191
14.398597857370481
49.79737232304009
70.31951393731349
75.51207778182759
12.39520570363143
43.519786724919705
65.96974788937396
78.08765142934928
12.29775107202448
49.319765135600605
71.56887453418942
81.19081978657536
9.559454396362165
47.255141838372346
73.51011696808202
75.83899712482183
9.154583752543598
44.51278283619343
69.14432273319595
72.28741236431189
12.1940941877507
48.22914541331597
68.20561045861422
75.42797932326086
13.393212870474756
51.507719191461
71.58789076546005
81.21983891884068
11.034179730641348
52.980278361853685
74.89452127592563
83.48388444607869
13.888035940230614
57.51626630366949
77.00656681576321
84.50915976580667
12.400813892856341
58.77558991761621
77.5425183617497
82.81251068902615
16.490644803929914
65.60474868418578
78.62361221873141
85.73097197472744
19.97871364668745
69.07224528095666
81.69562372148026
85.2308621039238
20.810776832949657
70.05416408192626
81.62537391453026
85.3529889214191
20.975199212023664
70.78307162810465
81.9410402470251
87.76629514622951
18.870491064760945
70.40174270820388
83.3842974203606
88.5391964848526
22.381283019164776
71.80500544861236
84.04250417439381
87.94609347903804
20.621743590361472
71.68494174289471
83.76283377882383
87.4797857677469
19.211577645773804
68.5442611335384
82.05869470314158
83.5118224425626
12.176645525674623
63.243033504488494
78.40912793451582
75.04115071211628
20.25802188516696
61.02735373120562
71.21103952118986
83.86921755559744
16.290281717628716
64.99904273908601
78.86190352258117
82.83638583908154
13.02639705796049
64.84550988931589
78.76202364737028
79.87847240621635
18.584552307152006
63.79819069319771
75.4076191652041
85.93076293412174
17.363510768996047
69.99710443347271
82.08785872500918
86.35845927112068
17.58961828545008
71.05168203026668
83.14208687245228
78.99504702877243
18.848415995830816
64.19431584520851
75.19073133073425
78.99155281180761
18.90409428850432
65.14051625743821
76.16510636793353
79.54458587990369
19.220243220290772
64.84284922754595
76.18942271912877
78.72760860045545
19.416208147337834
65.24225820236232
75.66308697307868
73.36150222918864
14.379877191737135
60.9225983429955
71.61891498670944
75.16035474040886
20.971799171755418
61.33015492665545
71.16193284591287
83.66661391980365
21.03403698079534
66.80160723040454
78.7726741700296
73.18782471916735
16.950476426120467
61.845604589989996
71.2346994269544
74.42823103619823
16.572009153462748
61.64224848724964
72.62983407438223
77.63942256350016
17.203485875689942
62.08424131112301
75.00586386746201
78.63492744301772
21.60349280493787
62.923843113842494
75.16305178222852
74.24005081298758
22.475005511022594
61.13914089031663
71.6227688187035
75.06738311899538
17.036627486388948
58.42076703877346
72.02391696043611
78.6883967153128
16.654970236516963
56.30205310321438
72.38666314519543
79.82640447818893
15.68064121522758
52.963393723382154
71.55732200754034
76.27080620833185
15.028636711254943
50.82490849755293
69.57033471641171
79.90958576328687
12.844872851211893
48.26035070397952
69.58448971383808
78.43365101608806
12.245472878883861
45.40732082188986
67.12261073532723
72.72246844484995
11.989480917371854
47.309677805602924
65.22004157088307
