0
60.17703324664511
1.668514544996273
.165299319649419
0
36.02255765459753
.8707368978419547
.11830467922119103
0
32.37638029119561
.6861770167772187
.10218134429031703
0
25.94223330791702
.5968002285361261
.0980666074182134
0
16.34582331323387
.4520091213173912
.08436214734586628
47984975843163736e-36
133.20992632664857
1.9641660418247853
.12596254678450214
9258102213918439e-35
125.81576594819592
2.448201791118144
.1291744665016163
7423234013429745e-35
103.56771690695234
1.1573939452057178
.09792335245987105
1116856954625235e-34
102.14197527005422
.6688410077547249
.07226638302722756
11677614525669507e-35
74.8582695564052
.5715504495922182
.07353894475643584
11018468578744563e-35
69.88060158781975
.5087786565319306
.06864342765899689
15581745009390503e-35
108.25340690585186
1.076648094220175
.1022944219452709
14713350449263783e-35
121.32726937913523
1.0668986792914186
.09704291336158255
12374731167075495e-35
49.82814869030768
.4843787149433356
.07463384899929841
11717479213642291e-35
53.599068766309
.48295428921063
.07126063870047745
9191342009582276e-35
22.607984434010802
.2890289132228609
.053254836231472806
7537037563610277e-35
18.083580082574244
.22111021638638687
.043062652672696836
8260052907952223e-35
30.20739342569537
.26788956994029567
.048139446097305055
11246902211883074e-35
62.21252180142145
.49126836196305107
.06924828157604723
11431144527338564e-35
48.475632387703385
.45052399342084176
.06904641098988669
12287110679702099e-35
62.66382942936803
.5342418021817359
.0754290279507951
1297752935726131e-34
49.183154600962894
.5258135726422544
.07863770441795075
13349898709229388e-35
59.76464459964457
.6164929517233813
.08262735927199687
13701132602357834e-35
58.39993039449258
.5931856692380635
.08414246576828528
12861674758384841e-35
28.96044211719884
.4256351260646264
.07539025743352869
15385542177893045e-35
50.83893663903634
.6602847704207201
.0946913417882154
10237279973595399e-35
20.871844398002455
.30799103794784194
.05724476350847349
10533351068410351e-35
25.09205143366194
.33348177077665575
.05944892614792269
10631136862180936e-35
35.627635481060075
.3894654259263897
.0618458510809394
10556173732801507e-35
37.56469192091443
.39997137958309503
.06193044538396984
11417472187745842e-35
43.34183664781377
.44971720283369204
.06726013277752178
10670813849699889e-35
44.69169251948
.3981260900046305
.06229922002975335
1094500710147396e-34
30.65454652045207
.3442364497970881
.060130518964019185
13226084304907577e-35
56.57426281737821
.5392740576685631
.07632879659247781
14794941506796024e-35
72.51498115482757
.7683608282557736
.08860098651015848
15519019265269966e-35
92.91808365309798
1.0692373454263375
.10206170180678116
166773412046561e-33
84.5486164213283
1.0897621319188389
.10870471394054977
168339417706553e-33
71.85364167360034
1.0003718166208904
.10790513766911865
23609358614123405e-35
117.15550582045809
2.682506591240283
.16581152016628226
22772560158589045e-35
77.13452937486801
1.6741522543561231
.14812577888323164
20483522145388508e-35
43.952283097184505
.9388603892756335
.1235784215636853
18062435201516414e-35
46.04256385804425
1.0191544500373968
.13060077718913768
1203090178838633e-34
55.078543141429385
1.3655752955630276
.15016755658819658
11003340411291845e-35
45.02139608279782
1.0884233955844127
.1343694814061672
9267407197550815e-35
42.32436164558734
.899703753000277
.1147969558029408
7561785413876005e-35
25.793046114644664
.6580846985676784
.1026287455571878
7100147485707484e-35
18.98112433201044
.5448339395163514
.09502331127251162
6790235583168648e-35
20.500190844698135
.5239769163578195
.09108572749611656
5817266133774019e-35
18.03891418903895
.42815555852357706
.07746198154944933
7318670349288991e-35
26.826474080930115
.6530298587395913
.10228954542710277
2975942624810011e-35
17.01690542309252
.48907420809490865
.08996171064898797
4344342989083539e-35
20.541853154629102
.5693804057190879
.0989083660661484
43577862865883365e-36
34.86699341044095
.9154126289343624
.13119189010766075
4733202753844065e-35
46.53879991124523
1.3709428804016277
.16546285940562136
7441563601015152e-35
38.29697026610341
1.2912812034676941
.1678886663105037
7728614501158151e-35
46.85860844189718
1.4961976327039368
.17734205487457366
7501479052913832e-35
44.83500403621061
1.69384034304251
.19605583074601965
3838742253416052e-26
60.591580805570835
2.378812614229263
.20328711925927503
7068076462411685e-35
55.20683806510189
2.2219244889914367
.1972396001525947
11753873063963946e-35
71.34935396265516
3.1752140011396444
.22047624129953092
9461440157712014e-35
55.625875985601304
1.808458441468086
.16649175543172115
9415850653677826e-35
50.053491347304146
1.7835325681564735
.1661677610099802
8598034113737039e-35
44.726539728903084
1.3926740559735862
.1480154513435973
11359919997205484e-35
54.04610382746781
1.7671020082503976
.16080716712733198
7960625115215287e-35
45.16238514316392
1.3192790223748676
.1439983823258158
9521090996179777e-35
56.806764600336706
2.29214765229878
.18967464153662764
6234994050169987e-35
53.06257902155189
2.6977212536883686
.22089451582000866
52837620330319294e-36
60.41546269392174
3.158748169106847
.22832256113974667
6813980319844073e-35
56.58712699696778
2.7898829563435332
.20757297356334745
4490756274403441e-35
56.14039715754109
2.1251981330562733
.16387935433940115
25705093339849855e-36
62.93832715505027
2.5214808618574724
.18359810041574182
25788092557877724e-36
61.62721871016764
2.8525157065928837
.19263074375308611
40171284440821884e-32
67.54928737817475
3.8116012927550034
.21134463823282942
8978443519345372e-25
64.7078831947484
3.317461063124917
.18778534396106938
10137941238670665e-35
67.20995098218147
3.4330057798057396
.18545129278891012
11847436338809986e-35
76.39679481943536
4.742731637603452
.22166248686872247
18195377660228914e-35
81.04975153168864
5.1450667211302115
.23871599492781187
27336931951505324e-35
70.23051802216368
4.006098589665084
.2506525571669145
807445238627775e-34
68.88572568817649
4.47625947601622
.2581170738695234
1226333967726018e-34
88.36297204460439
6.9897234030209585
.3133473138648018
10889539555463182e-35
83.81957908230943
5.615258378580079
.26730806328720114
1280032168636688e-34
89.03383490855992
7.63973800002264
.3261151073232198
1468349014465346e-34
95.7653054071445
9.51747689071028
.40498820848015604
23835623629778276e-35
78.28045446718588
7.413860739656922
.3638169900143993
1489838369120258e-34
50.56595880647556
3.9093609112796845
.276281618364605
35121050661102145e-35
43.137508205004835
3.246003280576027
.25483322776238115
3231617743732236e-34
39.17995463901241
2.670203380413491
.23412155163161458
26463933696496645e-35
32.82447056737374
1.8559202286783303
.18522753460311056
24741104299612346e-35
23.91147468603822
1.3902316964915962
.16863469807581175
250734715231677e-33
26.806210463443186
1.493068611779442
.1716414696483863
25093230426876726e-35
35.37783861369619
1.850712605003699
.17907085141724152
2257393271221586e-34
32.94082126125774
1.434913749815901
.15766034887698585
20482908673132728e-35
29.54722670185966
1.1201283060514406
.13831754461422283
2794621976348587e-34
42.65911422608405
2.2037982807996657
.19970498518653354
35190930666560965e-35
59.84935011853257
4.324073593859185
.2808687043334558
35590349207974064e-35
59.8911195428479
4.398153972952259
.2865750769450321
42780380384222207e-35
56.378985927483754
4.586289850592355
.339359391095399
5246593391877313e-34
73.92416486828088
7.329107292778257
.4478485813223896
4949628300478982e-34
68.84026561127472
6.275614061579413
.4064846399442951
4519033279577378e-34
57.10393512693138
5.334491925441836
.3636019511895782
4077182264186929e-34
75.60040628652011
6.9706479757206985
.34700782960140664
35108790047709296e-35
59.90017875731853
4.807391472073037
.2791755607309682
3519364811547672e-34
57.60935176212024
4.62531064665764
.2794159498796678
38395645887587765e-35
67.60405344639754
5.872809827920784
.31843123528631473
38296824857775514e-35
78.20592153918246
6.77632290704441
.32868038455679144
3440382694380224e-34
67.40167832297178
5.753734172179579
.28963487418867223
35357504420933463e-35
61.13087854728056
5.05748096339998
.28818469765532545
319350072552974e-33
66.16795896246187
4.90987595764137
.25755084673153256
3270745964210524e-34
68.41417223852471
5.303635642277816
.26899146250653616
3298558671448194e-34
59.981142928871535
4.4207256076746795
.2613774647944798
27102561572459153e-35
48.58604467170518
2.5992121780961988
.19743378440457926
32228689231977394e-35
54.67547021397464
3.4017922342543017
.24380698532864667
2811814264770208e-34
48.05350024077366
2.455759793761813
.20295043871831525
2317209998610371e-34
39.35069067969843
1.863638518871294
.16580340813289215
2333790900556998e-34
38.54861221765184
1.7935664113954297
.16505845995837737
26007659159770957e-35
47.39716599287157
2.289307250105405
.18585263242065378
2293961235461969e-34
36.194452918779874
1.5005568124678021
.15600207386582807
2018741003629317e-34
32.048756329642345
1.1321347411297045
.13364828804685197
1974544026146399e-34
35.34386293495574
1.2848133405347937
.1342719872481469
1947711312106088e-34
31.155129630322396
1.270783101633553
.13355691705173645
18032959875197492e-35
18.611388823891257
.7737167290189105
.11360143660356341
1681691855263313e-34
16.831447933179152
.6601708243100063
.10386391046775545
2163740392838224e-34
22.772024101607766
1.0301991850445598
.13894269317613922
21871415781238935e-35
32.68600513771433
1.371287295439347
.14741743034604984
21165814623514925e-35
32.44821911467048
1.3230951117615117
.14306726698248878
2435738229242672e-34
30.29996312820052
1.5419458014333192
.16602376547675898
22242520289842736e-35
32.80056120149121
1.4395112145846412
.1511766880406928
23395065249584146e-35
30.00614268995157
1.3696749412658307
.15632396818852382
23882928412380553e-35
34.00526453070059
1.7828439462436405
.16732022483534467
20266014618826093e-35
30.659428080716452
1.4349242122002999
.14007850206467146
24535028590047444e-35
36.472757555803
2.1390498988137234
.17704308711145325
2198369473410799e-34
26.586938294896083
1.2409876831312157
.14641077307156236
1721071761358344e-34
20.991264546850427
.8327538175962511
.11082256756466367
17333776194306306e-35
25.853261119946033
1.0128959181346873
.11601059873817463
14774253949623232e-35
24.471985923203203
.7928442646604591
.0973455294163683
16317610390823003e-35
30.63410535411563
1.191670181898265
.11618674244168957
12445800971845595e-35
20.677217491491728
.6100619524491651
.08111570367050447
1509799538194839e-34
22.310577708822336
.76845303944076
.09900628159091511
19630767623556533e-35
30.49198364782229
1.3471361464116134
.13642057956416834
22124165101895597e-35
35.4888066189984
1.7532425574697716
.15722970434104724
22149924129913824e-35
39.64032187895782
1.9237697524343933
.158135097799379
2657634222507152e-34
43.34061414210173
2.4297313659360196
.19282567878102455
22032112649940203e-35
34.87062795939627
1.7248387004731027
.15563851350867122
17140389852732867e-35
23.912587523343046
.9331929413246407
.11262766374699555
18638223562905107e-35
29.483993790805272
1.2902208972411242
.12875087385632986
1646328055080592e-34
25.91204179552201
1.030692137756482
.11235610861102324
19887180531607518e-35
44.138217328978534
2.3152064881832604
.1523144960698092
17164322176718966e-35
31.0457029381377
1.216882450675801
.12063426003424578
15426606525679485e-35
35.63792408232703
1.248574569333333
.11035707930588452
14552126395508121e-35
33.59509080808331
1.0057356560777697
.10090765067356211
13495036255023062e-35
33.80106483907569
.9140052373192872
.09398625824518282
14113338290290937e-35
30.05881088695768
.8505551878813541
.09588114986139303
11748933244315255e-35
25.617378446752713
.5887290485634932
.07690373360630348
9905878837083613e-35
14.684417682457635
.3726903922541013
.06184146784241014
10043245500203608e-35
21.59961441894325
.44387555078761726
.06467190477745026
13347706348609008e-35
39.645194353728776
.9519353693506653
.0947545755371571
14143746967733043e-35
37.82448796791407
.9792771596759764
.09892284275594941
1432705818032208e-34
42.72375896919505
1.0397022704746148
.09977502320975497
1556862979150908e-34
66.74952608808235
2.033410070737841
.11808691598288194
16050491614361016e-35
74.0587829473371
2.787101065801971
.12646748574267955
1909755957050822e-34
86.12985811460908
5.231546348969283
.16180753345066556
18001661855500898e-35
84.00830559435745
4.550567670436467
.1522926438753575
18044597925842694e-35
78.2891923852898
4.318386645789679
.1543403110304972
17801273699817709e-35
71.98430691913921
4.819973536887276
.15751565891635666
21424185811230897e-35
89.37260377227621
9.272944931411976
.21649439555811154
189134716828425e-33
78.99027709387815
7.783733362040367
.1899408793703689
1880624034059723e-34
77.48784891080554
6.107841634719439
.1735987354187461
19745407511316374e-35
76.59960919541491
5.896941588103643
.17600554791181577
20891021690720335e-35
87.44531921560717
8.05574706352742
.1951000873933159
19089522587482417e-35
85.43591326140448
7.338286817913583
.17750250404398216
16638750982560902e-35
79.1319278379187
5.368908400462287
.14494664442857164
19285987369537714e-35
79.38049724755398
6.637160906071704
.1747612965399354
19367140127385236e-35
78.22361853586605
6.563476712528388
.17907454244652254
19123166294761739e-35
59.16665858649281
3.5986225913357845
.15823207184637433
1919624886445274e-34
50.72785392957561
2.722381415564194
.1535815592569118
20486369942484385e-35
48.74490972011321
2.6462773594696722
.15867465657172397
2257363456743946e-34
63.804245505190266
3.42132165122874
.17960941234809988
22480990386557526e-35
71.89092764241553
4.0289796159538325
.1866741058486844
19370963750372865e-35
59.6768796528531
3.09567529450391
.16022122356339766
23714017926648015e-35
74.73700996853833
5.0134980029351075
.205698124468908
215417373061727e-33
66.17153286540639
4.093281413245306
.18022814059707837
21980830214733106e-35
79.59022994722255
4.758360107109878
.18404635975461903
17928308813798339e-35
65.27535843411914
2.8910771321006656
.141414659204216
15373350152421362e-35
63.34870140131616
2.037276617927225
.11644896046618186
18401156615884825e-35
65.50138599516538
3.167569902528973
.14791989353382431
20461446915910738e-35
69.13490262528062
3.6545725778861216
.16292552171181918
16355222589093725e-35
50.4674312817549
1.8480984601778039
.12312773449163344
19140656725511345e-35
72.72415166372134
3.4103102903882303
.1529105398115717
2403342361320159e-34
77.0150940406196
5.921626990863493
.20768728114691343
22950413494105465e-35
93.72824467994263
7.860830476315313
.21130359853489658
21644533952253502e-35
95.90527774037815
7.14827528355718
.19495012381893717
2107436796781176e-34
77.92016941011093
4.67960766084532
.1745590282201739
20982395441711414e-35
72.37678980450704
3.4683191753705174
.16547185907627726
2284240310793665e-34
76.29777893103086
3.9716632102925793
.1838598791981916
2314376177052972e-34
78.67968861444979
4.60914385148503
.189065044026877
2594331387719156e-34
92.21406784771129
6.413760827025946
.22402800935726122
2699336519998655e-34
95.92696540571198
6.184412333400619
.2301359050312548
27662431004748817e-35
80.63906213042249
5.614484184963118
.22928788978852285
2769622126963139e-34
103.3311698026012
7.022611431650415
.2371122561106914
2438925569690202e-34
85.63388471515458
4.7464854431162715
.19502165711888905
21645534542331754e-35
68.72535651764856
2.6013409461566246
.15913008161902986
23169029191563567e-35
84.12844704940913
3.287796336590925
.17454397147758408
18600334006250638e-35
47.284132646119346
1.1498303406693824
.12363140155307596
19342868504827416e-35
43.01743314293465
1.140874446992093
.1282403042838823
2010542978670183e-34
51.48929123178865
1.3936915788208564
.13672150280520257
22124337936132275e-35
63.133937975965566
2.156270734423415
.15920961586258858
17122022303782139e-35
42.88726920381864
1.0618244383223896
.11504282751384341
1592448373295951e-34
34.70230194059809
.8535834697350515
.10502404093835258
18613389628479442e-35
40.299661729081095
1.177264125441453
.1269610773178731
16323561989262117e-35
36.51239312307075
.9703590793476202
.11005039624050819
19600985543523442e-35
50.46822168365001
1.6867244312286505
.14030536870896407
15012309734803601e-35
28.477624300930657
.7720225814281111
.09937444038057605
16689928234635752e-35
29.759967374503372
.9360242332060057
.11338929450901872
1373079201788561e-34
22.670980650246783
.612710156669228
.0883959677173866
1336855202687634e-34
21.84716503522404
.5599844338381441
.08571153741304707
13082433377854855e-35
21.671521676168975
.49710079021740644
.07890419039416095
12940141767574577e-35
38.09457075873071
.597867992083084
.08002573114194136
11160282038330237e-35
27.210662382600916
.43233675011984
.06701556917892039
1275527585955888e-34
44.669839151694546
.6570407492864568
.08008228823978766
14070009184561503e-35
44.384226153327894
.6914114884127108
.08756381660248089
1345775483503116e-34
30.000729474789622
.5255344642163177
.0805194935719558
10363870425174524e-35
17.59050831124477
.3451746848160551
.06026713078694225
11488928280312636e-35
13.952591330387422
.3326791664265396
.06138168030133168
10884350431867983e-35
15.695256129214973
.3290742642047859
.06006062699605357
10149430819312176e-35
11.124920022585602
.28244799163463385
.05500861701266184
1143855969517722e-34
24.673550220226975
.4275485182268352
.06752570501468154
23411751523500065e-35
36.19326683754081
.6422629480422125
.08761321362527427
2477725941601883e-34
43.731657114162445
.8111738056310273
.09606883940710342
483606472995236e-33
27.91978617792552
.4925720262971155
.07306715518939248
5714761347835506e-34
36.10578615870789
.6466000087257093
.08376314070590811
500047061599719e-33
31.811513622363137
.531829600442193
.07409153748230031
5076332221208625e-34
27.021204010718144
.5146209888430433
.07478838266967648
5222857993227664e-34
25.662250169365667
.5040995316807877
.07614337897945996
4790245031478518e-34
22.948248392378993
.4312900622339304
.06889313702009373
4798038066078672e-34
22.394887621411563
.4288603336787566
.068998824098113
4370985146153017e-34
15.931847105913022
.34084996001089113
.06109209889492181
40301100249790694e-35
13.357864869747933
.2949571257545693
.055519263170057016
4630539790945624e-34
12.047769192550245
.33526206407325476
.06372439925039686
4898005188175237e-34
10.831541612291003
.3390258402338421
.06681296214079005
490353873166367e-33
10.040130673931717
.3285036965969575
.06614531261308468
544055684978344e-33
14.185733274800453
.4056436108195424
.07512381527974821
6008387676313162e-34
21.232981498934066
.5140409514745071
.08624102198789667
53253508309840285e-35
14.321640266861301
.4061754558482262
.07476133760517763
5117287626798623e-34
14.38060420281821
.39118348621301163
.07179484014759872
3088393718201453e-34
14.38129874498141
.3971047129107023
.07308887709649012
26758605442632077e-35
11.131828690733995
.3187853103514069
.0622844155850055
2986093426562135e-34
14.531334039600088
.3789842785605326
.0703639851447636
38348260582875415e-35
25.06921790857529
.5893684841611035
.09384487218860346
3040477578985729e-34
17.956950143603034
.40130135483294227
.07210681327588858
3726926535775694e-34
19.37167529135724
.521797096922151
.08959034470219278
35294046654984816e-35
22.93720325483175
.5198525374014539
.08625199034968478
32674058111685216e-35
21.216273428032434
.5249999293736294
.0893669839017731
32337341444720556e-35
24.376644298105138
.5347895195534004
.08907209656898567
3252409089583561e-34
18.72188275327699
.5096677555964255
.08883487143256524
3421314045688847e-34
18.81018165868052
.5413952141935416
.09372889205732605
3785151155304737e-34
24.640240266288526
.7074292315982855
.10719944717557615
427191973534486e-33
31.780256631940155
.9261146114923714
.12399578034194314
4992858285811309e-34
37.657995268728634
1.1848277501756934
.1447135007595029
5434872702927051e-34
44.81536152523538
1.4690050417775828
.16251094452712667
5085831105356105e-34
44.852510406974666
1.4778795664801814
.15375521903907752
5362760372353431e-34
51.613061704812864
1.8236682422630086
.17015468020366697
4769670277491737e-34
35.60804707191
1.0857933542216498
.14234157498506786
39218122050162567e-35
32.28935975904
.8955377591783144
.11802217608200671
29573220750102646e-35
20.040242534241862
.512644448219725
.08450680588485038
33847987166361673e-35
26.39185227995894
.6655414964275115
.09929471469291139
26425723255651684e-35
19.81047230450954
.45647296095101486
.07550357506166877
2586795721105228e-34
23.22316644689876
.4350477342952879
.06956082178293206
21040054634869491e-35
17.569662411352304
.3050935897438046
.054757780429601
1031686068826751e-34
16.079449336487887
.31009148589874047
.05631265188613274
1149085737342811e-34
16.918892651665658
.36023231129398914
.06418716464452683
26681810769411907e-35
13.761298007245484
.3133956593152473
.05777842995130384
21932664527818246e-35
5.606378106684646
.2077993918327381
.045202611392629315
2599643479850563e-34
9.088719326387526
.27222897686516995
.054875427993898725
22042939968424683e-35
4.92207313244781
.20907637989678962
.045658715699056523
2450819492150016e-34
4.746282907161853
.2313614957025637
.050759462032261324
3124885298914337e-34
10.870028933692728
.35971041387350994
.06821985229563253
29343668966226997e-35
11.48563094751538
.34884349967684525
.06518998057389218
2819744705423514e-34
9.24877506899878
.31610751081399824
.06157427846689296
2714007582251365e-34
10.124692792281301
.30129421800532097
.058167795797056665
3536705222974703e-34
15.918647819271092
.4842417777600115
.07963709433451886
34065687137979945e-35
18.644676857624077
.5096304516534642
.07820782771362582
3153444486837256e-34
19.37376233451997
.4978257869652532
.0733916791313404
29951862982605523e-35
16.92457208601111
.42608358652300565
.06830418085069304
39340197135105844e-35
36.32412233450672
1.0157519757134523
.10091948709191009
28183921782717856e-35
35.83436113452201
.8922251454135455
.0875738949917135
2870845562951014e-34
43.31157553195107
1.1423493811962973
.09233597305139184
35202938211713014e-35
52.65941543948339
1.7463499403859297
.11729915742080455
3453129388523047e-34
51.499735799474905
1.8399456381531336
.11202975927376138
3299585928831345e-34
50.09752142522852
1.4725967007726026
.10106919384789688
283725142745432e-33
41.86068917047005
.9042615518009147
.08405855390147127
2836524513282269e-34
45.59121070279337
.896899610200152
.0827644453246166
2737000630552523e-34
41.149994702970254
.9574278451794445
.08343529684264528
29190420485630857e-35
37.779188093507564
.9158948367098482
.08622794309977383
32163186947466634e-35
56.24149648014777
1.960035534106186
.10696159540315113
3264260714853051e-34
54.83464962844217
2.265578477865172
.1130071613299143
3475924560448275e-34
73.63251863089218
3.886700737756071
.12912882694543046
31524935153971765e-35
70.2134689118924
2.5008129613092525
.11060205654518084
28429040581787165e-35
62.57303363816182
2.459171590756551
.10439754067449185
2661612013756975e-34
47.33713548112254
1.2433641921856877
.08456703142337518
2844866896104201e-34
62.50814593785836
1.7878656425312864
.09335289274499296
21955292330966644e-35
49.513812100558816
.9462527396390904
.06804513504756253
2432385412767411e-34
47.41155845659357
.9020499257411287
.07330616013526295
21389535214279248e-35
31.339031501373057
.5189423514288818
.058221691058023516
2258512017486508e-34
43.762862101772924
.7168889088298386
.06468468743595149
26562109399205493e-35
47.84489758847048
1.0510571438179679
.0802769634951443
2725181687704354e-34
50.94998975855654
1.16128528694749
.08101463392997256
36040813802032166e-35
65.02199124419872
1.9092137378670366
.09870062438946178
55281337216415875e-35
88.70791315336966
5.763087862548048
.15795529580789744
535763960885918e-33
87.7914123436633
5.870867762992463
.15711829720561488
541605971890695e-33
95.17243092562627
7.475862241208359
.16707825704383975
4512457925033181e-34
100.47128355915595
7.222321346229166
.13749134743066682
4566558388002689e-34
105.05893224655142
8.117958299711201
.13902387590132895
4591066192981663e-34
114.4522729910041
6.8956756856452905
.13117195515857055
5127620745427379e-34
109.46971276512916
5.672040304454078
.14044222841423518
5927386455448798e-34
116.61140017679801
8.260486080348649
.17156793814870397
4578952085862721e-34
102.89558582141095
5.46903209200948
.14641223035317436
4783956875642844e-34
107.54055899895486
7.013197564782793
.1568845100710903
35142737775293903e-35
103.13983477043514
3.9913382236908053
.1133405127609717
4344956101466049e-34
104.87345595421188
4.5912681784756515
.13855349535620434
2996700969500803e-34
82.67440951199792
1.8714810570592075
.09273031956339546
29798760062001423e-35
87.36546995508257
1.6791150351250512
.0914339686218752
2621693363903983e-34
60.52549405589832
.9158096006796594
.07876569135475371
2319309641476982e-34
45.723886504846625
.5973123503533048
.06653038282523209
2533490654068879e-34
64.54001192143349
.9779469957130571
.07678995817241027
3225066439582901e-34
76.94234598850971
1.9390192132253687
.10462346649895753
3906161577554454e-34
85.23100586575028
2.9820596861333835
.1302019052406908
41877205746209183e-35
87.54960555500777
2.969133870722906
.13801149934911253
4344992379220459e-34
92.2716964850665
3.43626071055803
.1455955599059395
3691544536962741e-34
84.99118813202766
2.5076451485731805
.1240240231642005
4337057255198423e-34
90.56030044570603
4.523103401305493
.15890771118852567
37374997580831653e-35
89.73807380066101
2.281663652567592
.1250953760288044
35282496740153844e-35
90.02702507175972
2.282211821632943
.1206927223719817
3284719745251361e-34
76.48284759032187
1.6594768751364752
.10975284555408976
3204922200689071e-34
64.88017502426776
1.1810014215182534
.10130224630830686
30998992308972453e-35
50.92284864403117
.9130527731945568
.09664221214357102
34901969748933187e-35
43.98698643699947
.8608920884209426
.10498339774429317
4438148972113601e-34
57.13556363332405
1.3822613129864185
.13822978330242608
38237768005861956e-35
39.39952814302547
.8616332112788753
.11144459686289174
3625067607662711e-34
46.12460597500847
.963832127724208
.1090376090085744
3931391412614964e-34
63.979212713687005
1.6168310109371473
.13227211291690685
49082730892401395e-35
87.22962238246181
2.8820284961055425
.17491237159901304
3748838501145818e-34
69.91795577353822
1.8026003018562293
.1294952280701193
4559592211654214e-34
56.724209560521345
1.5526201066714107
.14399210441267316
4081763221407709e-34
40.66706618305646
.9567250710577648
.11930786727624092
35846239122848047e-35
24.905147569727557
.6150009875965438
.09728345836717824
35650908060877537e-35
28.92085894005972
.6378932489106374
.09654041924307027
4152618726322821e-34
34.70518121176996
.8299924767707797
.11528965499757839
4491922011029272e-34
47.54346659772107
1.125575574908342
.13232729568135262
3895962925389449e-34
24.95750485800259
.6784226505022206
.10606784954077805
3163913391547447e-34
11.97241270248316
.4228726093733034
.08108835494001
3164140966737297e-34
12.084146135649643
.4188091535880234
.08092497135362837
3662780505545229e-34
16.664403606989225
.526147183691398
.09512569910701978
412765867152966e-33
14.884862221748778
.5814099208264306
.10751410315943527
3251831387927251e-34
13.569273229910545
.43701571061746747
.08288538535973856
2536278189902106e-34
14.394174966371404
.3472483800222179
.0651412979870377
23331382449984586e-35
16.337636178940926
.3431467511697804
.06254325907463812
2534199467315737e-34
13.835662079814378
.3603345849714378
.06761588703856355
27017810802371294e-35
16.849076453625784
.39870569803651207
.07249179380388686
34447479771399453e-35
28.555177216679027
.6914350983197644
.10191007084575553
30628825881626467e-35
20.182507279986776
.5340436742032517
.08879392588390579
2805011953093944e-34
14.570126026855005
.4255709529117534
.0789674422033922
21645837223643826e-35
6.528648816367575
.2834132636590052
.05949538929785676
2352658376131692e-34
6.811416936870175
.313756971423997
.0653689355285136
21434505813092526e-35
4.5606523893021995
.2600658482416187
.05754543313268161
19832515312451206e-35
4.642911106989762
.24128905800792735
.053189010080816855
22012924002995546e-35
4.4495876032302455
.2526067926126725
.05648805658685981
21246497730347737e-35
3.3728751503532934
.23027064790149018
.053039018032599645
19362357744850511e-35
2.967121110720833
.20542092141479623
.047864456957821835
2080134790329485e-34
2.7069430830486536
.21640789765323815
.05093035713560399
20248681211245705e-35
2.9824247740518746
.2127888883105185
.04960465637329552
20695088344975502e-35
3.511323461899902
.22345838093788653
.05098186369413256
22624527431965515e-35
5.516119966869027
.2619744900121742
.05666008425008802
22676128270335763e-35
9.825406599701887
.3333621358783644
.06582312863671144
18116614059801232e-35
7.101576571310838
.25956435061282396
.05301486387020533
17073701133605914e-35
3.6959995400836063
.21964360210518327
.048069000025932576
2014066688968865e-34
5.536147300180971
.26586971489451294
.05501528592152052
19023777593787545e-35
3.8207692457158666
.23690558458525993
.051162004224466755
19295213168887317e-35
3.9367531576906227
.24342139589790437
.05285646926908529
2033862810513742e-34
4.106854749592418
.25807029822810057
.0555356405362288
2545301161271238e-34
8.930216660728997
.36453918393327106
.07132269299025203
21223125552666978e-35
7.812982499019317
.2785805070766064
.0557465331984332
25188036126951328e-35
12.399861090617799
.3733451180513933
.06774061513624101
30468492437587764e-35
26.281831104593834
.577680120485143
.08559758958896192
23230648410116015e-35
14.099634946676998
.3514549875569638
.06242434099699008
2290516537067838e-34
12.830776596808601
.32457133170627794
.06066903551617456
21613471606114394e-35
11.176189235068705
.2974262704379721
.055976605900387354
23830538958132624e-35
16.200131738418605
.35234893571251585
.06331002905875309
2411990635688909e-34
26.848186505343552
.39516694492192767
.0658125558315032
1883278502458366e-34
25.268536492431434
.3282860463888859
.056496314277713566
20277512934421728e-35
24.187069314809914
.331711813890461
.05599337600729529
24307045687122445e-35
20.962944497946904
.38914493449391735
.06624403861131041
21547458887233398e-35
12.601212505934607
.2899756622198833
.05539617681071247
2467671736711033e-34
16.828430728559642
.35480488304819874
.06621886246673732
20251719605653655e-35
5.687216367326627
.23467646392958336
.051993388007932975
2297439766028331e-34
8.023024598897068
.27538480397665677
.05885444003367735
18433827109669404e-35
5.160597985741196
.21373993493957946
.047351138367670534
182396779391637e-33
4.093054460894169
.20467855035725016
.04616923434722513
19580594697729996e-35
6.196836628216801
.23178183648826167
.050678823024536135
2158752449304665e-34
5.9920698614663985
.2640677709899829
.05814396912040816
28778879330672677e-35
8.001489881759795
.2916458742886439
.0612839619865555
29670463420808926e-35
15.242914964625589
.35114992240027243
.06583859788181318
39052768543223073e-35
22.845188755668396
.541649791427564
.08983092880090461
4611403219934731e-34
31.042911276087914
.7789786362641309
.11539896323713665
594672062977822e-33
41.58080085139667
1.197636809689157
.15045751875446836
860516536042169e-33
58.80946712693851
1.5828293852499995
.16939604916030546
8232059894664627e-34
37.247441971136816
.9756210373793531
.1356696367589757
10787320472406923e-34
53.96987180697948
1.7599312555668998
.18912306475928614
14314670054705377e-34
101.33586845477684
5.130312363986835
.2864174295648784
14305005579587298e-34
97.90163002793176
5.541056202870726
.292665246170557
14533413543420282e-34
98.42836654600971
4.65986040040947
.29786899529690547
11511841517973478e-34
58.80212528650798
2.098502051565435
.21460885931989218
13737373620644167e-34
77.49251836016694
3.5582757553849853
.27342437184815127
1415772315913562e-33
80.01131859376292
4.282434618592033
.29359868799564487
1484890509642644e-33
77.73159377647374
4.485119850500984
.31372639749956854
16929615583032954e-34
102.77223581755784
7.349171683346149
.4108452715276884
14777479945687758e-34
96.92196315413263
5.697980760036694
.342824480059593
1514425754315503e-33
94.73752072527762
5.393496866729298
.34644921668974643
1482031716648634e-33
75.33552134469471
3.996382870378284
.32408139974326705
15829072043574542e-34
73.41734697550403
4.0097265576149015
.3461351406565696
15347351344292767e-34
69.99045515983227
3.533992893885237
.3245018610092976
14744598536222917e-34
63.692979960740864
3.2490119306389915
.303025576668542
12397239615258957e-34
38.790305689253586
1.9653663354769897
.24015622916590237
11701293468341481e-34
40.951712121437915
1.9084657877207971
.2288869701083663
10487295511536776e-34
35.426558559395836
1.4905250818416866
.2048559541363695
8776519208328492e-34
28.24847778957585
1.1011965161242359
.16889941630228097
7858174094222373e-34
23.469239929805756
.8899915615616397
.14687300654978777
9082343382590563e-34
41.94508163118897
1.3632252847605595
.17867594957637364
7254954148398309e-34
14.926988756685432
.6874494078788147
.12865066963392804
70225383856143395e-35
17.31147721378931
.7171373639403763
.12817244680296602
7333406743595034e-34
23.846795938888228
.8574065262326069
.13774665708123443
7854438337049897e-34
24.841567454094992
.803311211110015
.13062669209424027
7830327055612806e-34
22.65028729768217
.8205804761005641
.13205023527977652
9077872770805308e-34
42.91660523714006
1.1737257673950323
.15437725258617455
87301452295138e-32
33.87313324149557
1.0397181196159109
.14682342801118156
8933347535443273e-34
34.21751671898001
1.1398927518406314
.16483135683152497
10097837517187042e-34
49.823969158013796
1.8104076535756943
.21670144437502276
11073723169163304e-34
62.33840230765309
2.299234588574925
.24312396025408156
900214332472304e-33
40.94940809743356
1.4291095183447067
.18581514934458787
9022147875621619e-34
41.19578807814161
1.4643536199492884
.18653496130204442
9517295926342932e-34
60.142674611561105
1.9517397480432153
.2040839268448586
1059883933524962e-33
87.14535594529268
3.0706799601885346
.2410125477932685
859312728866986e-33
47.94849256082418
1.5571689760462353
.1781841511855299
8387437963390465e-34
54.73963552203676
1.4590032366952723
.16817545415308824
6829795184130298e-34
43.00649157288957
1.1115279643967673
.13470925534522554
6181258956244444e-34
51.46799710832761
1.1231401260003573
.12330014435051699
58597871883971005e-35
49.74270604117914
1.2194384075299942
.13270328397815467
5673334735178283e-34
40.66766538637608
1.0631804961228764
.12674655927997705
4757907856695521e-34
31.04349182604599
.7283280873385037
.10312931342661967
6153337417787134e-34
48.82942097106525
1.332239599116317
.14300614724182953
604480540398254e-33
42.15806649787465
1.2032978630390971
.13934376702391207
6379040758397457e-34
45.41274961711229
1.4015278864363983
.1511453438492922
6141588506490839e-34
43.90043587241166
1.268665329244358
.13929001244316916
7118521885847872e-34
74.3761592515337
2.7441003841840654
.18288565283118302
5759190347716342e-34
59.333801960591764
1.556095973975242
.13599141912171178
6617390528576054e-34
74.64141457050003
2.5672767512058448
.16381311369597285
6488612933414021e-34
70.7047770311455
2.5130781114765752
.16635444005329994
507941568326557e-33
46.967128677430075
1.0913614503197697
.11982796339846571
5330507699464735e-34
48.22626492339136
1.0513100960576776
.11323289168000168
587786125994509e-33
52.51008904218097
1.2400265989650459
.12589961288505205
5991091955555071e-34
50.080283667145004
1.2257142831230905
.1267802918373578
5549015203571507e-34
38.663205589515634
.9672058919816939
.11665551094054673
4772465372378978e-34
29.712781843275206
.7168812243964069
.09828040779265519
449931834090428e-33
32.288980311539
.7474014532013842
.09975180382590206
47207943230355395e-35
37.29979721434256
.8245729124345731
.10612336417357263
4961339574085856e-34
35.78845616725967
.8769120642193493
.11406435135984283
8046590037649892e-34
36.31827359115927
1.024634796793527
.1351167334031949
6972984521496515e-34
37.117795396289516
.8821789242040559
.1176734274956834
7678119382611167e-34
46.22941233667136
1.1986586715463818
.13183176240738254
6508662507872243e-34
31.493502275603685
.8093521153012283
.10776151207055526
6930825342597796e-34
31.060834300827437
.8856701434093721
.11576472477878146
6374727644298101e-34
24.146753837852405
.7210448892337724
.10366475181621278
7980749327287352e-34
34.70948995001437
1.1858324896186438
.13765032658607007
69649082331381e-32
30.061698277638296
.958597794161895
.1245350742786121
6070087697631545e-34
28.408257246876406
.7960505284008936
.10787921958739635
61022782889376975e-35
30.23296354013344
.7990480592278838
.10500703499825985
5882215463870467e-34
25.29056899671006
.721205669061362
.10108963040344403
6245899594246848e-34
28.503533385819793
.8071951414332059
.10723199230092537
5109110676190071e-34
18.230048857584976
.541616971912704
.08674034439829015
6366059695086541e-34
19.9467880313838
.6364389574997645
.09438236991807085
5882809105461343e-34
13.214635136289257
.48848493977734503
.08283625477944845
5288241735476577e-34
7.85970835209302
.37493755209919877
.07195026555741134
5396349768388079e-34
8.384841778621434
.39628187494625705
.07405780608820363
5291828103038846e-34
7.790749164913456
.38048181583718627
.07202102843009382
5678036613382966e-34
9.152988365334325
.41472410837586937
.07829080093462419
701040233384194e-33
15.867438264007921
.6289023528106811
.10235940694563636
6977800697825224e-34
17.335003070580317
.6488557421026491
.10270776244616513
6389221003216381e-34
20.49468437338308
.6664909251435671
.0971426361622613
7031647304403868e-34
19.237863196435498
.6880425242766643
.10559086951608136
6080247640862309e-34
12.795259561324048
.5208242778265567
.08946884178703673
4851591798887216e-34
9.446857254889379
.37740806746539096
.06960786974599986
6026571459267826e-34
12.721634852633164
.5036263703099342
.08769224422128173
4784723754658618e-34
7.175361722703804
.3352306855303834
.06691048175456558
500578368008527e-33
6.638444553124954
.34488208162289463
.06971559494300002
5024751315585997e-34
7.721143609161442
.35783720193715474
.07056262143700975
4528584963757464e-34
5.26349165534917
.2919357144523203
.0621062048678198
5940249230661365e-34
9.202356922193667
.4395734414054422
.08413431079184049
6610013931625212e-34
11.337347919901179
.5245810690019113
.09513086230909447
6269689167130444e-34
13.390718376402303
.5140104458363979
.09068857433489035
6425841079368124e-34
14.336748625716956
.5429651865270516
.09352990880476492
6868222071222492e-34
15.513085216036199
.5994051124086095
.10072471175223213
6630224932885423e-34
16.77625748452414
.5977827581513196
.09796991911946205
6796532862063522e-34
19.998539046337484
.6646367733433044
.1021724957512418
7608285368418337e-34
35.56564053338678
1.0800985335648292
.12221583205802998
8663917059570709e-34
46.33628476669571
1.656378649877388
.1455815437432302
9625304718440685e-34
45.32802870544736
1.7376395627561625
.16085906950359155
7785665302121961e-34
43.69351827763525
1.3315078991142244
.12822446103883153
8345162494585139e-34
44.29246582615625
1.4081760687088813
.1377894637442904
8990707935145691e-34
55.54603943965128
1.8456766262698168
.15331243661367774
7837873881754502e-34
43.810581763742114
1.2510139344288174
.1278095120570878
8911118910584977e-34
63.47137525376173
1.8959038600289027
.15169102427841177
9487437993737518e-34
70.58818583379079
2.4993701457010546
.16774647729579775
7705248105431194e-34
66.42669681768525
1.7805835354765172
.13190687006790108
8836596319750138e-34
66.51968758862816
2.0103486786803684
.15227514079574167
9947099670854766e-34
78.34802063471555
2.9625793939659553
.18045262429094872
12694360929570267e-34
103.688319681952
5.914209382891849
.25482374749869213
14457613106594457e-34
120.16652840778868
9.35462890658345
.31944888883956074
14291448621877878e-34
124.01982619799261
9.297513802237424
.31237753555072056
15723730716265525e-34
132.46908603016254
10.232289204002116
.34697101250363505
1466915532102506e-33
130.2895077405179
9.350746352748512
.3178168187910952
13126676520795553e-34
114.81708776444721
7.071810624892357
.27057051409088545
10952330681668013e-34
92.51150513156993
4.003742137000171
.20524942498967846
1002288788889897e-33
87.77040863572704
3.2512752248680536
.18255543771837257
9415398969291007e-34
82.07438184517935
2.92945766175384
.1696283992458398
1023542268998145e-33
91.28212573298497
3.6314462211759984
.19199155890720218
9362458825819789e-34
91.10281773937052
3.613023993820127
.17871556982794895
9468889280669658e-34
83.4537054022966
2.9386575670487676
.1725417688590171
9385750682375563e-34
82.86042912837634
3.107960541269792
.1721759455026479
9476568581213825e-34
102.80198860783295
4.144440668017864
.17923807559977217
8552206519902037e-34
86.40447503998247
2.7398038623407284
.15411548295038488
8103032760225044e-34
69.16683236927874
1.9483269186632515
.14180104910202715
871424901020535e-33
66.47470256246626
2.11793554845201
.1515727299960746
10649219667589773e-34
74.70557400473992
3.197662314672339
.1950018683167117
8884806041972246e-34
75.3613187065123
2.83368422108157
.16217538706757464
10617015654162603e-34
103.86576315471414
5.72187070829218
.21188395673990953
1018554608848815e-33
107.50637953380472
4.9458166171040325
.19669733430723288
9034510214314789e-34
89.00193637278875
3.1730194001117606
.16454818387659126
7371373204631658e-34
63.48211493906004
1.611760982313675
.12550238437748912
7158843108229958e-34
46.154266389966836
1.1465924147108864
.11796483033631074
7016678126082719e-34
40.520892340932605
.9935113042350785
.11305556462876903
6390636899615586e-34
29.21446582165875
.7140451665381506
.09876756693650086
7761488997018711e-34
39.31022100101902
1.1123561085791025
.12541512953890388
675211092883957e-33
32.979119391376194
.8615829159963176
.10790386694281612
7077949004501868e-34
39.14731061240623
1.0147190961959391
.11615484839483411
6148909913587975e-34
40.159047733495576
.903897524195315
.10146491437775125
7418511499497503e-34
58.19520437044098
1.7458417957762706
.13358458275375854
7109292150361787e-34
63.12437941102854
1.5700214951430902
.12493282521479326
7516844756080555e-34
72.56032915784301
2.154971673126002
.13765113044342478
8128178257138473e-34
95.80530533441882
3.5240683420963794
.15743469121822715
7919600644334984e-34
111.79240992225061
4.2036430688092965
.15435554118940678
6567737333445735e-34
82.78235229554532
1.778518032318422
.11564656290351553
4724169268118963e-34
56.614701161081975
.742216764409487
.07676354659151628
5197187258317662e-34
58.243967712447976
.8644647921338047
.08520657160055646
5301315436890443e-34
59.09971513257004
.9276138344929397
.08714243883667415
6260599456715138e-34
79.1570099016683
1.3864541820436942
.10596895198590596
6304029621956241e-34
81.98105186446148
1.7027759844283472
.10989347518626232
5762789108095634e-34
69.07863948010085
1.010002387694831
.09402241497051994
5903499544652546e-34
97.4452727919126
2.0764392198935
.1053701080125822
582396121347086e-33
88.41582998602485
1.9268092623322162
.1033270443349051
543587263088353e-33
66.96233690199567
1.2809134653878929
.09457775245306509
5581111250829745e-34
65.87141538116734
1.2539471676290093
.0952434184503318
4805856754146371e-34
59.726780465463975
.8553831176240693
.07919287192569294
4897104296255958e-34
72.73750089668944
.9377432052969684
.08169048102217931
5004824121703658e-34
76.41747034355943
1.3090516135744459
.0868775578089294
5795604703471276e-34
87.44958817563862
2.132556714476537
.10421226468020431
6003767978540273e-34
86.92154187737889
2.306162062488704
.10961049234269256
59314656443708805e-35
91.56388100358167
2.222934325880444
.10756425016191695
635935212759097e-33
97.31284647021833
2.79201968079878
.11820902926814278
4914623219198724e-34
71.90271118275903
1.325076307055555
.0883995907961951
4023369605562025e-34
70.5900943123409
.8720845723792349
.06980617984214516
37489398571800656e-35
78.37440894834629
1.0800761315368659
.06782711451184668
39048441010660025e-35
81.53074621591135
1.3374104737920647
.07293275028805839
39102337109399686e-35
81.54872508630116
1.9709349563398462
.07777017571703965
4354992615016238e-34
85.82655324741019
2.376475066420596
.08842039011742968
4269591355047853e-34
83.1824597834739
1.9414988673059297
.08430809319224465
4958758503620207e-34
76.9488617495486
2.4756827931614667
.10185710798606556
6120627559700301e-34
98.5629247582757
3.8350420779999204
.12405838492596445
5609887647426979e-34
97.73728676714653
2.706309963907145
.10877665827320246
493549242481826e-33
86.17642471181192
1.6559734809560933
.09128316066204856
4576621614783343e-34
85.98569025998665
1.5689408781429457
.08418047866808302
4789897738782288e-34
83.86137059884882
1.3903359436965155
.08588644022922103
4801879757779898e-34
85.8608751071888
1.278773387038426
.0857468877784647
57414073308543045e-35
76.64770907034848
1.1610952190964994
.09727027156886846
6329281259029368e-34
85.91364498786386
1.575723187933976
.10966944569865893
6878687583818475e-34
101.05080750069725
1.9742551518535387
.1194029252994459
6263490711700003e-34
111.99096699016248
2.0658382335480194
.11019332028783516
7088836163065949e-34
121.76610237739028
5.1677452705031985
.13848819581567756
6763785922551918e-34
110.20481039838798
4.307919896584745
.13262644405996513
6738565792612662e-34
108.86949189294528
3.372414326122197
.1298949867528864
6799109351481334e-34
112.56014534036181
3.6578045732263806
.13062035048167203
655290054685138e-33
107.97144950228692
2.5293567295398094
.11905350666885256
7327648081680317e-34
120.66059314471669
5.335623792369228
.141394947209834
5138997610421467e-34
101.1048080689325
1.015525748651072
.08716751396428495
5625217848481256e-34
108.29296285363456
1.2628010290016116
.09680516863576998
6427998455305632e-34
109.08953787104862
1.6688671744630676
.11260795167481914
6408323176866784e-34
108.35155402980998
1.4916238514231754
.11015093030179468
6404581208183909e-34
136.56131497429897
2.170719633780889
.11218692881793062
53595269627092885e-35
117.01429539653043
1.091567771441926
.08830820762305397
7549927575050766e-34
147.02588224137418
2.856158552563802
.13329008891176433
7434814005728624e-34
130.24467800803225
2.347283938987531
.12914539126813443
8967094878321271e-34
146.67473055351527
5.381956343964186
.16830381346057577
8625890198318791e-34
130.137992273574
3.858093668146003
.15752633375782057
7632918029543197e-34
111.96331104755424
2.6809845783118593
.1348456403350954
7341204686624322e-34
92.05251552772178
1.427882495804723
.12060637217099872
6389640763661158e-34
98.27467264011571
1.1818479210501471
.10398013750961574
5727323571259647e-34
78.68610917248513
.7332663095869768
.08857877093599091
5657349900470964e-34
75.97135431108966
.7131391817766161
.08734133957789203
53917499449602325e-35
55.221491550115985
.5689315349154687
.08100567578336094
5558959124960344e-34
78.12719724707472
.7401222036075173
.08648379442780942
4985398076105948e-34
80.70605121682263
.7043096119349945
.07810061856920304
467799202001105e-33
78.53804116137792
.750213919863665
.074534836761189
5010928588518242e-34
86.61490221668014
.9522737503248374
.08161980131790694
4787146769827587e-34
111.93134358557215
1.1155259342734019
.07962873789883869
39015931545303356e-35
89.83916769034762
.6139693547424424
.06190683074882936
4667679221960057e-34
79.78984625345798
.6107071617458608
.07220875406194092
4561057617323259e-34
75.87696977729722
.5396813426125502
.06954208953201194
4660638393887879e-34
85.32061719145368
.5464148613574334
.0708915283636872
4567156873185951e-34
74.20117843070534
.5144114604070853
.06917432175729953
4143943903416983e-34
48.71657691485938
.40206048502115505
.061478416562594285
4408966587330871e-34
46.55468326110594
.4394971216830924
.06586236460378098
44336024455578695e-35
30.51857301747214
.38819979802928384
.0646391407393777
3930414533813908e-34
21.323985184534845
.312618491720006
.05638594492410399
3795763419794787e-34
13.203425963565067
.2683671518702869
.05324640079453948
41247514896454956e-35
31.174641258028498
.37121918217967714
.06063183651712707
4440736229117678e-34
29.31405692859589
.395703506591443
.06509163651559803
4201885828939579e-34
33.84981932436247
.3754618266568676
.06142420604840567
3991053356254015e-34
33.30108441468718
.35528953564661436
.05890410191055474
4659317778518294e-34
41.18073508773098
.4629500423601695
.07006135095687076
5575132955327443e-34
50.17114316998421
.6419719083104504
.08593159126049144
6276186104399199e-34
73.59213887151955
.9829821077246441
.10088427305166493
5557195349997319e-34
57.0354262103267
.7084781555046783
.08710663476391249
6219066935696381e-34
89.10944316425976
.9527893796428103
.09991784753394234
67959495383613645e-35
82.35872269682964
.9512303404348024
.10753468241012831
7542296365887685e-34
97.37894181925131
1.247939303427548
.12211665645451675
6585233774223292e-34
54.29379708951509
.6935510057664341
.09945828769255384
6576329259039579e-34
72.68361315479494
.7757937624645802
.10098974215731524
8115011580634223e-34
96.9622749222032
1.3944363713604746
.1319078329280912
903310018193689e-33
107.30981748535223
1.6468753183278506
.14834783423530257
1052000480948488e-33
138.01224337566327
2.7052814876800513
.18116562905845982
13533288932133992e-34
171.29586211139102
5.449344397263397
.2490851604514713
1279183060320362e-33
164.1113445064677
4.944067025679464
.2322731409460637
12534429774775314e-34
161.0931727384133
4.043199992222129
.222829779608444
10616685390898142e-34
129.35819801434278
2.5695680513821766
.1806426297167601
1096063499957924e-33
120.9582516505045
2.3458348491665872
.18381726899185125
1135679541378431e-33
131.17236391766735
2.7963063726558395
.1943597937397263
9853322898439523e-34
106.37783833666568
1.9423604356826374
.16346455029269374
10026809496400195e-34
111.43503527233571
2.0050564042403902
.16656048830486064
11041953392672717e-34
117.80525495257403
2.786673728011085
.1899626334053038
10405036787104197e-34
142.1648448782302
3.0338403764834205
.18098481429963045
10345067606599234e-34
148.65970272527272
3.283597851784733
.18397670338100858
11266567694246635e-34
120.47419285251254
2.80596504317351
.18498653971756332
10962988852123892e-34
106.68251810823031
2.713709734759689
.17962198428655585
2398581381569784e-33
147.08296173072128
5.847619566236134
.24324759028473966
18715770414323065e-34
120.44690771694613
3.5930186383510265
.18436509966733838
16237199656577742e-34
100.82375594945157
2.0202482738055054
.15215829324482558
20802860686773664e-34
140.33648169283626
5.712600859646293
.2165436326290287
199091584613239e-32
162.4724450442933
9.356015215518525
.22265637195384547
18965144092377793e-34
159.58793695511105
7.34335565440512
.20555308768437067
1709889619849218e-33
152.6835138565817
5.606869582332712
.17852893735574088
169301954478401e-32
166.72126133553868
8.125220006655773
.18401197468366104
1579174825666069e-33
170.40596208928298
5.395647511840941
.16188523020239928
16342614996843042e-34
155.34046156196578
5.66183168521499
.17651462401869014
12639764431679545e-34
164.61327748470455
2.834043330867417
.12754236953703188
15608550045539632e-34
182.58535811427268
9.108194876448263
.1741718165436132
23695209532572313e-34
162.13446296957744
2.9230475882291334
.1299442233015142
26583334395715007e-34
168.30351362580117
6.136275109430164
.15656485544891624
29768281960139283e-34
174.7185297572103
8.546071408860776
.18406189764321576
32629602416762125e-34
179.4704266180692
9.769490800138042
.1988903604515694
30213530321304166e-34
161.33595772314172
5.973729125835406
.17813507127593473
28435381094225347e-34
153.47547330992052
6.431168452125682
.1773388782357458
2493130961633733e-33
149.34595569360462
3.66641929043997
.14773270252346374
20754084903220686e-34
141.10763388205373
1.8309636651832926
.11534039412516306
21635673673399077e-34
123.08166379444145
1.393309916956194
.11510684096681326
24678702408009305e-34
166.49639629882648
4.985486488760298
.15172210656972732
2129054835017812e-33
157.7186694085519
6.166013619153092
.1344347587730355
19936321055807088e-34
137.69664250538534
2.4298303071179546
.11612419569110685
1853182541211095e-33
140.68271826734693
2.5907409405174198
.10933773967579467
19767011326280743e-34
143.91754216315303
6.323524944636032
.12700501230595881
20024061856039688e-34
152.42625029619916
2.775961391140151
.11774193213712375
17118273492644223e-34
140.36026102228132
1.9126804799398285
.09955946302824653
20263813215015094e-34
143.38970660952123
3.255068616722193
.12181321512262915
16549809199722778e-34
81.18598745100745
.8030752778382423
.08602524881365008
16112757996268724e-34
124.62686648972542
1.1348628890620636
.09052899445764276
1149061757859191e-33
59.87773031269449
.4003858267943182
.057930673294362175
11137697439766554e-34
52.067582597596505
.49183096668636617
.07249567528679825
9110502231126064e-34
75.37234554918432
.509972155822464
.06404684954103078
10352452028640802e-34
81.32570118013454
.6046970372140217
.07220649921696996
11336762121933346e-34
99.89444557049944
.8864163437405931
.08254940259281927
13638318788921637e-34
99.96091315653624
1.1264995404110658
.09868264170400744
14130133290724691e-34
100.93281764989848
1.359425253170292
.10447173691229357
12868098116283463e-34
78.54775818742235
.9939862295716827
.09269883475212595
12074662750936246e-34
124.42881939335128
1.4492089788978635
.09037654915325946
1224438734426603e-33
133.43151993132759
1.5806628717008828
.09440200496063411
16134897113923792e-34
156.56739264695307
2.977635551895735
.12639531167735935
18249216882844235e-34
159.47247872053825
3.7086616464639577
.14569429004452786
18271080954535077e-34
171.10465811130467
4.417676008723381
.1480324724396437
1768532457590943e-33
150.2015944718475
3.03601330608808
.13809834651833466
18762060496580785e-34
160.45402925027093
3.583867944730451
.14900263853619344
2037318078530255e-33
171.25776785970916
3.10321509906021
.15704533269437185
1893369541859408e-33
151.94141326924574
3.5396925627805684
.15009007166786942
17994880363230935e-34
129.98229978739755
2.490339808022843
.13825917208382807
18606662680176585e-34
120.45929808287174
1.9342872551096384
.13831932864407737
18129450835386875e-34
128.93629927139435
2.115550379156685
.13769722039369495
18328782132316103e-34
130.50247485735463
2.5100278915984524
.14340699640037358
206227950299922e-32
127.2786177937722
2.6662052012031405
.1595657411826334
2190005624948526e-33
135.1479623488496
3.4605056413262867
.17443652334663534
18803989025093824e-34
115.0303859802465
2.0456661385372192
.14562403639310187
1948859678998862e-33
115.07191817841017
2.465409625868896
.15570413032260133
1970871583541303e-33
86.01627686514645
1.69629722987303
.14792681774101418
15362785220161843e-34
45.28729342968524
.8316273494104823
.10808064037566414
20016712485817337e-34
62.07811915639288
1.480848355242801
.14804743873309723
224057835193257e-32
56.15683006274162
1.4817711896744326
.16188041263494976
1851382403006701e-33
50.13921318340915
1.1042205790629982
.13126664214348352
16406887989975683e-34
47.46024807834237
.9589378701123489
.11659522834183618
1736300053461418e-33
40.25120014289803
.9755831210628799
.1308558383655103
16542782216610446e-34
50.5577758431373
1.084253095937154
.1269876062000971
16210200562721496e-34
44.51673147561551
.9718015072736416
.12186288303128148
172997943156798e-32
48.3146334398008
1.1574032006730712
.1317525757468665
21124375012180916e-34
53.653838605653405
1.6462453449999754
.1658137502707835
19276234998988584e-34
30.28071536165712
1.0408011053985942
.14148959212129564
21209692542628465e-34
32.4040801058511
1.1117525110781645
.15155019073401535
2234108683996024e-33
38.242219013450544
1.2284555716394074
.16064170044115278
1825933477675461e-33
30.685267525805017
.9043269064727334
.1318151986008473
15796786532257236e-34
22.992911495123067
.7213108254502371
.11203842171348574
1581831404954721e-33
24.41735359228198
.714515396800213
.11170049777115312
14037518334238063e-34
16.28546080353601
.5625827580868434
.09738748468863197
1808342931253537e-33
26.071552442168066
.8338690242975344
.12917183661572562
15966608628149135e-34
24.15339656380571
.7230798627337242
.1134884409249165
17422388501860767e-34
23.147655020450483
.76301738073587
.12208010310974395
15931523636014074e-34
22.300016799281813
.7121943639585314
.11326278583436351
18532970666854795e-34
30.037162366234888
.9597963628683891
.1365597458725723
2431367348675996e-33
46.16351166224321
1.6379393118519803
.18942375973005798
23569656350559823e-34
38.851780864930625
1.3748859780780684
.18037524120117435
2216082676562675e-33
39.847063510296174
1.454621976660846
.1767769845582881
21788319174321883e-34
31.527754620080444
1.307844081337579
.17368841601169194
18661819909441465e-34
17.074558527312128
.8425721604684803
.13469611554934238
14041403748589405e-34
14.543120175258446
.6292868735967494
.10128561593590174
1106087995428453e-33
14.300548128392089
.46206062778872686
.07709085359543531
11490704714840234e-34
12.316759084492498
.4422890567422142
.0779811483322272
10299492151117348e-34
13.219042206485788
.4132099403098569
.07244245119023145
12576096977349966e-34
17.175927508585357
.4876877338002606
.08713868585860528
11559753975679159e-34
13.189203310950296
.4396980087931736
.07836046814244743
13472372779816358e-34
20.072924859591527
.5820887707986638
.09310497352167638
15096423868957198e-34
31.870638012616492
.7628434759327749
.10903441033587875
9403539964577805e-34
16.413711614237865
.3572317361701216
.061804217848259596
11941380548230474e-34
19.862873047145687
.5085340239476626
.08506253874655194
15496543085589291e-34
32.04041834077623
.7977091545287213
.1111237669948339
14694326361961294e-34
23.196726646226665
.6150678806527946
.09773987548035994
12993446504687956e-34
15.886062780113576
.48830143875107423
.08584254831807589
16082002586721736e-34
23.700251972732413
.7132964122538842
.11161496677151611
12947659676151892e-34
19.559212551899964
.5179940066630294
.08646843765240336
15925942546889852e-34
18.455280205083824
.6046603231798469
.10524658943520034
14666928606579139e-34
18.644942698436463
.5768200490507716
.09694833945698074
11532639935473436e-34
14.498872286187856
.4661690459441125
.07846726772649298
12238452453109334e-34
16.618510398147162
.5175727141830223
.08369040725318705
11387985606912478e-34
16.06519867542089
.47477868005923823
.07745724343778533
13622443080542796e-34
22.25206168877805
.6171390872335343
.09364507886739656
13163036459227806e-34
21.576588326251876
.6025943860971454
.09117990961280839
12986516403329758e-34
22.43609338988174
.5900768378306813
.08835851997000801
15633767833497882e-34
29.890662617698926
.8325341771878977
.107715344901656
1188949910144493e-33
21.069550601187277
.5086269292673207
.08274943973173841
11658202026746906e-34
29.111444461361028
.5679195998958336
.08496749362800242
11912613855855879e-34
33.594847474111
.6116999692067586
.08705649507330204
11357384802350276e-34
35.5474509022205
.6088164521268224
.0853604472842682
1289160147403533e-33
31.100590934569883
.6037345607714356
.09218116321228634
14787765080680184e-34
31.971445221593346
.6390306797964838
.10166488388452206
1560790246656993e-33
45.26598239221886
.8477148233483528
.11373108641757992
1719800948608147e-33
55.09772866721754
1.0803798169714645
.12795103595596724
17629978336142456e-34
57.68686051045243
1.2786136829000987
.13397010707574528
15250132420068282e-34
44.54220850091048
.8584657548439267
.10951131182355771
16631047809089697e-34
54.32400379409244
1.1104349799500663
.12435814388228138
2131005304386798e-33
77.49685085975841
3.0071372309307582
.18126194598547005
23014868583261114e-34
76.58219412933425
3.3315748878765032
.19763967694027282
19904389838503067e-34
69.54232591629786
2.2174937862034003
.163892985309318
18046623362340087e-34
61.68404281162479
1.9517329663038685
.1508141600165366
20514272888050243e-34
62.36091777101849
2.1581773803149673
.17143154520414172
2576552884905634e-33
72.0536557727114
3.421684171160581
.21991212761259515
24459111791190744e-34
82.34025562510074
3.0347380007420846
.20317171939091183
27568217076357007e-34
107.68652301741561
4.794865159789163
.23924071337045516
30824918918404157e-34
128.88148438417326
7.424852602136172
.28915653126624663
23835026236374097e-34
97.83636259142295
3.36271262851171
.20600794519800417
1937541099234826e-33
79.70572633994304
2.2749750192266407
.16594975506730358
1879129407907451e-33
84.84827675697417
1.837977641395792
.1507703531674372
180288679738864e-32
71.6630666705541
1.334920918911697
.13576036449108184
1991756080922859e-33
74.64740070557812
1.5101019014341408
.1499614337564523
15028365750549478e-34
42.29944243065579
.7201477258341265
.10516571681080093
1558316918664812e-33
39.33714701005375
.762778046978911
.10982893156319475
13674557470056004e-34
32.70383006630599
.6117828684907383
.09464955686166167
130490957267781e-32
30.08930172241798
.5434799210281324
.08888143599224334
15506558989098782e-34
36.99981515079424
.6780131870746512
.10631360435751365
14843121329754345e-34
33.800806643963604
.6123213425706743
.10054981214183721
13659101463319377e-34
39.593633454927584
.5846885732198733
.09317339286531391
14512036893919044e-34
50.945442448504664
.7055163966436941
.10131729505071478
14881285945205486e-34
67.14912721954421
.8481814927110516
.10652395203763354
11991282460452095e-34
37.392821160551776
.5324429496195063
.08266182080007235
13810780854972661e-34
51.4892097607663
.7245873034370169
.09779118540552434
12879657796436673e-34
57.43885591238997
.7185781384085581
.09206579651256111
13219504493817401e-34
48.126237355540276
.6241780503965301
.09178782910673457
11667806715297385e-34
42.92784343317507
.5159697794130889
.07997158097763624
11043582440520477e-34
35.62931018697912
.4875278369251562
.07613706681792484
1466041102664924e-33
53.410531697572445
.7542811202347041
.1041565214589783
16421220076337415e-34
63.402377323461906
.9665485446968639
.12108462386619243
16482026102987343e-34
56.5697220099881
.8771811722746533
.11863629950025509
1616048119245873e-33
53.554592613140684
.8158873520496824
.11488486658620897
1895164584095662e-33
58.550641245305734
1.1420863404893997
.13918515961060868
15969509086363487e-34
48.7149170845003
.7353687069657652
.11110300660373547
1536113118778993e-33
49.1571473194612
.7290169568189103
.10724020540644617
16781563121888592e-34
66.18025734710963
.9839292859848079
.12372505984096399
2029869912478556e-33
75.02585985984572
1.4795102338125914
.15584686082354388
2340028359293846e-33
77.22657774130955
2.0004786931310967
.1844415346012087
23735460596126432e-34
70.27771792907456
1.8227666105766818
.1844582053091997
2555971429650365e-33
72.01166221744441
2.13324047973993
.2044172682247978
28693112593284382e-34
96.19406593991152
3.3818026500068417
.2418642562440667
29639251727263085e-34
88.67354575972495
3.028668964906961
.24141868882265288
3477334425145363e-33
88.18135933971695
4.009972710170873
.291012181622338
3087219906475554e-33
85.98361526419012
3.9486250415144517
.2638024302979498
3202594045764129e-33
92.49707502321331
4.059820440423567
.2669424987626022
35276946955861096e-34
99.12715135676457
5.047377904406265
.30109181618956005
31345506248231125e-34
86.42453860277134
3.5034044418333474
.2565036203235715
