1
1.0000006127233483
3.645773992086268
6.047155720439667
1
1.0000000023620483
3.2649664723717744
5.788658432273462
1
1.0000001570076704
3.3206850721480414
5.607297600205159
1
1.000000006736559
3.5397318917165452
5.758824699266413
1
1.0000006849381988
3.4206854048653113
5.643282362600569
1
1.000000002957623
3.458301132475934
5.663756474243825
1
1.0000000051386715
3.4563571169100253
5.595201887162542
1
.9999996619568086
3.2639256629384747
5.568556637873113
1
.999999999830244
3.4062502665796903
5.708331429365799
1
1.0000000000019011
3.2997337657160704
5.682264995323616
1
.9999999891492226
3.509796727570598
5.759841940519573
1
1.0000005651239288
3.4044654398127117
5.695988722721941
1
1.0000001510771557
3.3707501463941067
5.589941309111464
1
.9999999572691833
3.5114412163606135
5.569175030532337
1
1.0000000043197024
3.928890362772055
5.751616663561846
1
1.0000000781903486
4.155467661144885
5.840702477874812
1
.9999999931719636
4.291123050354531
5.9571232266312375
1
1.000000103406264
4.113068740361746
5.756314832622947
1
1.000000741957086
4.254613373549836
5.78486955280969
1
1.0000001993429892
4.232702951142099
5.725873689611536
1
1.0000010280102798
4.05580596110301
5.623821382821879
1
1.0000024049524898
4.113676405872818
5.6586100368437835
1
1.0000000393631343
3.998088941939537
5.608422326651223
1
.999998946116395
3.9427154909623763
5.654469420284054
1
.9999994202969215
3.739618113853296
5.568212317284192
1
.9999999337629384
3.933236991858327
5.663249508031037
1
1.0000020429430307
4.052841496226734
5.740687467306944
1
.999999980456141
3.9099199765308525
5.664864923278059
1
.9999971292444203
3.803313929217753
5.687722878256243
1
1.0000001655025619
3.7035157612132616
5.613469491255157
1
1.000000495413028
3.797106799896475
5.645691024349139
1
1.0000000033746654
3.7236872795089355
5.6058195136338425
1
1.0000006482410024
3.6500540703230406
5.573383502949902
1
.9999996513217507
3.443173734155785
5.5009051992174856
1
1.0000007679238363
3.6032973959926173
5.535533820461549
1
1.0000000000127776
3.7624747804449767
5.603459000631906
1
1.0000002727235517
3.7313116583061072
5.475390357326373
1
.9999999753427447
3.7164622026851277
5.401922095461507
1
.9999998797700866
3.6876644102723883
5.382110370130393
1
.9999987798576334
3.7472688764120643
5.549512875337243
1
.9999997353999944
3.3288947315071775
5.1686363041705246
1
1.0000000829670639
3.077450117414743
5.318083004493562
1
.9999995838099597
3.016962883582719
5.335658239170349
1
1.0000009014671902
3.081446562805119
5.4022705480349185
1
1.0000001173701056
2.948451392900507
5.518893777464889
1
1.000003247594615
2.976120005617575
5.568978688079398
1
.9999993068849475
3.3428309023075107
5.864595232175534
1
.9999999587609707
3.0900388008022475
5.967523166936138
1
.9999999716787024
3.134108532282748
5.9916094680225935
1
1.0000000471792465
3.014459508588383
5.978015684263074
1
1.000000106140587
3.1339695213991914
6.001968349354697
1
.9999987963654748
3.0004484078319167
6.006964060267023
1
1.0000000851476147
2.856786307459561
6.0328969943169275
1
.9999997824495164
2.719076216583608
5.930889375940168
1
1.0000001095761162
3.1286010813980836
6.051771609815703
1
1.0000000135650498
3.2597867903937825
5.975846305792985
1
1.0000022744807808
3.332139595970664
6.113756884110497
1
.9999998710369518
3.2452519451456405
6.125297857190357
1
.9999998489433615
2.9517601880997173
5.968185438387659
1
.9999999462405035
2.81137776071063
5.88824869494914
1
.9999999999845555
3.057180246171097
6.0274096195993065
1
.9999999985401066
3.1739620286744463
6.112299040007886
1
1.0000000050564821
3.3579765859101443
6.020902191037001
1
1.000000084886765
2.9600877808422177
5.830218013543986
1
.9999998583004694
2.544943405829215
5.71321875903607
1
1.0000005068722204
2.4722476875272035
5.777478999751518
1
.999999948647299
2.444066221314076
5.702355833688179
1
.9999999999331393
2.353803252963839
5.617240567561887
1
.9999999908113145
2.4200551341060685
5.68419821606004
1
.9999999997355463
2.3939754930504864
5.732529632069127
1
1.0000000319133302
2.541977656640228
5.731863605608784
1
.9999990746977074
2.7761218091673907
5.870477263278621
1
1.000000052568561
2.7685712576683774
5.658196368536928
1
1.0000001129064062
2.8107833833928937
5.651233915501878
1
1.0000000098671908
2.9352047511814487
5.766101553029692
1
.9999999997806167
3.0887036014563267
5.965926381914249
1
1.0000000512040335
3.187673960155982
5.989752064983814
1
.9999997051357592
3.162784490154735
5.9608384429018395
1
.9999999210337496
3.118986906856802
5.909403626923849
1
.999999992853957
3.280797536517489
5.988689237761643
1
.9999999999977202
3.276423120157461
6.066269845875743
1
1.0000000023660476
3.582835438614573
6.230410591854915
1
.9999999995558286
3.1598927058263615
5.982875542594624
1
1.0000000003806895
3.01306114802597
6.0167654969270385
1
1.0000003757663525
2.812407391107868
5.766262630357912
1
.9999996917471144
2.9124833212477297
5.6521795209273815
1
.9999996501702759
2.9418021441632214
5.637406490827219
1
.9999999539825805
2.907609108681055
5.564834977452811
1
1.0000000000030524
2.8257850894111156
5.487130059167806
1
1.000000033005771
2.8641505332985195
5.416831046121357
1
1.0000001488710248
2.6033767365664606
5.189279334293708
1
.9999998451169696
2.4391874243576517
5.260223418773693
1
1.0000005095699556
2.486313668877928
5.247317302157473
1
.9999996170665404
2.5609888363636113
5.353566153634636
1
.9999997905285148
2.534388544361599
5.445876870411651
1
.9999986455865348
2.532802414113398
5.347622692249308
1
.9999999658610786
2.793210030113008
5.382300693801922
1
1.0000005464331492
2.7661058281929303
5.294448447961207
1
1.0000000123646957
2.805660142453131
5.351361942503293
1
.9999999925085522
2.6363578852209693
5.2510888621649014
1
1.0000000151166915
2.695368575651146
5.293016836164838
1
.9999999374068
2.6684894369636885
5.413613371672049
1
1.0000011277775698
2.6807459730004566
5.352182082988608
1
.9999998176041033
2.873829762800822
5.485541785525614
1
.999999972206345
2.926908810948029
5.597407916437318
1
.9999998517645207
3.0476415399723393
5.703140518104731
1
.9999999800764174
3.3001894597471604
5.8212124154736635
1
1.000000009092219
3.2851577739327777
5.841761007414323
1
.9999999617120842
3.222412813061304
5.912460476126713
1
.9999998938305255
3.349517446629242
6.053222505632082
1
.9999996735786673
3.2824555059064493
6.167154480968685
1
.9999999407079232
3.094768893762335
6.156558159727266
1
1.0000000000042089
3.136152664509591
6.193677589566784
1
.9999999648169857
3.0260059209411065
6.154396684148584
1
.9999999786245927
3.1872879960447507
6.209596875465281
1
.9999999978623734
3.2769735711151875
6.197221933490494
1
.9999999391406955
3.4284934162639216
6.306923218866145
1
1.000000250555064
3.2462446591084566
6.2159781062279515
1
1.0000000329237633
3.157095618709908
6.169539729836873
1
.9999999962281231
3.0338527714001633
6.252995130658266
1
.9999996031743916
3.364469638980514
6.520024325029951
1
.9999999937226769
3.264222009533101
6.469922972826415
1
.9999999972047631
3.427377398266091
6.605465352792736
1
.9999992832708315
3.41089389400029
6.582790278638269
1
.9999999776595743
3.170026305150301
6.477816701556596
1
.9999999999179535
3.2300378495983764
6.501194791132662
1
.9999999977946388
3.4902998062225907
6.453521660497198
1
.9999999999280601
3.4196726373359407
6.418962250901911
1
.9999999996220389
3.428753231444113
6.470362668681292
1
1.000000068897538
3.690562853005931
6.615902411783111
1
1.000000107133102
3.6300532110764046
6.454390590079668
1
1.0000000688644093
3.908786325627154
6.588734334813704
1
1.0000000000529963
3.7255643741758098
6.61033531222544
1
1.00000031081751
3.6746804722692787
6.620645415686155
1
1.0000000264500144
3.6175841784073097
6.594479604362183
1
1.0000000000469853
3.4453346966268223
6.638822943326976
1
.9999999303093798
3.3300694892542877
6.590580805803401
1
.9999999986461277
3.3541888981087653
6.582940314776511
1
1.0000000018202868
3.548317774577047
6.62389515084616
1
1.0000002466620046
3.5577931719687697
6.591457131819253
1
.9999999996533773
3.6416694024556646
6.633147565290039
1
1.000000000008399
4.02176213054854
6.71281569379619
1
1.0000000169914771
4.028056284289505
6.703340189047589
1
.9999999660461657
3.934611468009317
6.697787862621735
1
1.0000000017873776
3.812225685473444
6.70676772284778
1
.9999985044084064
3.882141579948724
6.715661604830322
1
1.0000000002332383
3.826625471082221
6.777116981884906
1
.9999999885027667
3.5280808331141573
6.619087395067969
1
1.0000001496079367
3.4529535193423944
6.641422552353752
1
.9999999947110669
3.420457985112472
6.566802194435869
1
1.0000000000142484
3.394106131125982
6.599001258579906
1
.9999987659505664
3.745152723736144
6.613488505410801
1
.999999935532525
3.375248821746741
6.351679652402909
1
.9999999891155085
3.8323963170043145
6.640936200304865
1
.9999999978442947
3.8306414060133536
6.577806339585907
1
.9999999999691505
3.804778380240857
6.548850963835824
1
.9999996332469474
3.719856628987955
6.462425687936515
1
1.0000001519849178
3.284499985493806
6.344239134294003
1
.9999999802087787
3.05377556317206
6.169715593951416
1
.9999994909811684
2.9593060296489018
6.146125469153298
1
.9999999992201702
2.9567846963810203
6.132124458024752
1
1.0000005666445257
2.939616877716503
6.03189584438393
1
.9999997573881552
2.7269081365118075
5.816733354110759
1
1.000000494497299
2.8484614867526536
5.8708650456277205
1
1.0000000075274944
2.738633106937988
5.816916924063723
1
.9999995151731836
2.728181024944636
5.930556415981199
1
1.0000000048909932
2.8742974569640865
6.022310070984723
1
.9999999992539048
2.787686641146528
5.921786244900662
1
1.000000001636211
3.07089822975737
6.084564551249091
1
1.0000000649673313
2.9207064065547175
6.089657481807127
1
.9999999288401067
2.903898298147709
6.106084327117318
1
.9999999218076437
3.058885072415873
6.218131966063231
1
1.0000000073170203
3.0510861265629825
6.271513216482566
1
.999999951260654
3.2167942461784356
6.466289099499747
1
.9999999994819815
3.0818326151829396
6.335228272855188
1
.9999999999315338
3.210854794001408
6.471254632124286
1
.9999999971422514
3.071032716032115
6.30210024660245
1
1.0000001766201831
3.0260150345500563
6.1815360505491865
1
1.0000000108623428
3.252013903946311
6.123058230018209
1
1.0000000250110617
3.394262927798044
6.272664846989193
1
.9999999842145039
3.799304613513758
6.288297896930437
1
.9999999668123638
3.753139547856622
6.157851156548296
1
.9999999987579219
3.4465819860110467
5.986160646045307
1
.9999999764634172
3.422956916411967
5.905366923661684
1
1.0000000000000002
3.8885643379325203
6.1080029228751656
1
.9999989462318186
3.8564814441884967
5.912169094741359
1
1.000000461314092
3.599900713293075
5.632714145393432
1
1.0000000670427922
3.553752799544867
5.600302555733212
1
1.0000001698391734
3.5821544167117954
5.6302461938637345
1
.9999999559794854
3.8344281552564357
5.812145619387213
1
1.0000000000109575
3.630193152369898
5.636950791595094
1
1.0000002042376517
3.5887182021933306
5.4070996992613765
1
.9999988077444842
3.7314120215882003
5.463541283114932
1
.9999998147810575
3.735118976121706
5.5081519929966625
1
.9999981836711667
3.5621149355532444
5.463190559393948
1
1.0000006075117354
3.5468555567984956
5.575172799304203
1
.9999999090044819
3.622521765184377
5.630855621099266
1
1.0000004702774372
3.7154717848934586
5.627940678284692
1
1.000000519933958
3.6316887300755547
5.522870827784385
1
.9999996907318042
3.7924047774924246
5.671341275319313
1
1.0000001158212373
3.8989290333588413
5.678738773496192
1
.9999995382385568
4.043578914374693
5.756365150494488
1
.9999995561532528
4.141601107594632
5.835641257528414
1
.9999999816543123
4.049763306206575
5.829414682286186
1
1.0000001803330636
3.814282980388521
5.686893909598289
1
1.0000000053412619
3.8816013376782945
5.66110839013556
1
1.0000005578660731
3.9534058139376476
5.672475116834509
1
.9999995062583755
3.8798546952945383
5.5520371250474945
1
.9999986444819712
3.789268487148923
5.46327038929124
1
1.0000011262985553
3.618301875709649
5.425543317218117
1
1.0000001078060345
3.6681076535244106
5.428799973678946
1
.9999996948844004
3.6252487599239496
5.525521709947474
1
1.000000375493949
3.711952021383039
5.62186911546999
1
1.0000002575080615
3.611729493844392
5.692801860716174
1
.9999999643715202
3.562605569572313
5.618267867866041
1
1.0000002958951049
3.4528900774412494
5.493211225373537
1
1.000000597809204
3.355413605865581
5.542700546386299
1
.9999999762187541
3.4061898858574544
5.533291952326607
1
.9999998675327315
3.3649767549472727
5.466402438833479
1
1.0000004965847455
3.2496393608721954
5.351615404424804
1
1.0000000089501642
3.1499628472842893
5.291146625110267
1
1.0000000120472587
3.29487051465325
5.379045154704614
1
.9999991963267466
3.029533095031369
5.406472909985646
1
1.000000362613295
3.0227618667695957
5.323750038283074
1
.9999995594826334
3.0161564199769453
5.409142210377467
1
.9999997631860692
3.0672098738658127
5.449881736375265
1
1.0000003764373986
2.859855334447549
5.4000234298859535
1
.9999996580062029
2.578873935417007
5.393071806451873
1
1.0000023622920782
2.9731773289727323
5.421976297242025
1
.9999994426040443
3.13077835776753
5.433669834910225
1
1.0000001918872923
3.1046782511246422
5.240359872618168
1
.9999996128124701
3.0738644743785906
5.17443894188223
1
.9999999888125528
2.878651141852907
5.120682116165656
1
.9999992632811555
2.965260088688491
5.162288454809812
1
1.0000000127694564
3.0480780988220935
5.1311590610008535
1
.9999982774709386
3.1020344340462267
5.245775410396158
1
1.0000000548620016
3.250447114890808
5.388833736253291
1
1.0000002758762696
3.445977258956792
5.418675436751231
1
.9999995660473109
3.330761233098636
5.421723866071595
1
.9999997600924216
3.1953467908234234
5.430119810086732
1
.9999999784585626
3.3035669438559427
5.606488223331158
1
.999998405923187
3.2485434184176873
5.757275817151261
1
1.0000000477554951
3.0614672451194807
5.658694519085121
1
1.0000000387611236
2.8102651753650334
5.630271068570343
1
.9999987919146874
2.713577219637492
5.594379191767033
1
1.0000012250523986
2.6462735528284336
5.553897410967786
1
1.0000000002979625
3.130821069109141
5.651312064957776
1
1.0000003365821672
3.0580674794270246
5.632543972101824
1
1.0000006058816997
2.8524453070241136
5.599422440873056
1
1.0000005178134925
2.7337072867534338
5.637642003612693
1
1.0000000100780082
2.779032947243259
5.682810318653661
1
1.0000007651475413
2.7127766424981403
5.558462521529958
1
.9999999797212428
2.94930887753927
5.554958237095581
1
1.0000002465498035
2.8828088991186798
5.570793092831207
1
1.0000000135320846
2.8620865946481366
5.50443550497307
1
1.000001719052986
3.1291712689566613
5.615175685789409
1
.9999999596317397
2.9926014716054925
5.6387879035831645
1
1.0000000085908596
2.992638346073947
5.666437890710883
1
.999999910460337
2.9016911065316213
5.515024208421147
1
1.0000015369286044
2.6682354902953676
5.412246803426961
1
.9999999781705637
2.7754342006503117
5.317461178091703
1
.999999660979867
2.9677499967426195
5.481099970330024
1
.9999999241983204
3.1293561161149945
5.5560733551298895
1
1.0000001498480797
3.0320137246119656
5.501943598521822
1
.9999994868739056
3.141091370452239
5.587284227467437
1
.9999998171757126
2.935360320620333
5.625001503310816
1
1.0000004871317665
3.0047641365335247
5.699407593499861
1
.9999998733629648
3.0595346587293037
5.615431802234282
1
.9999999094030114
3.0491508024641476
5.535867174601842
1
1.000000262848174
3.035808232240621
5.565844929736594
1
1.0000012347489116
2.875587219326858
5.386020173404192
1
1.0000000203712673
2.7737785193860387
5.359886901735467
1
.9999990037068721
2.3986514919001305
5.182536785942671
1
1.0000007942957745
2.600577096031255
5.25182009809732
1
.9999999935457944
2.723351853489916
5.381273021907532
1
1.0000002242940296
2.7509207505878757
5.452441462288967
1
1.000000356115055
2.95731244379818
5.4566644240330024
1
.9999999906933666
2.8428933578605022
5.44641409526763
1
.9999999885631269
2.9147563160961987
5.474102182264589
1
.9999995317438881
3.16915233427497
5.531146121789318
1
.9999999474399573
3.297218246871246
5.558668730236856
1
.9999979425481489
3.2299585302762996
5.539787641519985
1
.9999997932593072
3.220174513317597
5.5793004681245675
1
1.0000002397390317
3.292496699544612
5.573674559057772
1
.9999999177896652
3.097199430729351
5.3640573666533315
1
.999999799033437
3.0279376391987753
5.473105735327925
1
.9999995878871956
3.045657574695972
5.502481919190698
1
1.0000000633625545
2.9540853136076928
5.433908261676265
1
.9999999992654378
3.2941437255548847
5.478210615387626
1
1.0000000041797468
2.892674913924933
5.297966395074434
1
1.000000281072414
2.7272695162878176
5.350316701363507
1
.9999999982025102
2.8736951282601466
5.442900329866734
1
1.0000000067668144
2.8160298305577274
5.422832730994095
1
.9999999885689832
2.5289079984427207
5.4723300229611125
1
1.0000000553115067
2.3843155297802583
5.339339671605327
1
.9999998075871738
2.8704053818482875
5.505349619248983
1
1.000000068503689
2.3961465109980407
5.361543779748186
1
1.0000000029412717
2.3828449368701032
5.436674499735264
1
1.000000342572138
2.6842670256432593
5.5436350102651515
1
.9999999121115637
2.741642401961992
5.630754865875352
1
.9999999751262878
2.785350373177688
5.510004723308377
1
1.000000202257387
3.050537310058012
5.5369503848824175
1
.999999934691933
3.0270080182932344
5.653815673304993
1
1.000000053158385
2.7024260515280334
5.577984168536864
1
.9999997830975259
2.5877261833849845
5.463006908141704
1
1.0000002365773444
2.5224388671736326
5.430202275051325
1
1.0000000218860394
2.5751715479822708
5.400504977798788
1
.9999997638404647
2.608777537056962
5.297825627087168
1
.99999997188694
2.5155494052304848
5.411651167707916
1
1.00000003198042
2.5260464459879115
5.384369454038162
1
.9999993491692557
2.4168534238010433
5.419559017821314
1
1.0000000463609808
2.4895859870182386
5.500723565295795
1
1.0000004295243192
2.569134496684332
5.34556433135812
1
1.0000002445531622
2.555973555923362
5.334517459774208
1
.9999995691238237
2.7711470518430676
5.342586834298543
1
1.0000011623404506
2.7115268395948933
5.406694134479774
1
.9999986617435224
2.8295880742261983
5.351154404925281
1
1.000000021021418
2.9090417117891527
5.3155892268515865
1
.9999992972887759
2.9761712744323123
5.344356236612504
1
.9999999995122544
3.129303057017699
5.6248525827866835
1
.9999999266234293
2.8316096552990597
5.592366348668465
1
.9999998567077235
3.1427020380043396
5.788780821467289
1
.9999999980790902
3.2696187535421775
5.87453547249807
1
.9999996634537212
3.25399574671114
5.739258470679215
1
1.0000001248034365
2.9399375515937822
5.789884139015102
1
1.0000000046611155
3.3322359168464515
5.833335047101445
1
1.000000005258185
3.1765628654541196
5.738510784608506
1
.9999999853046236
3.276380658370142
5.827879852420762
1
1.0000001382919086
3.565082687348756
6.050005826193047
1
1.0000000002141605
3.602745135344825
6.053063015249486
1
.9999998966660519
3.4060479321215764
5.888004789219977
1
.9999999432383757
3.5978083338291578
5.8860942489415224
1
1.0000000135681768
3.588681162176552
5.918054839923241
1
1.0000002017197736
3.4363712648123395
5.753389036886228
1
.9999991786304218
3.10088893812037
5.676884081230577
1
.9999999096728116
2.8993413943828874
5.6559105930158875
1
1.0000000332458063
2.5390602385716363
5.548404178801126
1
.9999999543442845
2.662963180497257
5.624595963648038
1
.9999999887479388
2.4254601812587966
5.64423504424824
1
1.000000005804387
3.077037874521661
5.844994703562837
1
.999999725047611
3.02155300728686
5.800765248397604
1
.9999997065412124
2.9824458678712524
5.792337565047286
1
.9999999686381678
3.049432571375516
5.8218584847109
1
.9999999958836666
3.316960527932174
5.971884375113602
1
1.000000004167629
3.2159060751605173
5.930268369031204
1
1.000000001925477
3.1612370421385725
5.898122452460568
1
.9999999574954689
3.367181658732272
5.883645958875116
1
.9999998447886131
3.261084715941804
5.9112126222105115
1
1.0000012338244302
3.456108914891217
5.961513424460814
1
1.0000000967091491
3.473221992227703
5.952332193596924
1
.9999999978588879
3.5644132521338636
5.992043619521031
1
1.0000000340284825
3.4618511314218776
5.961142482493786
1
1.0000001374089371
3.314783759463721
5.847374817236213
1
.9999999924287534
3.4725706006092727
5.967919885454672
1
.9999992499405451
3.4214816517037945
5.994339163565371
1
.9999999874361183
3.1514081407575123
5.9592517208740805
1
1.0000000007158842
3.3125339399732256
6.038911649531405
1
1.0000003939737534
3.222930710832558
5.923415086256234
1
.9999999588358192
3.3222810258895494
6.0427026330179325
1
.9999999923225148
2.970945856133289
6.00788957056497
1
1.000000005572734
2.8241849125948764
5.771305890649784
1
.9999999974982183
2.702924182546782
5.654748843839098
1
.9999999866849753
2.6225949009363214
5.510437382102171
1
.9999992457653718
2.821553383132586
5.727027963571324
1
.999999980617121
2.6150704619115754
5.572719798656453
1
1.0000000052096771
2.5974763670104406
5.515465075089553
1
.9999998692659133
2.642333096884386
5.501449370561807
1
1.0000001687563869
2.613723548211606
5.461775697752259
1
.9999998002340152
2.5280113735129004
5.446990469826661
1
1.0000004131445825
2.5753569182320417
5.445706611156757
1
1.0000011209139292
2.58834343536413
5.405703078172528
1
.9999999993621093
3.0455925104650023
5.607428428117283
1
1.0000009329756119
2.8322986939288626
5.555909677846252
1
.999999901850776
2.8007856280626786
5.558076205450346
1
1.0000000478217508
2.795723914784211
5.581787296891964
1
1.0000004247755783
2.7528030965039285
5.552816144155409
1
1.000000726265621
2.6953240724944654
5.5027486051298915
1
1.0000002336958946
2.741114555028154
5.5423946755819715
1
.9999999044384499
2.6983429014826688
5.560664014842555
1
1.000000478724508
2.684261726074614
5.365020836214872
1
.9999999296477542
2.695396668190242
5.401771421797909
1
1.0000026028252382
2.6576423459581764
5.471993055680782
1
1.0000004645387444
2.619192507372169
5.43807248141387
1
1.00000011612205
2.8417743363820867
5.502007116677882
1
1.0000000166257237
2.7058829912614355
5.615533629877972
1
.999999897492588
2.7338574369342368
5.697236850593754
1
.9999999672634298
2.731514777823082
5.696588623390032
1
.9999980257405381
2.8212932538136255
5.803346536590688
1
1.0000000925821895
2.77137226703527
5.816908017317347
1
.9999999863372646
2.952375042326018
5.98208154073915
1
.9999998824913553
3.1171292438289906
6.105899596533941
1
.999999687101331
3.243955732678208
6.151231591046232
1
.9999999866745808
3.472789482018322
6.095617758450315
1
.9999999425311559
3.58359978679053
6.131262066919543
1
.9999999102820346
3.401000875032791
5.9043441415135005
1
.9999998393224647
3.3406055314698793
6.034079320527822
1
1.0000002210074266
3.6884389006159064
6.115564554718511
1
.9999998776061269
3.3924052924272337
5.962268296960753
1
1.0000003826326056
3.331770865398985
5.916365739502607
1
.9999991734765354
3.0510392571476
5.938232559887194
1
.9999999093999767
2.9936041888343152
5.937435789521543
1
.9999999756906315
3.109183074946764
5.960905843563091
1
1.00000007063787
3.1801516987997664
5.9674875990181295
1
1.0000052017883885
3.181906271903902
5.898909693140487
1
1.0000000214816367
3.246074016698184
5.9524577510945615
1
1.000000079311709
3.2453683886327447
5.909970547839849
1
1.0000001650440875
3.4693243925571817
6.033309195455951
1
1.0000000402477662
3.5103409091927267
6.116760096607189
1
1.0000000016000177
3.669274038866814
6.251046652591787
1
1.0000000013015522
3.3424795737879527
6.042056114862794
1
1.0000000035847139
3.0273548017019
5.971253186518738
1
.9999997662762927
3.0132188637416606
6.010125421291872
1
.9999999723458101
3.124708531558152
5.889365325123045
1
1.0000000501486273
3.2459142018992315
5.768040751635178
1
1.0000000988519768
3.1972573515899874
5.716211060799526
1
1.0000012205449587
3.150980527416316
5.6948943922374555
1
.9999997935908846
3.084397577471104
5.649464523471865
1
.9999997807001466
3.2899821640526485
5.867158631744862
1
.9999995160971358
3.459330682832655
5.931893640888461
1
1.0000000016598634
3.43298523198366
6.003463474436077
1
.9999994816958446
3.454848781054502
6.098930460462636
1
.999999991726836
3.4339224908558323
6.128477240937313
1
1.0000001050485197
3.4148845790782167
6.222423354663206
1
1.0000001221332036
3.577197978945704
6.17694685013261
1
.9999999191710303
3.6910712490984694
6.20686647148784
1
1.0000000740676678
3.6068857882858736
5.975722365183067
1
.9999983370947433
3.5861366158625128
5.961100970071912
1
1.0000009875426716
3.516639326564374
5.8434972339989155
1
.9999990452269311
3.4321341277899933
5.982981379172702
1
1.0000000210980264
3.808821227352566
6.020902978992631
1
.9999994306272393
3.6945500713702026
5.968885052493319
1
1.0000002321933472
3.715293323890475
6.004114409808855
1
1.0000001233248206
3.735129412840934
5.982249366943521
1
.9999996127711095
3.824917259764266
5.994002454609799
1
.9999997216020838
3.7710601980045833
6.0388469431407845
1
.9999999944149143
3.4454034829570443
5.852552149326986
1
1.0000000452763786
3.358419447019593
5.73308721555246
1
1.0000002940129908
3.6346464566876993
5.9057888119119255
1
.9999973389760519
3.862490016166321
5.834662150012559
1
.99999464243028
3.571948844330435
5.652068898748463
1
1.0000002683623341
3.7351801794768598
5.774199866749568
1
.999999856451995
3.7167447027364444
5.629235400534118
1
.9999997993668946
3.499094176407054
5.5256276605772925
1
.9999998576242675
3.804332498385482
5.567970741359817
1
.9999967937331209
3.663219492927295
5.614759160220199
1
1.0000000228651384
3.7618033285041244
5.8096427355802405
1
.9999999346698639
3.817223336082419
5.74159106887342
1
1.0000005343143505
3.663512526833133
5.648135753672077
1
1.0000002681064906
3.695512878830299
5.75742109286098
1
1.0000002961140828
3.725314969910362
5.718287165005892
1
1.000000006584928
3.8323990703033615
5.711418523771565
1
1.0000001745818108
3.713666106420481
5.605439561892023
1
1.0000009491324406
3.6211529649139083
5.451545264083951
1
.9999997865426903
3.9414505874736405
5.645347963147305
1
1.0000001763689421
3.938705744432975
5.697000755163358
1
.9999999777734956
3.7338302050961008
5.668232525118499
1
.9999998363701008
3.8114252330261293
5.72340659816538
1
.9999990595405222
3.8899792389610375
5.7235727389261815
1
1.0000001221283052
3.690520509190943
5.589601295368172
1
.9999991028235353
3.6649128427425746
5.604482720823403
1
1.0000017594423227
3.7431773493162273
5.628508097139554
1
1.0000000285831494
3.4323944853144632
5.553595439165414
1
1.000000041020007
3.232270429233434
5.5493193389613245
1
.999999780520875
3.1659291611595544
5.406421636719401
1
1.000004236244663
3.221013708692521
5.4341226144675545
1
.9999985669675878
3.101497836125774
5.437510167416815
1
.9999992706450367
3.403141285059118
5.596468527911262
1
1.0000019845692205
3.5694782025608918
5.575476726959467
1
1.0000000002954996
3.697774003538098
5.593684594129921
1
1.0000000233155661
3.8640034096500724
5.765452322207823
1
.9999999937083321
3.785053596831421
5.6811801754066975
1
.999999405367567
3.7385212839804685
5.630214835786225
1
.99999557297937
3.8392844237875527
5.647074442537107
1
1.0000000452141726
3.9500162832768746
5.65856861840354
1
1.0000008098994817
3.890336146348043
5.596334744808744
1
1.0000009312088938
4.062444302464397
5.682648256027957
1
.9999999770627138
3.919501287242174
5.527648489028447
1
.9999986431444876
4.1255609056408895
5.644726391013597
1
1.0000001547752049
4.22211731003978
5.6802241104405935
1
.9999997778844166
4.154729637537749
5.67783698907334
1
.9999990429220695
4.2305478800707546
5.858575081392876
1
.9999994551540012
4.190764832271842
5.7489844059579385
1
.999999979144664
4.19637179293865
5.798002613803053
1
.9999996435581957
4.326294650767758
5.956693042839148
1
.9999995611446708
4.394459428702996
5.994278234741605
1
1.000000002035513
4.667187285409245
6.148655342232666
1
1.00000053074057
4.6847696884096965
6.094506475469018
1
1.0000002842849975
4.585078370604396
6.0717851401464
1
.9999999089477447
4.615379540488743
6.081557412250655
1
1.0000022083535811
4.556476961213053
5.970263798096598
1
.9999994130962603
4.6627331149790185
6.09220593177313
1
1.0000005814960458
4.670538651984959
6.109944075914331
1
.9999999948823164
4.563237232845587
6.081727758400785
1
1.0000000319507312
4.562356931005006
6.091834282061135
1
1.0000000537383393
4.714047308890044
6.203951490512218
1
.9999999868138523
4.345393963159673
6.133930946501515
1
.9999999368135679
4.349635220524562
6.2455268959319215
1
1.0000001109340475
4.459277215020987
6.436914295344665
1
1.0000000019613615
4.575553665297169
6.504453192535249
1
1.0000000003056044
4.774044335153095
6.582141348395304
1
.9999999547812451
4.777184759602781
6.672683935862111
1
.9999999968629337
4.7729301398660855
6.517104397869647
1
1.000000013522375
4.790896016480959
6.661078337646591
1
.9999999991012422
4.798160747782769
6.570406338221728
1
.9999998700036489
4.753907096434006
6.607520845475265
1
.9999998318367882
4.519919686925121
6.360487017005978
1
.9999999646434016
4.5277408700443456
6.2990891456415525
1
.9999999999023703
4.627857295978658
6.315221983856713
1
.9999999981497216
4.656505131783605
6.388607572257924
1
.9999999509439663
4.607289713951212
6.472350243718429
1
1.0000001233048603
4.657428782633632
6.515731171472686
1
.9999999929077374
4.550500065215028
6.471691048031634
1
.9999999986803173
4.862562848257592
6.425275487844401
1
.9999999506706193
4.830882331343348
6.60239074046705
1
.9999999711078449
5.169618609229941
6.785443247204779
1
1.0000000576698707
5.180356450126391
6.771002245572854
1
1.0000000069471031
5.115967387630227
6.763659336797481
1
1.000000025903387
5.149432265158556
6.736895220972338
1
.9999999295673587
5.174517006787431
6.869292554403821
1
1.0000000157776956
5.250466601835952
6.876705224645468
1
.9999999999946338
4.991472854543275
6.678720191456554
1
.9999993483696816
5.121255661113135
6.782726355020221
1
1.0000000044992903
5.110433144043455
6.778297677032944
1
.9999999957835639
5.235422100292119
6.855859012510422
1
1.000000000404754
5.067027325715581
6.830895929795488
1
.9999999753446743
5.186945493169107
6.8718295509697676
1
1.000000006280185
5.212006600313098
6.823435177327359
1
.9999999878836607
5.086623996382628
6.740253856041147
1
1.000000000494055
5.181191548794484
6.735451396359364
1
.9999998578288156
5.118803912068469
6.696175561413783
1
1.0000000026525255
5.041843077558227
6.646686719914476
1
.9999999573608507
5.167262161237116
6.7808112755216925
1
1.0000000000802471
5.076800078449927
6.785972793722355
1
.9999999720235386
5.073369395018303
6.778827770670759
1
.9999999999999917
5.129425602835786
6.813125010326339
1
1.0000000020872175
4.9806708926299565
6.7535000306226225
1
.9999999058904571
4.78241740741598
6.747104091673959
1
.9999999999977213
4.7024592976679225
6.707667084737959
1
.9999999999912204
4.651681144679749
6.711611054696838
1
1.0000000002331257
4.646117065431386
6.835417347843739
1
1.0000000081937512
4.6834088369237135
6.83794881118753
1
.9999999999994996
4.797672496925856
6.834083310598458
1
1.0000000633931314
4.900650868111192
6.853380905589834
1
1.0000000103260243
4.682283796989636
6.749207731817283
1
.9999993497267802
4.624335061318932
6.827984476820464
1
.9999995119968561
4.448669459511168
6.778615296203922
1
1.000000271092884
4.36746992588335
6.816492054621077
1
1.0000001631292186
4.470061621864532
6.798469444567638
1
.9999985376582194
4.674540466321058
6.767147336459944
1
1.000000566768948
4.90791705086632
6.849098397944103
1
1.0000000114904999
5.030394389196131
6.8614962805390896
1
1.0000000006049012
5.004324700954683
6.746932899484529
1
.9999999999901993
4.942859760209182
6.713062413673267
1
1.0000000004179532
4.848545180628408
6.7217459655967815
1
1.0000000000000002
4.769007185400428
6.69244455831066
1
1.0000000144101673
4.8179576222494545
6.645722951484518
1
.9999999959738003
4.918621845730198
6.65087276915026
1
.999999967710903
4.990594608923323
6.718569710369915
1
1.0000000000000069
4.7054870901399175
6.4628694581273365
1
1.0000000002400526
4.608052218986591
6.3556606177702
1
1.0000000000055347
4.762623233997276
6.491616397432948
1
1.0000000138806375
4.8010916132836625
6.54806730002314
1
1.0000001036708213
4.475195365503834
6.348021528252572
1
1.0000001647573435
4.370633105811477
6.213580935779019
1
1.000000084258855
4.411838461591495
6.26605050004289
1
1.0000000004336649
4.346937137074751
6.382355613659461
1
1.000000002317476
4.3366761549928174
6.320458206422533
1
.9999999999736218
4.521144317930736
6.364447779131942
1
1.0000000036689458
4.38193605133387
6.252279677733016
1
.9999999798300371
4.474760937498598
6.344666201143752
1
1.0000005366744795
4.3480977493594635
6.255780244511044
1
1.0000001185743472
4.636037688404498
6.317983386828248
1
1.0000001645764336
4.485391070768254
6.217425220942115
1
1.0000002867252522
4.539380711981297
6.286095680724511
1
.9999999783117692
4.270231936973321
6.30798803006589
1
1.0000001129272338
4.58333589319609
6.268125866078209
1
.9999999999989815
4.820450344298999
6.451151300626349
1
.9999999883897202
4.791396013521312
6.51941847392685
1
1.000000552638904
4.753582777298879
6.447015802363981
1
.9999999999606868
4.45794359977759
6.324069812718238
1
1.0000000165347505
4.3438980054781275
6.210856425330575
1
1.000000000085002
4.274526202390886
6.072430995863244
1
1.0000000229561405
4.277398202239546
6.153236206704284
1
1.0000002328514639
4.226212713844079
6.0731689549520915
1
.999999080710925
4.322862802246217
6.086422495965912
1
.9999998218977897
4.344772339410267
6.108753763255546
1
1.0000000685084847
4.200409452098504
6.044048284121206
1
.9999999931437185
4.058974403990306
5.936380690713038
1
1.000000036813491
3.9512316138357675
5.808608827310656
1
.9999999703678474
4.13619128957517
5.86989888248015
1
1.0000003682169638
3.8910910525247506
5.633958722265513
1
.999999999971837
3.8344577664307957
5.468761705274473
1
1.000000089604412
3.8087740446162366
5.436245334007372
1
1.0000001851086335
3.8850699844738603
5.549749611639019
1
1.0000002631460292
3.792129442290547
5.617140835400421
1
1.0000000082925613
3.8167641140448203
5.568211332815139
1
.9999999696425815
3.795850234353538
5.569053731551781
1
.9999999994197669
3.9855660443082668
5.733101944954548
1
.9999999984147167
3.8176255584861103
5.59456729477264
1
.9999999856128404
3.821544508733931
5.607609428528333
1
1.0000001070381412
3.942228537786755
5.704646314608816
1
1.0000000267156641
3.975880953100528
5.74291805730258
1
1.000000075852125
3.6970174275876135
5.570783913947457
1
.9999996168841374
3.5383794314698624
5.423954064881547
1
.9999997866197453
3.519379637861744
5.398571634930115
1
.9999982315039935
3.6120679632402855
5.437441257632121
1
1.0000000924237056
3.491947218119362
5.41561445281223
1
1.000000000298108
3.532146277152186
5.392330025663502
1
1.0000010350878838
3.429708316349982
5.292283262325898
1
.9999999905019853
3.4706563167816125
5.325375413459407
1
1.0000000314368644
3.3620525950214524
5.344235997499669
1
.999999194248317
3.4400904488556927
5.4199897856758215
1
.9999998222456872
3.5895158016484263
5.458039381623673
1
.9999999940595163
3.652386317555049
5.497512822269971
1
.9999947220038091
3.776339354088205
5.504664732702235
1
.9999999998393754
3.7932498642805403
5.549103817921939
1
1.0000015661940402
3.657026981042678
5.45501393035426
1
1.0000012776612095
3.4519682242682
5.450781169490924
1
1.0000000000036868
3.6555937194703483
5.473015467172607
1
.999999993280822
3.461317776100063
5.405062307112586
1
.9999998222456302
3.491877655450083
5.417366690912767
1
1.0000000630676322
3.505663614021996
5.43805227780577
1
.9999999940744445
3.6465522761009277
5.5091606984698664
1
.9999998112685978
3.5156351330799653
5.475382631815763
1
.9999999985415188
3.389245029828265
5.442254229985318
1
1.0000002523347178
3.516088574700995
5.467256509804791
1
1.0000000004585086
3.368225523216797
5.450312816443033
1
1.000000232945105
3.2220244442506205
5.445180079889177
1
.9999989397373554
3.263914526165826
5.543426429641244
1
1.0000011721477662
3.0528851722706607
5.3432381087235274
1
1.000000233481645
3.2545590802622772
5.512123934759795
1
1.000000011183101
3.5354179172774187
5.654005570231098
1
1.0000004535157965
3.582362377960227
5.699879644814037
1
.9999999818621826
3.477708404128167
5.783084287617823
1
.9999999288586887
3.231554851361214
5.5801225789214275
1
1.0000000000501872
3.335152893082291
5.63795373067669
1
1.000000000687351
3.333571101491401
5.691202592281877
1
.999999992624798
3.4028867686029094
5.782149707594326
1
.9999999231360343
3.433350547972545
5.89768041329003
1
1.0000000004917216
3.3596439466882653
5.884176790009332
1
1.0000000066023738
3.5750312428851747
5.725184476152203
1
.9999993652470904
3.316785920672298
5.701105031093533
1
.9999996702252317
3.4363973328890585
5.784573459195441
1
.9999999888441784
3.379061501912552
5.766260795871996
1
1.0000001715793045
3.5214820548643506
5.903853511333516
1
1.0000000248252627
3.501284977408203
5.81085968852349
1
1.0000005705439685
3.627935965811912
5.698290493617594
1
.9999998225092167
3.7527762332207697
5.727532688719205
1
1.0000000907334081
3.237301548685275
5.566829667180374
1
.9999999130135097
3.198116619058749
5.455325279710257
1
1.000000125068652
3.3287017790163023
5.453730356854303
1
1.000000354345413
3.4613786942124216
5.51332649240982
1
1.0000000827333484
3.102035407623195
5.328848218311621
1
.9999980305957048
3.0061086881164187
5.311054045585403
1
1.0000005851284692
3.1561660549726183
5.399917737266553
1
.9999986384621756
3.0875115535642754
5.351223978510044
1
1.000000066221731
3.432095524234635
5.490348293285649
1
1.0000009924771023
3.2755342491861756
5.352080012816443
1
.9999996632698961
3.2631691496678212
5.2738252161066175
1
1.000000023683275
3.2459717512739195
5.237249495235905
1
1.0000002600434317
3.483380869898974
5.365013523024305
1
1.0000000853697766
3.459076223140111
5.391551518528639
1
.9999994377464179
3.2144736971036854
5.290147228873959
1
1.0000004907053128
3.1185518023863086
5.168163907705069
1
.9999999908814715
2.9372755483676096
5.129813835242181
1
.9999999628893669
2.893508569215269
5.194951223077647
1
.9999999981807685
2.938079453299015
5.282856775799609
1
1.0000000987343909
2.8625298952771296
5.234608920379309
1
1.0000001304089314
2.9005423682749947
5.230023342013006
1
.9999992515007305
2.911194978524713
5.198148870723864
1
.9999996797558398
2.894618346202317
5.253748010751231
1
.9999988846445949
3.1628752097036688
5.349807316555716
1
1.000001093905688
2.8697366216315956
5.333181767433064
1
.9999998593650179
2.9003052140534287
5.396391643750637
1
1.0000001198629322
2.992732831470105
5.366827224436461
1
1.0000002004262951
2.934683009279316
5.453349374885823
1
.9999999659857369
3.0182273777648696
5.3760282981066405
1
.9999999903314956
2.806180242277076
5.180264513844479
1
.9999995579379907
2.9612888184533537
5.149790815244694
1
1.0000001409300336
3.156447205597453
5.113921806092247
1
.9999998717575587
3.1268252794055416
5.1112840948327545
1
1.0000015109870954
3.2186921914309323
5.177478354090942
1
.9999979076605005
3.278390648746917
5.192481526866188
1
1.0000001784078771
3.192160617555282
5.049553951583844
1
.99999990784763
3.111291154348652
5.2053476380910135
1
.9999984941503463
3.1514071133166435
5.2585025445751015
1
.9999999998069644
3.576633736466434
5.444895606884629
1
.9999997489176786
3.4679441408347027
5.468549008742384
1
1.0000002244573123
3.4069969598831933
5.489047769605838
1
.9999993833615082
3.439056171308061
5.6173209572011
1
.9999986519784102
3.507152815604395
5.507892447771722
1
.9999999378930252
3.5424360301215385
5.495312644880666
1
.9999979854474208
3.5983989600217434
5.494838919644959
1
1.000000844151016
3.5233901147336413
5.4223995919312555
1
.9999991271918505
3.3937271959762008
5.350635939782192
1
.9999999316229781
3.5708676214674715
5.43463025580197
1
1.0000001270377128
3.63232552711367
5.393484445145871
1
.9999997882528562
3.6075218568874803
5.419212830691876
1
1.0000016920575485
3.6446003372522537
5.324183966961738
1
.9999992311798326
3.713121242020106
5.358767063201672
1
.9999999934494453
3.656826115932825
5.347908391748828
1
1.0000009797938791
3.580285035441295
5.429431522649493
1
.9999993606251905
3.7343443695919105
5.561409384128628
1
.9999998706914045
3.99846869442746
5.635532361256739
1
1.0000001315222573
3.941027222042542
5.5858792361057725
1
.9999998028115461
3.999314577093369
5.694074614751482
1
1.0000000034404788
3.826223228643123
5.6214815939298255
1
1.000000000644526
3.706365148292756
5.591245872545251
1
1.000000000104426
3.8923957441084904
5.672189444049312
1
.9999999832651112
3.8357964750832054
5.632727727387823
1
.9999999999940428
3.8545405170949003
5.663396837461982
1
1.0000000578014627
3.7137118450126305
5.626376807814196
1
.9999999701905167
3.7145486152024536
5.713966723527442
1
1.0000001495368611
3.883162816879568
5.7186102250654836
1
1.000000296698565
3.850661383761855
5.705004214871492
1
1.0000000010259118
3.889886164440643
5.721204008627557
1
1.0000000000393428
3.8896377473951405
5.720732432221475
1
.9999998056062305
3.9416086883765216
5.827177541153458
1
.9999998850492586
3.7856376052274214
5.777764794735538
1
1.0000000253161851
3.958139099336219
5.7884994990706415
1
1.0000000000639484
3.9803287336556945
5.802416867820044
1
.9999999999965108
3.9599994244031684
5.945642726513286
1
1.000000050649007
4.01725874344968
5.852720851033079
1
.9999990754841759
3.877815516662017
5.671285473767129
1
.999999959329785
3.595152344065387
5.501513807432398
1
1.0000003518514156
3.7294435814558473
5.480363856726907
1
.999999934180411
3.553033257796721
5.550336227068946
1
.999998910258799
3.714121746945287
5.617043582277936
1
1.0000003250954834
3.4948583820920986
5.524002363220348
1
.9999999916860456
3.5779210465806988
5.54363998737077
1
1.0000000291916016
3.40149045333574
5.453500365263625
1
1.0000001309198085
3.462868053774813
5.442994181910851
1
.9999993517197902
3.4721087095175114
5.603219337510707
1
1.0000000339150992
3.5619599902914776
5.83686515297451
1
1.0000000000002265
3.4351996579597133
5.768025748105018
1
.9999999999998077
3.3883593180091984
5.7739072389678725
1
.9999999982911515
3.5300758164930173
5.768437393186816
1
1.000000121511311
3.5580354873978908
5.563465837618369
1
.9999999999945577
3.461680979633855
5.52278041341755
1
1.0000000000296556
3.3820607537330316
5.294255343923888
1
1.0000000271891307
3.4856368464873113
5.276708883888298
1
.9999999968598454
3.587384050090883
5.388176779310264
1
.9999997144904517
3.6526136174313533
5.5031484482833
1
1.000000633333363
3.6438091861238786
5.423993441847649
1
1.0000004344529694
3.5191834663687356
5.431036035424383
1
.9999999008452579
3.3208651392995
5.427428939701386
1
.9999998578361771
3.3852870641619806
5.491825843772196
1
1.0000000055313487
3.608715618423443
5.677556568922734
1
.9999999979171422
3.569868109982161
5.619324656306562
1
1.0000001033983155
3.2456526846771
5.58083995118266
1
.9999999935936197
3.171801283118547
5.622049204614641
1
.9999989581589627
3.3148985653203327
5.718487020104921
1
.9999995604989413
3.3631804999638173
5.774174259738493
1
.9999999923411387
3.3946244113294934
5.772561635017459
1
.9999999031953127
3.408460328582317
5.713965555165197
1
.9999999999656899
3.620153323862979
5.818990831014259
1
1.0000004196081742
3.445716215072007
5.5742513880594675
1
1.0000000446470216
3.426844261728548
5.538953704703231
1
1.0000005249539792
3.29181445874133
5.445880834540324
1
.999999932353367
3.2611316231040868
5.37789455273539
1
.9999999996486206
3.1712019331311834
5.418171414985176
1
.9999985008090804
3.226195958058296
5.689880492705749
1
1.000000003458717
2.785828915458344
5.424471387303906
1
1.0000024831249987
2.498588360382718
5.341147547575194
1
1.0000000543062775
2.3992999484505377
5.1629540586140585
1
1.0000000165104308
2.2913119481584703
5.179098164142468
1
.9999999469122086
2.312265763984648
5.271001364641862
1
.9999999996621702
2.3320061354653814
5.297375393335557
1
1.0000000258359443
2.743452006362559
5.496759503365142
1
.9999999966444111
2.6115635412451406
5.451595022347785
1
.99999973003791
2.62564214442703
5.462845526960251
1
1.0000006435960627
2.7426734028671
5.570506738581254
1
.9999999766904656
2.7079221370541013
5.6145543435042
1
1.0000000420866126
2.8614390826898437
5.671430148896226
1
1.0000001091345088
2.571139736560133
5.488724744927435
1
1.0000001790278783
2.694445026158591
5.46350483507651
1
1.0000003299502336
2.6450904093759147
5.517128500689744
1
1.0000000088024117
2.725218176508008
5.636942747736312
1
1.0000000408840701
2.929606523242998
5.903341617943262
1
1.0000000001491127
3.0157111424829077
5.9794435412609115
1
.9999999818429844
3.0203487082334357
5.989621866949422
1
1.000000000465507
2.9589026134556904
5.949872615866825
1
.9999999107074719
2.769423613878217
5.857637467835485
1
.9999999998389186
2.7579222099571643
5.937890889563212
1
1.0000017894270634
2.832255454991163
6.002366060091624
1
.9999999177718033
3.0008290978467262
6.006332946834822
1
1.000000202960634
2.784109528167779
5.877230529960678
1
.9999958446271481
2.7788951085734896
5.762042773041837
1
.9999999464220214
2.9492071968790388
5.948364913562284
1
1.0000001037104929
3.127102164085211
5.809275039466992
1
.9999999960142851
3.3701871544064845
5.8895028269472345
1
.9999999790835361
3.154904726903752
5.812865365049317
1
1.0000004364810313
3.227799754200266
5.912741243210036
1
.999999989606985
3.3920347284265464
5.989784076164973
1
.9999997984453496
3.6514891972685075
6.031488381844963
1
1.0000000002067844
3.8146619028697915
6.112942116356641
1
.9999999999969309
3.678115412088244
6.017626980361738
1
.9999999644377413
3.514920911426912
6.072853268640685
1
.9999999854585901
3.2901438037692796
5.962651651650663
1
1.000000002279733
2.9774470767827412
5.722978058532036
1
.9999999951191979
2.9526617207813426
5.747648723114761
1
.99999999990497
2.9535025652955187
5.694047973271208
1
.9999999920058714
3.0895868796978467
5.758217631268274
1
1.0000000005720613
2.8018096846141027
5.819976616268885
1
.9999999999889804
2.6772838065899385
5.764310435289754
1
1.0000000116145442
2.965356616215319
5.878570010639891
1
1.0000000801918922
2.8184934418067096
5.837615004105608
1
.9999999998401189
2.8018891906614845
5.85900506805491
1
.9999999838570455
2.672411785636478
5.717773769852103
1
1.000000000079627
2.3764967626967777
5.5994592921569675
1
.999999999952629
2.4192075414800276
5.6602514512485795
1
1.000000161145059
2.7047382620506966
5.691971243690753
1
.9999999897695426
2.387696178998771
5.564049255330675
1
1.000000000467077
2.5460683331850635
5.66392511456855
1
.9999999687759069
2.7383664517095663
5.707874131693406
1
.9999999984378144
2.998521251384034
5.84077930120325
1
.9999999809968814
3.099099384831555
6.0429420085463565
1
.9999999161328748
3.012913204847869
5.8617057572547315
1
.9999999999979665
3.0489047098372457
5.890703470456623
1
1.0000000003203586
3.041930126641233
5.957419717457433
1
1.0000000043468733
3.162405969425658
5.996099935447934
1
1.0000001763730488
3.4766164756339006
6.093006821636273
1
.9999997952238049
3.300296443185419
5.939069210108909
1
1.0000000000306624
3.2617966595599
6.025236031800626
1
.9999999998451861
3.4679290475540134
6.064938352248664
1
.9999991338553305
3.8455556833840903
6.129054710501789
1
1.000000002904756
3.7407866663356115
6.070902051653447
1
.999999977440673
3.673464970896627
6.1810379652342515
