1
1.9057851445901315
1.8759089972979281
1.6588864964745214
1
2.1664208745942393
2.126770284260332
1.8277242560898286
1
2.3499060379889665
2.3033263221739926
1.9286392959352496
1
2.427723336713605
2.382553356983656
2.0341267266112597
1
3.4839038858523694
3.4279009466075476
2.967256500863437
1
2.649557135333261
2.6262235626493005
2.4776785160458212
1
2.7683310046616048
2.7430754977850467
2.611612140271307
1
2.6591154103490626
2.6342934546014227
2.5222279339190745
1
1.9911824642301323
1.9806104833099079
1.901176986919948
1
2.1461821125974514
2.1324294169528604
2.0438549862149116
1
1.9488998504460169
1.9381392508726065
1.8534544527359302
1
1.7529117458577463
1.743814822040456
1.696163785458505
1
1.8509337990759678
1.8371258383744506
1.7415785252640164
1
2.0408230636860214
2.016216244006938
1.8133818143991067
1
2.1594831103945262
2.1130052621136772
1.7511798850503637
1
2.2194879101717704
2.17780348438989
1.8321833392443136
1
1.9466806733049768
1.9087147371144402
1.6862537836352824
1
1.1611244761629465
1.1254718855653307
1.0166427077355225
1
1.1791636369314638
1.1059075721647096
1.0067090037625408
1
1.2646380703863063
1.04091407218225
1.0033018121836401
1
1.3278292054629117
1.1362735342444008
1.009062720029312
1
1.31291330022902
1.2230839934217692
1.0415109511937752
1
1.2891840885550025
1.2317216971282996
1.1198853677637757
1
1.277499271495526
1.2013572345070904
1.0748408777927265
1
1.3681390465757348
1.2981621508244272
1.2167819778234175
1
1.2965971238586544
1.2575120874229457
1.2143887053007707
1
1.2635358378687962
1.237870970145863
1.1933290496571052
1
1.3152587668160935
1.2942209796638418
1.2473541766654062
1
1.2988499126291906
1.2916251431107246
1.246886024136239
1
1.39102666976668
1.3802678315232582
1.3233707275327906
1
1.297879526996755
1.2878847589314024
1.2337160950944337
1
1.2521463039295304
1.2498303563007909
1.229977124963515
1
1.2057094892781568
1.2038426166307041
1.1876670821268327
1
1.384541518849501
1.3805811051658408
1.3484339270273848
1
1.3657324119389112
1.3624196458590636
1.3438241535525557
1
1.509654458801999
1.4958305994668584
1.377267241536899
1
1.8291501551032796
1.8007030818077818
1.582876258860529
1
1.9958783032180059
1.9459689434549285
1.6080570245233297
1
1.7750207598056524
1.71069579043905
1.3656677418159915
1
2.3153865734430084
2.1517498615845767
1.3496244325286457
1
1.8757789905096915
1.8380420499899837
1.589332018945437
1
1.969761458215723
1.7327912792726532
1.0358187442735938
1
1.8033040458711236
1.6422528474992362
1.0518919357512049
1
1.7871819746549866
1.6179601135863428
1.1717535231157097
1
1.8903006258840425
1.7533735968485624
1.172823022654482
1
1.9847922223794978
1.8177840893792032
1.0948855374582689
1
2.217776984918833
2.0746143796094967
1.1494828560721988
1
2.320478638183286
2.22854802913292
1.5091418068732454
1
2.540920227156344
2.5057630200083314
1.5693493052608567
1
2.5577810276991597
2.443798892013677
1.5485948959685478
1
2.6576146221192842
2.549982898144955
1.591330112467579
1
2.479822714002513
2.399310131779374
1.6657979974902548
1
2.3662293389733975
2.2971676771845817
1.6554555982956534
1
2.209782309060363
2.1676211728776997
1.8086622424923962
1
2.2963463972888905
2.2434245960842754
1.7767888770613764
1
1.771238762786235
1.7466010919222767
1.4990093774668576
1
1.5738700991930183
1.5559489541861604
1.3921015086617614
1
1.791557528622573
1.7652684864399337
1.5229347923155925
1
2.1110765538073775
2.073077323481398
1.7416929511891355
1
2.035431344486982
2.00412762366344
1.6880837094769678
1
1.8132250722222214
1.7899663155687089
1.5048863445563545
1
2.0586899584276592
1.9969974096558356
1.4986819960241236
1
1.9749529784429185
1.8873999229047809
1.4184917282004377
1
2.5875330883535947
2.4644549936647446
1.4995674457592172
1
3.2514112103040302
3.151353599158909
1.8603451396165511
1
3.10157714766782
2.9934483483934105
1.6403317423157942
1
3.8690677363860684
3.7246091794389433
1.471079764599403
1
4.210088752431522
4.040489311376162
1.490304911061675
1
3.5848491096258277
3.418771845293014
1.5903572888305464
1
4.256905384866595
4.03932219036978
1.5600314724176207
1
3.3743693758130613
3.2195527443359224
1.5713033589794518
1
3.671331025832291
3.4347427384351037
1.293490617080242
1
3.7593071399275484
3.497467887187031
1.1195421120452744
1
3.9830528061057375
3.701397043721001
1.0728781377424135
1
4.350011178863003
3.974397939734775
1.057318173677305
1
4.553838092270203
4.234775488724243
1.043281108960106
1
4.025586749418248
3.701839344337679
1.0386155086467606
1
3.6476428042557276
3.3726066788599223
1.0293764059633261
1
3.3674043888197294
3.0511912055252854
1.033393200848841
1
3.0491573125851024
2.873914476757794
1.0840671018028893
1
2.6397302294583556
2.492222245498814
1.0642472954205207
1
3.435474073076958
3.2905535971072366
1.3469224569827334
1
3.6296308012860217
3.4934406549058106
1.603623594527405
1
2.684703900425709
2.5217773927387355
1.053200718249095
1
2.125069030051099
1.9954007475118318
1.0403691351485078
1
1.531009523182125
1.485755167660392
1.109305105926574
1
1.3736720137296528
1.319507685029824
1.041634244430507
1
1.2942597657549708
1.26214096014017
1.0897804115714047
1
1.342461260799029
1.314398168885392
1.1560080422481047
1
1.3337589364261766
1.3046791319162974
1.1582513913781862
1
1.3443224654443318
1.3260560682933136
1.2222160648931035
1
1.2397744201801246
1.2278174511337068
1.1430451389890008
1
1.1832454318650083
1.1738925267874307
1.113087171106785
1
1.3133850800959612
1.2939927279373187
1.17244171809923
1
1.4973476434860518
1.460264845665794
1.2033823228208034
1
1.429819876915063
1.4105843978198893
1.2164879533945319
1
1.384718238377039
1.3712737470023224
1.1882856277612523
1
1.5781622273135933
1.5424904468138865
1.2151912888869998
1
1.7667334603494944
1.703453095327503
1.1832086193533424
1
2.0806814582162705
1.982434315882967
1.1356772474115302
1
1.699005351630349
1.65320178533252
1.28313126427852
1
1.9111990226683775
1.8203968127553045
1.2364446418806012
1
2.1997556817019714
2.09657390966652
1.2768169249684178
1
2.235708519997607
2.079056641153121
1.0530274392980747
1
2.3377015798119176
2.242620426416022
1.4150782414621383
1
2.7383724486283594
2.613158804617027
1.5297491147715034
1
2.840674059328159
2.659642815008212
1.1116103309738496
1
3.0392015681220457
2.7970708845941146
1.0633982312838206
1
2.8480179693702734
2.53590036133286
1.0271725241500622
1
2.8235269747055987
2.480506840519217
1.0292813743003006
1
2.668963625386545
2.4966835554383224
1.0849640869247776
1
3.1172590297799796
2.87485504567098
1.0665707583882469
1
2.986917171963329
2.53646126955582
1.0478603271221922
1
2.9067480889214554
1.721049925306118
1.0179635268710192
1
3.1609789062014544
2.8481380087188426
1.0656640295520243
1
3.1627763675581395
2.8662568836494087
1.094176707682241
1
3.022801517219872
2.769428911729221
1.0808289984035564
1
3.127379523065666
2.8684295965387214
1.0831424531183753
1
2.8258408891908395
2.579890773708348
1.0566766491517419
1
3.0821239203475845
2.7506664777856344
1.033920861304742
1
3.3108435581617215
3.0623539796017716
1.0669344198109887
1
3.229279957643788
3.0337391617276386
1.1763270508986836
1
3.0562157481474017
2.934061175581464
1.7990666336659613
1
3.722250508614886
3.5455441891170203
1.4566114773657455
1
4.960315194173377
4.629888462004816
1.9167115858832657
1
4.9731378189588575
4.6726496372191555
2.145060989781473
1
4.72430819821062
4.368879478774407
1.354251012598648
1
4.624839162606331
4.271222098773775
1.2475036983663625
1
4.506010569783275
4.235660312963389
1.9206961188336171
1
4.519709380806865
4.199832974098166
1.2110253904866484
1
4.853740943229926
4.494067862736874
1.9508990648594846
1
4.302612324999866
4.086134643741904
1.6641911860197258
1
5.217942398787385
4.928180958684016
2.7156281054629536
1
6.5771737576799065
6.192586001151862
2.7146288446222133
1
6.325418336259096
5.911868849315526
2.4690436946771923
1
4.5137495738795135
4.274808784960824
2.031485939503171
1
4.363471558513442
4.162991169115766
1.9052380726738656
1
3.9736988460155906
3.809532975645994
2.7847238502431124
1
3.302693999520786
3.192056394894062
2.486558729303123
1
3.217907551866027
3.1448255829408587
2.7116174805074076
1
2.769306875366047
2.7119242666831065
2.4142884708245553
1
2.814776198253317
2.701039774289609
1.4352700036324597
1
2.3578527308345074
2.259864283030925
1.158682235129831
1
2.137653020675584
2.071566355518632
1.4245140534503835
1
1.8712783071631671
1.821012607228892
1.3652338550333905
1
1.9190091099756725
1.8409268526862552
1.4008699897616455
1
1.6560114398193004
1.6167037968901163
1.292542745599196
1
1.9442596508226828
1.8971949112865476
1.4822470928494058
1
2.098603807535601
2.0525217520124586
1.5835532196601643
1
1.756448352673323
1.736621936716631
1.577982033025989
1
1.5819886021119354
1.5616886610990603
1.4161735405826554
1
1.716402824827234
1.6862454449098043
1.4447647480925747
1
1.9479537914852911
1.8924728942793037
1.230526903746455
1
1.6733170534373085
1.6553049647748426
1.4754359902399872
1
1.9837871740704944
1.9225264135887397
1.3915894357004017
1
2.083469010348968
2.017744163346195
1.4403539588590186
1
2.04394713911546
1.9910635509882149
1.4846075027934962
1
1.6804080609360406
1.6441732952412662
1.3908057021842486
1
1.9475597943548892
1.8782458322225395
1.4044789071431782
1
1.935491742312096
1.875618226960427
1.424923739321269
1
3.2561591658953364
3.0466248445240955
1.8106575200693797
1
3.6638725900356244
3.439328541673109
1.9139330569269761
1
2.436894216218965
2.2959303538801996
1.806999616229478
1
1.9946086863452506
1.8908929148605333
1.6419407639863068
1
2.1430511933164005
2.0191789718810838
1.6915269891954081
1
1.9324671531554374
1.8487302467025897
1.5921752522136863
1
1.6791159945977452
1.5968764026539175
1.4267224348048848
1
1.6324394799342232
1.595183168709589
1.498823760227642
1
2.5999617109514825
2.501556146238217
2.1726040475172637
1
3.760213612130849
3.6486031413862836
3.134359670290791
1
4.061169575420204
3.960743098967787
3.330125355970628
1
5.374093722182338
5.251307987539612
4.527441374917489
1
6.477147538821358
6.277739284958474
4.843023014912346
1
6.057541553670944
5.822971162430282
3.961167407126414
1
4.828676858446244
4.701991805688181
3.7184437400816743
1
4.85068510265861
4.678877965183534
3.248514065051852
1
7.546334444024833
7.162429096366452
5.0788505428225275
1
3.309044769484762
3.1627590360282984
2.689725235831789
1
4.3630957368647545
3.9837199083411865
2.9552015504510902
1
3.9211366819706677
3.650642176949059
3.081145892353721
1
6.20749043036198
5.325562530166349
3.052116179430677
1
8.295042497280704
6.9128947935797225
3.7208642466165567
.9522787082614464
11.42357464091228
9.267920704965334
1.8282890486479235
1
10.477196372058808
9.27504644654438
4.142500228643433
1
6.449676984293891
1.235137510922061
1.0270453008152984
1
7.4697038458198
2.407441716114231
1.0309041831436163
.8648136952808605
7.471661406303075
1.1015719897436804
.886101620819542
1
6.794614902634365
1.1779923129812722
1.018107123925333
.8939136747517896
5.672047128215631
1.0064908225288234
.9047466735973779
1
4.470504752631313
1.1451861015412323
1.0044340445751245
1
9.308754476871416
8.71979138732746
6.4813470454074915
1
10.439748160911272
9.814190269098502
7.591779765788693
1
9.978326905722001
9.176209343546553
4.902809940486752
1
11.138541420370343
10.031983983332594
4.1993028942619395
1
6.115362561035948
5.577287072961837
3.480524898845041
1
5.070031511186736
4.828940045989131
3.9686888396891806
1
4.4655734626055645
4.125885912072979
3.1791934920948335
1
4.267073856757825
3.995833363608777
3.35722774256248
1
6.17788530672445
5.363389546794016
3.383780429889006
1
7.510914238934876
5.832491301319879
1.4858543274707565
1
5.924159358809626
4.905602412320854
2.0150002421915376
1
4.600633460439342
4.04841398208712
2.273795306892654
1
4.828037703621937
3.6645853285274543
1.1518159146610363
1
4.101387936565959
3.512538466110512
1.5706772925111392
1
4.2950059674707095
3.772950707490584
2.2696286970156607
1
4.031117109812178
3.6068807594313297
2.2369758954786763
1
4.128074517133942
3.6169958612365516
1.938470184880683
1
4.512432107273592
3.6640939105496027
1.2209438550786134
1
4.26761996351876
3.6832339556374993
1.3964030909764618
1
3.6554994405245345
3.075009916268101
1.2252003394866688
1
4.432227068575699
3.47063014828385
1.1190754779920413
1
5.037681827353802
4.172972505719834
1.7813005817230163
1
3.943828191285232
3.545685052053646
2.399698261492846
1
3.6519836930323435
3.4742350487029943
2.8081138754115957
1
3.339048976642486
3.2112410425399807
2.7654993240874552
1
4.095618376031649
3.9567700915079773
3.4288676383064365
1
4.762483559187781
4.625618598346688
4.169257639325919
1
4.813476029823602
4.636889536247925
4.0131166786102455
1
4.051875513779088
3.9517380127100576
3.681029504551342
1
3.5591386313077895
3.475215702354512
3.2739465871143354
1
3.397768128664242
3.3232097872362227
3.143522699210182
1
3.139861307776424
3.09400953236603
3.0247922389852717
1
2.839119798272529
2.8022040776583768
2.732495921358206
1
3.6747115246812503
3.6504272677426934
3.560321296208324
1
4.2310941348134055
4.1663321478463615
4.041389350025246
1
3.4983822600917125
3.4241539953390285
3.318841188020172
1
2.8150304921465583
2.7618364833473636
2.6712693265638014
1
2.8611082305340334
2.8236186255384217
2.7422274243919014
1
2.5853859480088666
2.5508930362993265
2.477374111204496
1
2.426391597317865
2.399207492167317
2.3458824379978354
1
1.7348838070849657
1.7213283354492734
1.6890138201203522
1
1.603348235400111
1.5973023640690958
1.5821908542569132
1
1.4660564027453467
1.4608542898915813
1.4431396611532934
1
1.636584253715978
1.6282632658930347
1.6007238621892326
1
1.5542545960664873
1.5487972200601545
1.5298716541079878
1
1.5139711062175276
1.5083239226161496
1.4891115098804355
1
1.2915727068953682
1.2882880064325413
1.2729464222518179
1
1.3448238013189031
1.3415466146101653
1.326555012720566
1
1.6184026871315165
1.6149335407918186
1.6054131493562627
1
1.6200160180288046
1.6162329568942797
1.6070826024689762
1
1.4784403953300207
1.4740429939898412
1.4622720054470901
1
1.4625545011187473
1.4578488078813192
1.4344805482802947
1
1.4901755011218367
1.4849794930015394
1.4654874204107229
1
1.5068544251056328
1.4993748075164794
1.4266029740475563
1
1.4000431719484103
1.3933705501382776
1.3302544027932441
1
1.566039365326203
1.5559442527460112
1.4774243576113066
1
1.4742495587815918
1.467656237447592
1.4295134405268464
1
1.3680382452282738
1.3638255114867357
1.3231083349273811
1
1.444435762021973
1.4371501260541324
1.3992661514247178
1
1.3452002208342504
1.3398039758606293
1.2971466501719562
1
1.4057018657477307
1.4001100319344895
1.3734382187807015
1
1.4218267449990958
1.4162676744153215
1.3954085581492235
1
1.4421722230408602
1.4366699758963015
1.388924859309934
1
1.2676979044271288
1.265799152319093
1.245087258687489
1
1.2040897164245452
1.2024805504922373
1.185917831734398
1
1.1823296975585698
1.1796220015046197
1.1249172557700065
1
1.2020994773798812
1.1993706692194008
1.1492636930453806
1
1.2079987057975181
1.204975473114175
1.1533862372605677
1
1.1647652337395846
1.161929637260399
1.096072087729409
1
1.1176013912962814
1.115506844564029
1.0626383318730048
1
1.1122631261505376
1.1100708455847996
1.07144346701208
1
1.0782216738052084
1.0764896062207057
1.0521597862997165
1
1.108392800987089
1.1070230292393177
1.0898444096317965
1
1.1384717457817788
1.136306794014703
1.123139564123047
1
1.0808350860530673
1.079897201361519
1.0702629631204128
1
1.098310966089757
1.0971836659729037
1.084197147595932
1
1.1098530799808508
1.1086824775606121
1.0960440347883376
1
1.0949492055517331
1.0940691419279605
1.0809162896498927
1
1.1194040402219982
1.1177861796799589
1.0979020578944279
1
1.1030736653122089
1.1012825593509477
1.0830969759613718
1
1.120382248210057
1.1187572233694825
1.1025268735891456
1
1.110974774161474
1.1094256528171054
1.0904821112832428
1
1.145770113181698
1.1433071212796504
1.1231684046626735
1
1.1154507471324997
1.1142160676569717
1.1018706714300601
1
1.0616132888153744
1.0611816867190011
1.0580122161966075
1
1.0325813457731332
1.0324205753277476
1.0310487526970846
1
1.0320341261382349
1.0318821690429927
1.0305787631982888
1
1.0260181873003338
1.0258630131626076
1.0241202467940074
1
1.015592624581946
1.0154866944633603
1.014177130392511
1
1.007569111980496
1.0075236654798934
1.006972681134273
1
1.0108858133203829
1.0108149072928831
1.0099782355187774
1
1.0131571367247472
1.0130478105189598
1.0118579109363723
1
1.0125284208340033
1.0124499243536056
1.0118811677168527
1
1.0145751100022111
1.014486648887465
1.0136517454527922
1
1.0139468031811976
1.0138340898643459
1.012055484536256
1
1.0127574805065758
1.0126870257760792
1.0121204161877353
1
1.0132529530928884
1.0131627121821265
1.0122036508128192
1
1.0094276908733084
1.0093790375686311
1.0089733477483946
1
1.0075598982748908
1.0075242038864662
1.007250707451705
1
1.0148976865261026
1.0148355286120774
1.0145137405183926
1
1.0159780940725953
1.0159249367785024
1.0156618238388064
1
1.0159683894404299
1.0158899513984072
1.0154608287636464
1
1.0243390874022493
1.0241599993180086
1.0231578526162486
1
1.0321709022892047
1.0319982634446285
1.0310369321689312
1
1.0649939409378844
1.064507652973007
1.0614180931072983
1
1.0862543722494562
1.0855433648167263
1.0800888912791387
1
1.0657195749093187
1.0651685532806037
1.0621035700645167
1
1.0713275965861617
1.0704633720514205
1.0652449942989224
1
1.0668984124676795
1.0659687416436212
1.058724245767038
1
1.1122524021288962
1.1108960523588303
1.1014605459020481
1
1.0985007125354092
1.096754099022494
1.0881739609936398
1
1.0890236863618745
1.0876588098538948
1.0799217535413534
1
1.0979176614413437
1.0959344908870026
1.084192000353548
1
1.086846030960999
1.0852676868905116
1.0755445376646564
1
1.14959899952063
1.1464077527351642
1.1277318206045104
1
1.0786460098541841
1.0774616895852134
1.0701233583338334
1
1.100432498947702
1.097760509002021
1.0811815568393817
1
1.0906572891873978
1.0878241225369447
1.0707808636683174
1
1.1246814610743279
1.121543050792962
1.0955720567805742
1
1.1253478815572218
1.122334362739294
1.0955699254394442
1
1.1093123293671359
1.1072420373301137
1.0854125550442917
1
1.1628701345699994
1.1598542482043817
1.1257181144550317
1
1.089707017295082
1.0878380486025332
1.0700116332165925
1
1.1144013164262052
1.111276245250715
1.0847986595947112
1
1.0731629049115334
1.0716606009312923
1.0574883809902615
1
1.0938554073642903
1.0919801248771464
1.0719923972879333
1
1.1074172755665679
1.1055293233471377
1.0852662249433842
1
1.109921846407178
1.1079725715960669
1.088998584377336
1
1.1302208617706118
1.1277212928712987
1.1081506088140847
1
1.0822685906367426
1.0808205056321107
1.0666490969648852
1
1.076483973533542
1.0753468873896033
1.0650044365044158
1
1.118583233379373
1.1150887196419836
1.085759384032652
1
1.175514880212995
1.1714660711487026
1.1366014321622038
1
1.4193517603426324
1.404000666354136
1.305955285126804
1
1.521741185311924
1.5010414242474215
1.3863169930659072
1
1.604043732945173
1.5774901731986544
1.4288606276405242
1
1.8903789295360538
1.8483856674388341
1.6561966958753855
1
2.8140444204129222
2.6495029297175434
2.098000475524025
1
3.246013224163146
2.9966183189968985
1.97955265475178
1
3.5485170765082454
3.1813152993443143
1.7025723556719183
1
4.712582634387721
3.6659632089582197
1.315325111269033
1
5.0858983058236555
3.399806576621192
1.3410197908935257
1
5.563494091481246
4.084273740707418
1.3846471391994657
1
5.330411841170168
4.04316232346153
1.3555013506494478
1
3.556348113811738
2.8217344028028384
1.202596402897907
1
3.8295330568064867
3.099110622620796
1.2536767836056837
.9764291993692559
5.3007084359026875
3.9732159335044024
1.3928133325012402
.8889532054493865
5.580357655272266
4.236526783014031
1.4929382477715665
1
5.38359022700988
4.800645329299152
3.11562735910049
1
4.718155703672648
4.230956077359514
3.285626111230016
1
4.118261925270321
3.7546979754714407
2.733847375671138
1
3.8312891155399487
3.5761263710154187
2.7575367977951446
1
4.072223907378955
3.8324908045524126
3.0111272256290613
1
4.580841157810686
4.280364884169996
3.5629392373110047
1
5.599965724395839
5.10830907135486
4.106804156359761
1
4.380665910388061
4.076783449114805
3.333386520722058
1
4.004292832603651
3.681379085486377
2.792058507901581
1
3.22571232942866
3.0535967604425562
2.583923402825256
1
2.5436246457919434
2.437281319458636
2.1691554200334076
1
3.028373541803765
2.9222134658249783
2.635046541448098
1
2.7546140057587003
2.6748135971053864
2.477130896383291
1
3.0037907244641286
2.911902285244611
2.693995440766185
1
2.921653976234805
2.825081244230243
2.545012127853396
1
2.891083184616591
2.8161947554513116
2.5939008861586683
1
2.377467393917749
2.340566549939722
2.2369431819211156
1
2.4709309338527436
2.4301055542875933
2.296777332359829
1
2.1685053955374824
2.1342461841866274
1.9871749427701455
1
2.772343113785734
2.6762312402672754
2.3589096562435254
1
1.85641141912577
1.8216243576651607
1.6999483372346078
1
2.063532726559192
2.024866813729554
1.8826386420473114
1
2.03386826756637
1.9991357358004331
1.8530755073568725
1
2.055083556590428
2.0281280309526695
1.9127266117378925
1
2.759301289499677
2.693428133853256
2.3694392411074863
1
1.9604758827245699
1.9360273070726635
1.7775494015368187
1
2.021807740305287
1.9878948229104745
1.7928194159839799
1
2.227545756630079
2.1804741325413803
1.8581224207108107
1
2.1981985803442092
2.1600046557223385
1.8887631889406027
1
2.9075517158765405
2.8916008021159736
2.478646455683446
1
1.801003306198994
1.7883147472022112
1.704934886706316
1
2.1804527004410916
2.146589643223481
1.8656164639814907
1
1.872051927516492
1.7767791593416582
1.4523316368576547
1
1.788928469893509
1.739310919386124
1.441297189878894
1
1.6776101423171337
1.6292538444666842
1.3996940126231403
1
1.565869493107384
1.5262773637680196
1.3653738720930682
1
1.8102157289729928
1.757397937611298
1.3814171728018838
1
1.7368154011899484
1.6621843505045588
1.2574556815145057
1
1.633665160988283
1.5793700467820748
1.224709567448902
1
1.6623451779423015
1.5767140630500835
1.1258627253748925
1
1.7133459313825286
1.5888586220258007
1.1282126416552885
1
1.435181170400981
1.3464432346969823
1.040010186829591
1
1.4853878439778119
1.3830537268908991
1.0318641465044627
1
1.4568113403810694
1.4091655083528867
1.0859210022679342
1
1.27312029820887
1.2315291811798343
1.0325747160153704
1
1.3492530762560158
1.2914320873372147
1.046759385580656
1
1.4543486315750778
1.3975964332350277
1.06467208696685
1
1.7252981005021797
1.5616727519790459
1.0488677264568556
1
1.469388884971698
1.4119738840766547
1.0651626071537168
1
1.4056492974114874
1.3385054286964482
1.0436757070622198
1
1.5132171488266304
1.4835988754378167
1.2093277651376098
1
1.6121260409703086
1.5774732805387859
1.244782491681882
1
1.3432840454933161
1.3300818457637102
1.2388310812282193
1
1.4439028832660197
1.421976217828485
1.2309265718112183
1
1.3352259719867525
1.3177552520308098
1.1502306964447782
1
1.4049174900503958
1.365510826877327
1.073183922082671
1
1.2795528525325974
1.2627908547227515
1.131208550761464
1
1.1967719803435992
1.1836034828653574
1.0821877023816606
1
1.216558462609856
1.2073966583419833
1.1328344921955913
1
1.2177383424450832
1.2040203540003953
1.0924731918477755
1
1.4732808164335374
1.4476750109837369
1.2153295728611566
1
1.5571436312271398
1.532542338562405
1.3093210378605573
1
1.6186262558254267
1.5923210822087128
1.2903290566684302
1
1.5077601523394821
1.4852854790791463
1.2185156495663572
1
1.7109718144576371
1.677197638879075
1.2454908678484906
1
1.7526725499575673
1.7130749234915061
1.227666637235946
1
1.8701402205675952
1.8395884917864953
1.4928146446007957
1
1.7027289021961725
1.6836760184320736
1.4816856803657745
1
1.5473769493210645
1.5363670493002815
1.4428774220951934
1
1.3920151424584168
1.3861177650393828
1.3445025462655875
1
1.4754958035835561
1.4669284779655674
1.363730735298024
1
1.5095188818085024
1.5007337891553514
1.4260670567733986
1
1.3978649876511973
1.3888699165692349
1.3069819911042753
1
1.3669458923430668
1.3576186679471947
1.2867966256658363
1
1.3511990470843953
1.3407153929465299
1.2435896542316454
1
1.1729749811278043
1.1689429822939563
1.128616340644878
1
1.2110045039745083
1.205850319956059
1.164682933955897
1
1.184315962651526
1.180153859496898
1.1504214352395472
1
1.1719827186500629
1.168633481998405
1.1514831141297013
1
1.2705838934099067
1.2649982949535983
1.2400328699413452
1
1.2324419048698751
1.2264322336398679
1.1950778861708233
1
1.4070214698513737
1.3971590649910857
1.343967256365809
1
1.2980370286751814
1.2907450271275454
1.254694418882858
1
1.2102777942572234
1.2059703736477263
1.1823702578366297
1
1.2366133464816305
1.2307457228921426
1.1938596047373897
1
1.2316773135958001
1.2267619454979224
1.1883181275054147
1
1.302645972797946
1.2956299550704973
1.2404364890099808
1
1.4683108893141863
1.451451399571861
1.352114214632527
1
1.3550672877239216
1.3413454732752583
1.252265786055841
1
1.453116069172962
1.4294593382808987
1.267597179262739
1
1.437774265314075
1.413963349753518
1.2497020801899414
1
1.446559765992967
1.4324541003443354
1.3425056293529702
1
1.7235710675755533
1.7035646299810954
1.6078198047182477
1
1.5540673316372706
1.5372819582168065
1.432571916770087
1
1.8035395219251027
1.7719331015190476
1.608457786602363
1
1.8123406746242041
1.7825504166723591
1.6303758000443522
1
1.4622572772063795
1.4467205633398108
1.353450388643767
1
1.357583189131822
1.3478919658881268
1.2795160287067024
1
1.367068375339754
1.3559393292086943
1.2704502916819354
1
1.317104816346922
1.3082589213620166
1.248289238057189
1
1.288649770886864
1.2822200159817654
1.2425491214447044
1
1.2283059724578544
1.2229392547149436
1.191136500988123
1
1.2426265115983337
1.2380619669353303
1.206118096385792
1
1.2822572801438568
1.2770665349870514
1.2501433998809628
1
1.3846737678930054
1.3754676438005904
1.3218475323095817
1
1.2815584051501838
1.276701962128279
1.2518317701456712
1
1.2943312427441724
1.2892680843662827
1.264783356298239
1
1.245876763702015
1.2413124660969777
1.2186109603040132
1
1.4621627993065063
1.4524170543412902
1.4095697782173422
1
1.3077584730929759
1.302680520892552
1.2804056630740697
1
1.4248644495139904
1.4169102793143622
1.387003803037518
1
1.5371306525091635
1.5250832789286006
1.4786818455584176
1
1.3276965408279986
1.3222990485433896
1.2994633829523934
1
1.4917412471218536
1.4842483970675855
1.454531498453344
1
1.6857711999969862
1.6716707253775933
1.614419347700993
1
1.9314157860059684
1.8900303270267658
1.6719942727971486
1
1.79196202764888
1.7606140680974105
1.6200932719575853
1
1.7268723709907425
1.7052518574339515
1.6170374693314578
1
1.8068328691450746
1.7871613319448738
1.7199089415509892
1
1.83684086217289
1.8173904399727094
1.7454445370467255
1
1.8904021710651189
1.8660605543898952
1.7828207211774654
1
2.097427271998074
2.0653332232879733
1.9673365791767734
1
1.9109832958074786
1.889931864832968
1.818503298769013
1
1.8765914299175595
1.8563836266837281
1.788791319373857
1
2.269301570298471
2.231991288412553
2.1141892310254327
1
2.354771587381253
2.3078801750788456
2.1007589652461163
1
2.2651426091902587
2.220894553694837
1.8966066210992063
1
2.2472891022916834
2.2141814916543705
1.9326636274571853
1
1.8954848411051013
1.8796568344668467
1.7398811763329378
1
2.030874570506588
2.0096367775628394
1.8325029534704425
1
2.0389493119917756
2.0195900630798187
1.9126102114460666
1
2.6177261422313394
2.581026283522831
2.4657922389921922
1
2.4638060868046066
2.429543048980613
2.277061261110467
1
2.5915407244498
2.54720455907824
2.3475317908732336
1
2.6393374421462252
2.6049510787805215
2.4366134253709655
1
2.4842724743012163
2.4421254263035244
2.1738804590247
1
2.32747180822362
2.292572458623415
2.075542907157572
1
2.7685088944898264
2.716776125054727
2.3980506898997995
1
2.671571460599908
2.6142136350313394
2.1846092578163288
1
2.2106259482014887
2.18164534458589
1.9648140151698794
1
2.1732647157651566
2.1450897097559882
1.9417060749306938
1
2.23455178926374
2.1973966407372045
1.7832511700385005
1
1.9034856863344396
1.8854970351729117
1.732654542384724
1
1.8008615415307236
1.7827182227697844
1.623361965427678
1
1.613389722942717
1.6033939686747989
1.500504001232875
1
1.6525046085324713
1.6427925275002222
1.5431536694061287
1
1.5221348635646805
1.5150097131682931
1.4642798276814506
1
1.5137015809886005
1.5058794581950945
1.4310650355443317
1
1.3145372926308039
1.310833451516073
1.2870239487349249
1
1.3520081759118316
1.347310126265086
1.3166109756722064
1
1.3428159173443717
1.3386433379281109
1.3210951976994603
1
1.3290756452664139
1.3245536636153028
1.3042908742903108
1
1.3336792935913746
1.329182194488275
1.3118020496057512
1
1.2033485390450307
1.201127501048826
1.1900667605584039
1
1.243031402325199
1.2399695970533224
1.2150184942585291
1
1.2765223280863673
1.2733446893064573
1.2516828563880469
1
1.3467227331477716
1.3422556081357175
1.2915917949387323
1
1.3242179620902985
1.3200102347403648
1.2461429598770295
1
1.6076078199814197
1.5992910051591163
1.4786285286958178
1
1.6266468378597274
1.6160599610899749
1.3916851082678907
1
2.047048226641691
2.026187295288554
1.6694375353389244
1
1.5149603913799092
1.506255594944967
1.3515648108791254
1
1.2516208256920256
1.2478280649964912
1.1806993069236689
1
1.4109137274784544
1.405614190091753
1.3029575235050255
1
1.5425311728308453
1.532698467100211
1.414171145399595
1
1.7007639113393074
1.6862103953439687
1.5537655202330596
1
1.5907589690254103
1.5779094451573905
1.4189918581274708
1
1.9676628257465139
1.9402531620205388
1.6971944894009743
1
1.924573871593399
1.8992028913450747
1.6818377585525355
1
2.169534754967185
2.1376479460964743
1.839013761833572
1
2.4187052848759207
2.3857515191530263
2.12588612978039
1
2.357939991945138
2.324666777598907
2.1034756227210227
1
2.516079794254583
2.469583487746465
2.184423187998081
1
2.277255231172593
2.252231452234917
2.0953248044680084
1
1.8328608490565803
1.8143245003016657
1.6856303593469277
1
1.427571203745069
1.4202732044354198
1.3604729330692704
1
1.4169729736826724
1.409914887658305
1.3488260546160113
1
1.4517612972981886
1.4463110410603959
1.4023269121351978
1
1.2325416724918776
1.228501328294829
1.2091103059072161
1
1.1914698984796694
1.1880526108285099
1.1716432457414907
1
1.1446691623596776
1.142736936414298
1.1313802339404542
1
1.098151930488051
1.0969449221722158
1.0881196732240108
1
1.148949852112367
1.1468509944414313
1.1306779599946593
1
1.1172500449123801
1.1151129917318965
1.1005367190193696
1
1.1371296125788914
1.1341457861018545
1.1231210375659542
1
1.1294055286474072
1.1268163368482733
1.1135055134208596
1
1.1369281071434971
1.1340880859188076
1.1218184107459763
1
1.2538687197998737
1.24902980068695
1.2242918926817319
1
1.5869952179061455
1.5725087869870158
1.5173780391548979
1
1.7327966639866283
1.71565822297283
1.6482843883858138
1
2.1145856464072326
2.0739474943088556
1.9774757503042992
1
1.9455640214678656
1.9084938775403666
1.773395458757636
1
1.5878156320060153
1.5705717721506924
1.495204378766867
1
1.2988353138718556
1.29302501343084
1.260688138671632
1
1.432545545316727
1.425491241412528
1.3951762240451477
1
1.4783385808680327
1.4680002023449323
1.4141760098179574
1
1.551093290463793
1.5365249453271974
1.4502101486109003
1
1.3614311366644587
1.3454904385419355
1.272676264416788
1
1.3516002174462851
1.3414150552747737
1.2748140828128107
1
1.2252584468668577
1.2183976922160853
1.1770623422525983
1
1.2253195810553787
1.219064588085775
1.1768641955136048
1
1.2414284641914002
1.2337545091735476
1.1888801586282678
1
1.4279243743893213
1.415748664789329
1.3158939569569157
1
1.753389913402033
1.6116995410231794
1.1242688491039905
1
2.078790656368965
1.8391249824460087
1.077590935025621
1
1.752863779260701
1.5333259108143786
1.048334834070845
1
1.925681941895645
1.6967938801934421
1.0638686116232532
1
1.7304167587131047
1.5409427649822645
1.0613889827517893
1
2.3252015591581383
2.075117160239802
1.112408671046545
1
2.3952057630750128
1.9765331127787107
1.0939360524414932
1
2.0082123921622634
1.7201937401902767
1.086158249498848
1
2.1127060591114697
1.9928969700768693
1.264282533996157
1
2.392272476323046
2.1310211500033382
1.1149753169558687
1
2.784318625489546
2.6030753571383793
1.164811767279346
1
3.419365330163035
3.1472764029281874
1.2794000430820647
1
3.781494923592181
3.4210437844807906
1.1320256259505408
1
3.3515792974647876
3.302650697923391
3.1146295418503387
1
2.5457974846124305
2.5098704489238455
2.4125462066192704
1
3.9664425142548456
3.8700105780203753
3.3754656362098903
1
2.9976706484714457
2.9256798147850946
2.575764437108954
1
3.07299246270845
2.9938934882765977
2.4644512201079807
1
3.029150110686993
3.000030591286805
2.4071614603160105
1
3.3881363205162818
3.2779824188369946
2.9640095188246467
1
4.047477949955409
3.878185891796711
3.232909389798024
1
3.132759886680629
3.0440417496478953
2.715602848986542
1
2.896750267274996
2.854808793235811
2.5765506420566426
1
2.7092287859351214
2.655078162222817
2.4256421554653063
1
3.8497668162781755
3.6665098508199847
2.842926032606828
1
3.76055093772585
3.6507621000787056
3.0476384798733203
1
2.9912437661889935
2.9210026819894876
2.616392792367009
1
3.134372251376842
2.994616144615431
2.5444475479756377
1
3.3468408108531205
3.2375184893848896
2.7664352030749204
1
3.1833595322379487
3.0239467610914894
2.676464753323579
1
3.2506226207003266
3.129124558648673
2.747099195000604
1
4.065988568510435
3.8426243165949097
3.1376285747639447
1
4.052379209386224
3.8919065869008524
3.4815743390451077
1
3.1482041453110288
3.0961798296351764
2.8420177809418807
1
3.535905064010486
3.394646991999993
3.059921915259353
1
2.871706896525603
2.7668141298936355
2.5212629164970597
1
2.92690726614571
2.8430252957123234
2.5612738261829104
1
3.16421786097833
3.0835392998264792
2.7543268510360575
1
3.0494881814336035
2.9410817075990745
2.605863422124689
1
3.389376056712013
3.2354484491623325
2.640029782701843
1
4.694581281641207
4.409954858241711
3.5099833831416944
1
4.39867207637514
3.7051400603403564
1.9831275348282749
1
4.078414695421475
3.7792284310142787
2.573387138445316
1
3.8719866218096786
3.599124091640332
1.9488431906416417
1
4.499098371199101
4.146321109695871
2.3837312611329597
1
4.310310874513145
3.82028240753553
2.0190978646275703
1
3.717889611489397
3.3378462925795964
2.4838244304300616
1
3.4781996428632724
3.1400391205371534
2.525008294771405
1
3.0678046720892826
2.7120195011007846
2.013650149909623
1
3.138059111298463
2.6932212958197943
1.6377938677680641
1
3.1597560787283623
2.7496741905499076
1.8914014736125313
1
3.8338625948076315
3.32963383359008
2.1962741358440048
1
2.8675872400130205
2.699289733502465
2.2223898278214937
1
3.4110378782657933
3.1201995390453123
2.3712426646787583
1
2.9354311038031136
2.7559945190218578
2.3073301017337258
1
2.238581976963054
2.1761229384904612
1.9639967138770589
1
2.460755558657113
2.3485939798601994
2.0297366117406273
1
2.6190418255169052
2.438994229334604
1.9662166800772998
1
2.645342500463385
2.4218276773882197
1.7673273275439545
1
2.8291308646223
2.5665188236563825
1.8726953179556276
1
2.3744923959187783
2.2228387369730203
1.7742596070587084
1
2.5760225824608654
2.4193365343337443
1.9787968095184632
1
2.901958215556258
2.7278527225041347
2.2998114008272954
1
2.3805521983208955
2.2864226828160565
2.0163771660223615
1
2.2225964084056367
2.146846746910277
1.8527858899787624
1
2.3190016095059804
2.2880679829024992
2.0813963314083894
1
2.951611763975134
2.787312812954215
2.2196082759466096
1
3.186484948398238
2.942984876995734
2.259415826036032
1
3.1040703408647587
2.876575070342454
2.1452137675892993
1
3.061369931222621
2.840405531052511
2.037487746489959
1
2.4802546871321445
2.4225652338297365
2.101979356464144
1
2.47048545143917
2.4027526477852
2.069936312254208
1
2.38888870682553
2.3013899323000055
1.9025307766625623
1
2.2409326951930972
2.167504649965275
1.8283152299094647
1
2.3008205077650596
2.2543577275015094
1.9948319538586416
1
1.8466990882738656
1.8059581292391076
1.6938165129637213
1
1.8240832737394368
1.8059710414732186
1.6985521662791903
1
1.7892498856978778
1.765389260089956
1.662012112505398
1
1.904192901903224
1.867977361346632
1.7003086683073505
1
1.9851327990433827
1.9386558667883094
1.7211142691653467
1
1.8948332512321278
1.8673111810932166
1.7064706450360954
1
1.603745769363798
1.596147526773121
1.5306083575087468
1
1.7792576064579404
1.7657078685460106
1.6691233589346945
1
1.9062229317534436
1.884423596477344
1.7619960599723405
1
1.845622572606009
1.821024954541561
1.692586550547771
1
1.9771042972613462
1.9681577156254866
1.8313774645696121
1
1.589021551303811
1.579958538166304
1.5300884519319675
1
1.4005402798748114
1.396822357977225
1.3702477775142154
1
1.6019374934975341
1.5955585695833943
1.5483420432110688
1
1.596242340723268
1.5908811320118414
1.5511917588948043
1
1.841714615704859
1.8344413115028162
1.7722448463176468
1
1.750252158926931
1.7379160636860758
1.6954209361853065
1
1.5198511599970912
1.5158173424788897
1.4846761607061325
1
1.6640186492537472
1.6578701685069073
1.6057831507762144
1
1.486746178910574
1.4839433278141727
1.4605534850653152
1
1.3101395497858113
1.3087329912967074
1.2978715990681158
1
1.375912688579082
1.3737753401833421
1.3553560582265631
1
1.2072569669403976
1.2061879664613249
1.1959305354947232
1
1.4862233647412058
1.482831354479206
1.4508421347411744
1
1.4485899967972584
1.4456415368953708
1.4149136653749113
1
1.6125987038297156
1.6062413022846593
1.5135405128768316
1
1.6240681949226405
1.6151591118033324
1.4950436817969728
1
1.3943023712489844
1.3913257696251988
1.3591848644971043
1
1.4554045985538455
1.45066711597272
1.3763184398853996
1
1.5102893430752353
1.505428867509232
1.4342606438672352
1
1.3338020735902318
1.3309813281004843
1.2912506506247232
1
1.3007075079918504
1.2984867732352574
1.2636243854808433
1
1.258207935937716
1.2560361970800331
1.213273057776076
1
1.2751072595573165
1.2735217875604574
1.2459555205157755
1
1.217346288554352
1.2161222606713376
1.1959334682752896
1
1.2502480624796657
1.2485547655932638
1.2221613541657836
1
1.3350224182228696
1.3310998566726853
1.2641402117066016
1
1.1909418034309196
1.1894551690877941
1.158445076515116
1
1.2971908016345686
1.2949093819579558
1.2567727536690432
1
1.2039753339697894
1.202876811935645
1.1846000714017797
1
1.2960307662609576
1.2939123903247691
1.2575675867368357
1
1.4500095188510154
1.4443392361275478
1.3467658380798027
1
1.3692347253286545
1.3632446205519773
1.2802561632142317
1
1.3706151242481748
1.363734180845499
1.261465038183486
1
1.359286298307294
1.3516399053391557
1.2682815878127478
1
1.357476727797679
1.3442237574828284
1.257057279918653
1
1.4149621285247593
1.4052828500283145
1.300498554484469
1
1.41662466612662
1.4047058498044467
1.2997925688074055
1
1.2872602942697777
1.284018323972965
1.2371180255958873
1
1.3753195626266774
1.3684044863843086
1.2906080940592213
1
1.4679575574797101
1.4429941212308384
1.3001224645985732
1
1.470868268445679
1.4617763578816014
1.364894393972571
1
1.3934134771256041
1.3839687115114445
1.260934892225054
1
1.271213531791612
1.268802390549208
1.22956978880301
1
1.3101765353073862
1.3080789122539167
1.2792344129980637
1
1.3414625029827132
1.333937465495894
1.276219023989681
1
1.1829676322541465
1.182028008028231
1.1703495187667203
1
1.2246431492931396
1.2232846613922572
1.2057648388662046
1
1.1915324602648476
1.1902354234064094
1.1749983454053943
1
1.2018686349018295
1.200827713273972
1.1892494567926966
1
1.1636896250714641
1.1628635865588286
1.1532958500653974
1
1.1816627396689612
1.1805548142480922
1.1667601653168238
1
1.198981740240825
1.196916669370808
1.1763117578463047
1
1.1979575424539508
1.1964176077734192
1.179449983523748
1
1.2169510596975641
1.2150021425115691
1.1980097498600784
1
1.2621546723917718
1.2601178026973012
1.2353689906554797
1
1.2497147618226896
1.247177120662737
1.220755294871406
1
1.624126240111294
1.6106924129435893
1.490128727627451
1
1.3933626023700725
1.3889945801304124
1.3279883833921324
1
1.5748598374329164
1.565981486006409
1.4620424312954114
1
1.7146071940118468
1.705677182808731
1.5884648437798168
1
1.7278202994861356
1.7117740718642607
1.5525840907759925
1
1.3913442169424988
1.3870749113353693
1.3360684464376742
1
1.3111150163081222
1.3089084913335007
1.2838051490886746
1
1.3783585263675633
1.374970199203153
1.3382093580595278
1
1.309058188845593
1.3063014325704656
1.2770778170194217
1
1.4420424111293155
1.434140125756235
1.3736903849627706
1
1.1825594892335738
1.18120101588524
1.1693821426915976
1
1.232347667672011
1.230095724545783
1.2079286158686608
1
1.23988192740415
1.2370649142173538
1.204677463931718
1
1.1786001155081396
1.1751903859507844
1.1417360009287096
1
1.22878453402189
1.225392988537105
1.1851815667298629
1
1.3366792435682842
1.3287642142274698
1.261946641553495
1
1.1572930453722463
1.158591292046316
1.1355394234045733
1
1.2225194234158114
1.2159966141564742
1.1705554283616757
1
1.1755824658700182
1.170605123890172
1.1355604239347648
1
1.2399847360290497
1.2340861356792991
1.2077848695667057
1
1.302780509530146
1.2985979610884373
1.232316236448337
1
1.337710408790119
1.3287619066192324
1.2296353613985382
1
1.290361349258153
1.2813317319343405
1.19654957722498
1
1.3290587841548023
1.3141395081055653
1.2044082591613496
1
1.3446982845754256
1.3137708785434525
1.1851459266550821
1
1.6213926277359862
1.5329720789688301
1.326454190274408
1
1.5583262335976416
1.5378942462840008
1.232081003163395
1
1.604130635713912
1.460783793492387
1.2017648330370876
1
1.7249190670108259
1.5810003173032614
1.2873675057908505
1
1.9721343413614132
1.862772966524782
1.4584862328262085
1
1.8120147411173912
1.5348567019582295
1.1348924410206422
1
1.6358262720559855
1.4194666547184422
1.1628697188556252
1
1.574171714105044
1.465692274250251
1.2450733975136477
1
1.4585795473277539
1.4190475406635426
1.276188616445064
1
1.4992248051840293
1.4631840027793956
1.2904958396657038
1
1.3560732287039565
1.3286583935548502
1.1966517200179199
1
1.416621727181058
1.3697119550761316
1.2063443629251736
1
1.394037646042624
1.3414448445322469
1.1621430489633964
1
1.398241600603852
1.0806435083254207
1.0096854164568432
1
1.3426910754902073
1.0669899769028142
1.0069647771841292
1
1.2260609572545353
1.024712644999867
1.0040827639928156
1
1.3545285919558028
1.0548035509482583
1.0063827550965003
1
1.2984124512706625
1.0532117355105874
1.0058828357270597
1
1.390938191671743
1.1623227733131332
1.0089922950601495
1
1.4233513893421867
1.2132271292638865
1.0119652520565308
1
1.5135703388653945
1.3007120869543087
1.0152347316941728
1
1.3891211132445485
1.2392780880292684
1.0232136335031492
1
1.5191337405004184
1.3344477282873517
1.0158002963318924
1
1.7145773441743406
1.4581117935108168
1.0251033640519887
1
1.7065077494446668
1.3989104534144567
1.0177952416469336
1
1.7655780682169728
1.525381059815102
1.0420786416514183
1
1.4920472094874964
1.362231907063587
1.0395080957372476
1
2.722477286157161
2.034986867310015
1.144582306953004
1
2.477774865418299
2.0328223178902856
1.1048778269541317
1
2.699148585986541
1.811330679458314
1.094387049512415
1
1.3820607045732696
1.22276430580502
1.0099062413140074
1
2.687804479459912
1.5530911479060217
1.06252265854906
1
2.9233041286543013
1.6011760622349789
1.042864410948268
1
2.638580039300002
1.5247596095822065
1.0392319620432118
1
2.223200947945645
1.2420914882590202
1.0218537854022023
1
2.7464900545925475
1.952693732990459
1.0768494029871123
1
3.208024397983651
2.4348494303996637
1.1390425704015914
1
3.578680452232474
2.7374932806783328
1.1009077963933809
1
3.0683381892426866
2.510797314984243
1.098213933798398
1
3.8963306404171543
2.915071209823324
1.1558873598801722
1
3.018978674666745
2.0267177632992373
1.0998561382704177
1
3.0067410483061683
1.8740471276697162
1.1165984592468106
1
2.9295931806706723
1.618948439405128
1.0470675025837242
1
2.9935932590384375
1.5021624590671934
1.1002600263186795
1
3.291872165857877
1.7698589925987245
1.0869227731406133
1
2.696643701057136
1.632664635703576
1.124807221891106
1
2.199451182243492
1.4157023867545298
1.04898402477891
1
3.022015789089008
1.7673752185389073
1.0588658455657254
1
2.775944928326097
1.4596796207151685
1.0418177533644049
1
2.809271589175958
1.464676887161333
1.0387124493818454
1
2.5768204675269084
1.5812834680434749
1.0429682929603317
1
2.34818985785044
1.7615967387801708
1.0516778121509458
1
2.469886920700991
1.5349470207738853
1.0477049951543718
1
2.0655106200274704
1.2845240559694169
1.029932436033018
1
2.4472623892353305
1.60145285285362
1.089753484107884
1
2.442321646800031
1.4827077831326112
1.0662369834893952
1
2.588393945793363
1.7359952676061865
1.106359366826115
1
2.5577713062932395
1.9538913606111714
1.1183808923158887
1
2.7619297107789205
1.9657279730740664
1.1028488988731788
1
2.8210989976213483
1.9624247098739909
1.0705506873464
1
2.7069245015074217
1.9340824218735813
1.1179419701762543
1
2.469211552511749
1.4417194644074984
1.0658989544618493
1
2.4231487558730995
1.5729920593216604
1.0814865410073442
1
2.389930541631257
1.5346015510662419
1.1132099836228062
1
2.35743207422432
1.44534598572482
1.101422977537226
1
2.248189672927024
1.410275028504045
1.0780294787893847
1
2.278077059024053
1.4539857296402499
1.0488228692542134
1
2.6063869932181474
1.2240777308871018
1.0391535262783165
1
3.0839609984515493
1.6256928134730684
1.0748781544843693
1
2.4135343474666358
1.5166829646349065
1.1047842870193327
1
2.2460623550276204
1.698208479848273
1.0990073428597493
1
2.37738914526414
1.372459016596334
1.086106384364149
1
2.1581412986726884
1.2430485915197904
1.048628023873407
1
1.9926470326421752
1.125093554084707
1.0266899870031725
1
2.0509532130034973
1.377174166026328
1.0434674691862578
1
2.013637235078841
1.324980961093286
1.040984327230571
1
1.9465651508824002
1.2829152556042502
1.0420992281186736
1
2.0885932313682707
1.61187578283938
1.0622433484100726
1
1.993690314777946
1.4542892875990878
1.0558318886985119
1
2.234689548305968
1.7024687341027738
1.0614758435963059
1
1.6982896450068787
1.1077170910959244
1.020789176656827
1
2.249209597817528
1.269878293247154
1.0411889026278305
1
2.3607200921722185
1.1925268517920804
1.0365921978326744
1
2.3521615517664154
1.3412620735788658
1.03873054130975
1
2.3502296682937462
1.7745739248726293
1.058574770893344
1
2.5561960201557943
2.0152939311595013
1.073227452670551
1
2.73031653348411
2.2608558428555066
1.098327037887494
1
2.583856387314629
2.0559537392712706
1.128342169469716
1
2.6572636985658353
2.310985576014125
1.1598056814448168
1
2.38378783366544
1.9660982584819926
1.089150401035968
1
2.3792510502167152
1.895133077954076
1.0750740121135136
1
2.3564410967254386
1.8204826787374693
1.060157426298677
1
2.530360058843318
1.7932866597512034
1.1368313403407586
1
2.159147624749548
1.8212892933598126
1.072402445703653
1
2.0745033093353737
1.763502694414547
1.0829142179058058
1
2.0272830234703663
1.7466126206379444
1.0812512548385722
1
1.8570032829470258
1.6706244765563876
1.0899481815936163
1
1.982140263933069
1.6801698947486166
1.061485799457516
1
1.8338421301144419
1.6099739841414833
1.0629441940553523
1
1.9056957249222777
1.7681133748030011
1.111888203363652
1
1.9902011493618943
1.8379858462642598
1.1561516970352137
1
1.983564167997015
1.8083639352051795
1.22403246640244
1
1.9086128273014507
1.7579160776259923
1.2334951735101702
1
1.9659499989465263
1.6426985499047977
1.0484206588133291
1
2.266316934929839
1.3830756098306554
1.0174984948592602
1
2.2150893647301593
1.7677011234643953
1.0284364231864975
1
2.6543594062733624
1.6515490987304406
1.0266044975417108
1
3.0713339733867437
1.2463491489015586
1.0233113932590545
1
2.6172306121582603
1.1298744190523202
1.0133583767643037
1
2.3418651754996658
1.0952877706288098
1.013425581405197
1
2.106898958637741
1.1003041824249913
1.0170826719305663
1
2.3850820570506346
1.225598509907125
1.0216019889778467
1
2.455267597651804
1.5321897644365141
1.012787394146575
1
2.3244924498488078
1.1740884245222192
1.0057048110565139
1
2.4647832760831005
1.690638558733696
1.1198099689476126
1
2.3537825571927127
1.996474126995123
1.079339208039577
1
2.081595030080277
1.9332794334129395
1.1293144127579582
1
2.138811401560927
1.913103636275256
1.083618935427721
1
1.9869237492116807
1.8722273660992037
1.1871788751827448
1
1.9265088097047955
1.8233482227475348
1.2855337525130162
