1
12.18754843815659
6.421128183474195
1.4854838310833587
1
9.871326799917805
5.190621460232148
1.4256738239823574
1
11.57267370741283
5.7707210288688655
1.4503104556347701
1
11.291484894449114
6.1428150113154825
1.432749879824485
1
8.790304208636107
7.144182215455871
2.2997068222797874
1
7.004052824182083
6.327602668770453
3.8381163114161456
1
6.225696329917344
5.699544003498099
3.5118334365476174
1
3.009377723662802
3.055658429598783
2.7780821307647643
1
5.395335030896784
4.966681257788752
3.247627574063388
1
2.0922258161344423
2.096546324728151
1.9155563291945206
1
2.1688079007957186
2.1708498962203615
1.9653969611767836
1
5.213995390964481
4.684921581580566
3.0844664881670587
1
6.802412512279627
5.7030093775919175
2.7929582922248826
1
7.705664077752079
5.62993923111569
1.9986848945557358
1
8.911234933277168
4.603605225675901
1.4798111045761624
1
10.17505466577744
5.79174742818787
1.7848297094106944
1
10.802839066116693
5.403906580940748
1.657871014240125
.06540530876391597
.12540290372652269
.0665685506042433
.06548977391013205
.03435327900109859
.06421954420756952
.0344856173855628
.03437590371889349
.02576481325669841
.040608784489832066
.025795673152661684
.02577177319364688
.033723936090780164
.06073346619388611
.0338522346376597
.03375358422634095
.048783568818453846
.110226335783881
.05081940597430849
.04893748134343623
.08153743756789864
.16570960117398256
.10172357770325705
.08211701983161125
.09799575004466322
.18319547013658158
.11049513380961647
.09839278122773637
.2871864595928376
.618493725579984
.4924406771470725
.33672427145855666
.3089829677545173
.6934770641070642
.6014046096310662
.4305323895066607
.36579610613831604
.751321606343342
.6962452829476741
.5357009495708689
.6670088799080868
1.3579189861688652
1.3395441376595558
1.0935106264190446
.7913173124614225
1.7332844537026948
1.7959961659882149
1.5724926163423758
.6709252542122189
1.8527941342722203
1.9470888595288713
1.6309022858650126
.6793930710921932
1.7709234840000765
1.8341352271591376
1.4695904497005308
1
10.416713920126803
7.7596359299858495
3.192070137055099
1
8.66508288844018
6.305342986358207
2.695777298896607
1
11.103257046995111
8.196357285509892
3.005736468055792
1
9.000784231987437
7.496511056231123
3.691924795913429
.33092629126708883
.5862463115851496
.5679785979268795
.45280740678707193
.24242713337395294
.44982560788062304
.4247457546016472
.30472694222603736
.2671718581465457
.4729628460318929
.4260722258770933
.2764120142095123
.171134468795814
.30127697323681535
.2389789225408506
.1724022752671333
.22631070526218072
.42050204347540393
.28282345750227267
.22738787535791027
.5852754650002375
1.1759663334542796
1.0161571239007385
.6387479438704311
.14603102128163725
.2559877554063286
.14909271873669783
.1463815098216321
.10705609366296134
.2050822992729351
.11219174354445793
.10753841918272125
.15123644650679477
.29104603205301527
.1889413267411347
.15257282352200022
.22272109423793587
.4593382054249341
.27570027035542716
.22447345051293635
.2260147272350509
.4165520543531872
.24514622554024004
.22736369890237634
.20943851718499445
.30409535959815825
.22812589656836962
.2097710444507028
.2488331550037983
.31093800888651113
.28960358105348094
.24903251161588544
.3324145585758451
.39960445054715793
.380925374778867
.3328193073584352
.3258144912161762
.39828251252508934
.37349375825501974
.3261466956829143
.2727306526571949
.3461652197379922
.319638801523117
.27310257209967487
.32067466472946193
.39693789484793957
.36758491309343966
.32059275566546785
.28649052028387695
.38510623726775606
.3430999720602529
.28696599885635604
.5048703451090093
.6511557193033252
.6266543146230568
.551454945113765
.40216372131880673
.7456957026094323
.6859730807660682
.5124886568884228
.4110536790720256
.8642393814222954
.7925978733280579
.593679600493684
.3896737456513919
.9936195454892507
.8906876274069788
.5321124696068137
.45824919215824145
.9741453138415296
.8979937808956994
.6591804204301829
.5813120888395742
.8687563748810039
.8222235970224423
.7261120181282469
.5279566067283417
1.0178490521027839
.9404363109396762
.7681274727048507
.46175899448616786
.7869980773247942
.7177985048898775
.5992505067938118
.1838660472629151
.3986075786010566
.30768722605391896
.20748670134559144
.09224628187448516
.18597389979311177
.1395012831423708
.10125448438730852
.10115010394705529
.23808439038247556
.1515479162339669
.10175075625141101
.1736163391760332
.4466274302587292
.2893691776230989
.1747072323373942
.19159921778499475
.4401617603549721
.28586811344999824
.19248221679987737
.14675258545250983
.25375942902682724
.18174060840311673
.14684417247086862
.2945289543976978
.4038091103563209
.3382691492246246
.2944473171039627
.20352590826175257
.3443552899473594
.2504946729334627
.20395351224515304
.19910607080779824
.35240966916777594
.24864842617112284
.19961815293371185
.2046625656723708
.4674970869806908
.28528581220122184
.20570432157989568
.18972407108800343
.3829469889917016
.21491354910961497
.1900973132206049
.16515710291977734
.3066120285331531
.1750654172593847
.16533629793436164
.19751012299714102
.4263164213656418
.20144238867733552
.19774227568099884
.21952961946017507
.426747974233004
.2218289436093742
.21967493892889553
.1725627538493907
.47685055427803935
.17416766779653514
.17268057651453284
.1568629322414743
.3356797452150764
.1576404746358552
.15692371181030745
.1445792431347819
.239097529373101
.14489351772221293
.14459463390238378
.1660567381252708
.2606666996087155
.16636585355210629
.16605501928586355
.26649686185909854
.38874528474370923
.2691976122037544
.2665352360299943
.20226709919289954
.2867634790447613
.20359894315761287
.20226378119647878
.2765843743639629
.35616928433845063
.2902617017888386
.2764064560418789
.4139724125730144
.49008280961186157
.4396682394636182
.41350401703499
.18962810218356713
.25546142692121854
.18983197831509444
.1895922411864443
.18728048283770055
.253970457401402
.18755211002149555
.18725377157869633
.27783001664671203
.37262005503266915
.28954348506342
.2777106193475226
.27094641711988443
.34839270163693103
.2716421916217835
.27076134372140487
.2513879059437644
.3429941675440001
.2653488219108379
.2512495182621871
.41156281124974864
.47982162006612783
.4436157147873446
.41095700391173057
.4391525107603347
.48534203098421186
.4557268927845094
.43696705782559153
.8304630694062726
1.3410126342282664
1.2189371611255926
.934032044631888
.7217421646725711
.7252385806802227
.7443911456327794
.755826099265661
.7359878016279562
.8741635620653295
.8541451045642774
.8592292505880958
.8072472290689378
2.694978100960217
1.4512695228413475
.9302917569522035
.580401349613205
1.4431860162457972
1.1216520152633591
.6228099431120228
.5685743359698843
3.6464290571233007
1.4492150859280848
.6168465876448953
.6537822030606889
3.8476788693767845
1.6804349839113215
.6941748155566398
.6019326307709277
1.1633767925146716
1.0098223988749475
.6278563375468823
.49552097895839364
.8094000311216171
.7043211268251183
.5059876841927204
.535577278004478
1.0837835698153944
.8142144952458343
.5498675537781859
.6069050836554677
1.512496563758636
1.1977495378141574
.6362076048643134
.7652862519150155
.9830328571497609
1.0027011230210257
.7928679293874868
.8043382950536644
1.0036861971258095
1.063815461426473
.8324028033197386
.6442541266938404
.921815555080084
.8404038105912266
.655587848370608
.6667145871487492
1.2832231342513398
1.1716603798042515
.6916658596350689
.6923132757132606
1.005785066074759
.9417963554131249
.746300617659403
.7360232767330207
1.244745677898419
1.007081667582366
.7597890789331492
.8035884007815581
2.591880376117065
1.1934987523171958
.8233501476626046
.5535248231137947
1.1979477217921637
.7672255638554422
.5610685356790709
.5631247298432414
1.1885300605168572
.7741324618765937
.5722644321371712
.6300270493122184
1.3643102223337409
.9453217118001397
.6498022725087502
.5655919006391738
1.1586285848680111
.8357005670779977
.5824048961054743
.5478362094000664
.8585222430160515
.7049276389887514
.5617968241378235
.43938220795517524
1.0716090555256659
.5328956765700573
.4422104463735882
.594059409721825
.9483075521466773
.7682146614137636
.6145008454014702
.7938459740691295
1.7522210788166834
1.1986703201394888
.8285626083021462
.6247627133001694
.98310326455584
.8677312405764335
.6494001693921876
.581362225036226
.9615791169757535
.8544866910941527
.6159597183423455
.6756531159923581
.97447697140641
.8564422763086995
.6964284632266962
.49953860291683533
.9028020438465413
.696835914461906
.5106861800626042
.5220990668790206
1.2904458643907508
.9140407978037344
.541109338294997
.6102896619299211
1.2805487786697716
1.107560495122749
.6578980014828059
.7774530232358691
1.400227973681006
1.436927937031196
.8772654634032444
.8727885031207632
1.394150006590217
1.4406625553402792
.9304393231038838
1
3.425611860830272
1.913447115990972
1.118482816019454
1
2.227743978056291
2.0004422924246894
1.210547703022407
.9578471932007172
2.990667098568903
1.9760823280150128
1.1146504908990453
1
5.909921024666869
1.7309910343979602
1.1822495854700983
1
6.315383757672596
2.1998153954774478
1.1741651759213227
1
6.614869429087161
1.723936890331298
1.1042740436100047
1
6.246066613871925
2.3420154904376416
1.1723239178446998
1
3.4869727574911935
2.3798672796469926
1.1016215296645275
1
4.550236782915748
3.110317873972494
1.223034110559045
1
7.0327294602615655
3.2882721328580824
1.153967508785657
1
8.448973763604844
3.0100114274750456
1.1624579287008638
.8977742665904294
2.178718025477316
2.0717073690926755
1.058525328918106
.9865563857902312
3.8509085434497923
2.2564977929570147
1.1426346681952109
1
8.396462870836414
3.3696204324782832
1.2584712502288888
1
6.382445810251857
3.2325527854134135
1.2258826492346915
1
8.89971241199975
4.2593535778839655
1.3474922568366081
1
6.909138853975227
3.9839263101510713
1.2863876838991049
.29107216821421383
.40277678585860616
.31799849219833587
.2906157705990161
.18006725604452936
.2619045739770275
.1839763144024209
.1798272885809294
.14447011895335127
.23959525639714163
.16308941886764242
.1442911623376394
.08593127652545128
.14594413680569332
.09774929712543995
.08575502119482929
.08112265545826605
.1622800503884854
.10032100191102004
.08106933541509193
.0701720803494054
.17079767244863558
.09088134653476113
.07017378207627782
.1688231702536449
.3434942175998254
.22673136598511115
.16886492594418476
.19212180438050555
.46955631102240397
.29837321346814183
.19237507766901396
.32033458905534357
.7586318155932791
.6699766954393965
.3264547089807802
.437973195454625
1.0591525042202685
.8279963981678139
.4434158873754465
.43405674284448653
.9139872100170303
.6714378338835484
.436202481088573
.3613656197572658
.8001482333138642
.4340466580622371
.3618432139960275
.4153974117590771
1.1136492467610306
.8306482467167201
.4235656406077861
.5918735455710303
1.178016208455232
.7794126994502796
.5937760920512857
.5413719056071205
1.4667834030004538
.7728110358667384
.5604648067131652
.5995430867066821
1.5974058023444162
.8511211187861661
.6154952904348368
.6728242255026067
2.0152780322831525
.9937692540851176
.6962937937699958
.6780618508047048
2.4351416947591082
1.1042829333466697
.715082958710648
.6353023088379134
2.0542309567394663
1.0470062299508576
.6800507469964449
.7912621913375998
2.1938927851182526
1.4469902314697614
.9397371500387001
.7931632543792039
2.4147078411134246
1.4517992126110209
1.0148469612310103
1
3.0093815848421297
1.927857851972305
1.2125141177696857
1
2.245726689945751
1.704310783989423
1.1797691056264825
1
3.8637849245655755
2.2412388902747864
1.2766518592780334
1
2.1386183022177363
1.7085977990134378
1.2006099794114495
1
2.806843093998421
1.9762067073479503
1.214165591463737
1
6.77028477624091
3.1396481744978133
1.4280178530366543
1
5.203865526525175
3.1010857313861133
1.4661687655137474
1
4.786149078254409
3.553301760109175
1.7106182696060266
1
5.34324921061722
3.9117521844883707
1.4810754524428724
1
5.231998589242522
4.222723406175995
2.055385972704727
1
5.544864592151602
3.8111650240283224
1.0600257542853202
1
6.234702859339796
3.0661755971747295
1.190315748981814
1
6.976926795640277
4.770167236006198
1.4013647090766412
1
7.8833153985435604
4.332259652215081
1.4102414862312318
1
5.844271064986424
3.965488746066458
1.237646377972577
1
6.005042750204424
4.512190729816101
1.8902633653969072
1
7.122341314379557
4.370476585405488
1.587468240778851
1
6.929090913215051
5.023988481029746
2.1502384430730292
1
4.8491686688979945
2.3923796770086962
1.068734355182932
1
5.133656540423153
2.523337149549392
1.0362627082539904
1
5.1763510311218806
1.2891479981540388
1.0194648322936664
1
5.163607619605253
2.3141483139427654
1.0201693193426626
.5507792273544311
.568009230427713
.5497723088607122
.5504674049562572
.4808749834276712
.47982817681388273
.47878093053062876
.4802570796040917
.3476869828673927
.3640711873991514
.34652051858877325
.34734054428020633
.46811973806275387
.4624779550147265
.4668747160438912
.4678082324970444
.33877426220391205
.35187686524337003
.3379276020493204
.3385442520740278
.22025702626930002
.2754894644184597
.22011004208000037
.2202209286964608
1
3.376049499176841
2.6222410662954925
1.0962940535102292
1
3.2546937060621475
2.6212582629308003
1.2323295649536348
1
3.1174689849194452
2.013181645641182
1.1494218409354797
1
3.290166889088506
1.8868337025101853
1.2086756009751107
1
4.289899622216085
2.734806905372373
1.4005160138446084
1
4.387576984554666
3.3978495760575953
1.9546790746480962
1
5.469504760834516
3.567011871284781
1.5829751723938215
1
5.3929228599665855
3.5287084443929677
1.7317664365356986
1
4.757000590220847
2.6183318670199447
1.5053517861587504
1
5.333793652046046
2.02397873475483
1.1949849352109585
1
5.018290221098205
2.3224835322730333
1.2893722401268701
1
5.4371125854374105
2.86413245889995
1.3162201723509224
1
5.389677854220422
1.8120032138822706
1.1947583713847294
1
5.3500848062871995
2.115575134364709
1.181000947663138
1
5.245572126025826
2.714950261111596
1.409167367233461
1
5.335140325993431
2.7373767794191104
1.4519505764606606
1
6.075793616751788
3.04613696490455
1.5859011130704406
1
6.3465510003825845
2.4411428038849214
1.336840147662538
1
7.311494093671568
2.8309200151755816
1.2541576758169912
1
6.8693997394176325
2.3487438420000193
1.1804749433254782
1
5.456298059406467
1.987692142507515
1.160930911572104
1
5.8738454020359425
2.5691894586058757
1.418136028660729
1
5.420585874785571
3.023065820564202
1.6094725366765772
1
5.790931022092524
3.992676588847769
2.2066440486184575
1
5.070794414025158
3.594762473876712
2.025447002994131
1
4.9709904377631045
3.570448492735675
2.121242713701882
1
4.549589576977442
3.472980997812028
2.1840275662302933
1
4.970515792480459
3.480548618043721
1.996980627225674
1
4.704047053216346
3.801513379668829
2.394452605085852
1
4.3830549809946415
3.645946545366214
2.5021403896929058
1
4.504414812425666
3.717638640144251
2.378413059419083
1
3.7442536009447633
3.5661138075511336
3.124273246753863
1
3.9270230408186775
3.591371575214701
2.73709348527987
1
3.5758483729030957
3.5087867397772596
3.3815392158274027
1
3.7697103726724004
3.6290606145959217
3.352348590202896
1
3.5748407666577973
3.3227330055392974
2.827135207822534
1
3.4826934592106435
3.2090492539640283
2.599878025678451
1
3.722741362001334
3.537587374409309
3.00598304976868
1
3.394414749748342
3.2371845109598705
2.881076247886927
1
3.6151082495752123
3.435024101829889
2.9392841800558296
1
3.639133015879632
3.149758646142978
2.104051366948292
1
3.6472344117217856
3.434648326142845
2.81530515477966
1
4.071807542207827
3.6313439140674206
2.5786789448541048
1
3.8662006403787745
3.4379080761088034
2.400908438297354
1
3.7699332593525416
3.4575137463782637
2.655031599617545
1
3.8383486402265925
3.5145915900566824
2.713435691595195
1
4.229741305441405
3.815068569676059
2.9578735215407517
1
3.7519303822330214
3.3748842608017253
2.7498700400888914
1
3.592517560759903
3.4300893652055415
3.084090769867563
1
3.6121032096880397
3.4448929422273924
3.0914525730941183
1
3.504321745609875
3.217371558042441
2.7088327720564624
1
3.628968063217874
3.1450127983653005
2.43555878927371
1
3.5419382480395374
3.115328277476486
2.448976879499681
1
4.20051680396678
3.1484320241196517
2.045973651295144
1
3.934795533713565
2.9347730000852565
1.9143938358273325
1
3.9539914760290085
2.9705927108003207
1.9142415955544676
1
3.56718954970299
2.7953869260172346
1.8530170855034276
1
3.348002648568989
2.638034309697404
1.7891767568828876
1
3.32255304970811
2.6467681691095932
1.8546714611798303
1
3.420960211242835
2.741554517972549
1.9350787726845573
1
3.6579818892973237
3.0433339945178
2.1786452754206684
1
3.6717002195872577
3.0795694360934687
2.245175529469881
1
3.9882167329280405
3.087243607321576
2.0789405279114055
1
4.196828742113477
3.3001528558304027
2.232527861418523
1
4.4584203628147705
3.3990173545743474
2.092681762054111
1
4.4663584650624095
2.765809666008082
1.614371483923007
1
4.834786003685277
3.26936958365172
1.9489878014087691
1
4.98397589062079
3.2878151518539975
1.8079309968834394
1
5.841512531809236
2.892771188211297
1.4569572969137818
1
5.950940275018176
2.841808464559142
1.359199466054365
1
7.3858830901348425
3.8754081714673423
1.6654006662271355
1
7.349532662449206
4.11418615956245
1.8897677166264213
1
5.276014825013472
3.7217693662845397
2.0479465541074635
1
5.516816472728765
4.036498305218844
2.2331525376317534
1
4.882363784885406
3.6085111037961974
2.091478851390441
1
4.8375212313578695
3.613356123856924
2.146530696669897
1
4.714363654853897
3.586060554029687
2.1440908275450736
1
4.252704104470617
3.200949342392477
1.9892846296711626
1
5.02842054718593
3.531080354073733
1.8933835860629151
1
5.062661901921433
3.63194597451826
2.026095551674325
1
5.739503976149485
4.322367523498743
2.143874032860814
1
6.217988504376404
4.488846745694619
1.8545441550850539
1
5.656677986530267
4.241665690887612
1.8348375439361306
1
4.836021162101962
3.9934682188709627
1.9363557406413003
1
4.446734882048577
3.9226247267281966
2.2994151036040855
1
4.3516299233727445
3.890246183825615
2.375149822301062
1
4.854867255748583
4.399551413260254
2.767280274413921
1
5.898697733837215
4.871313227094574
2.061545254494773
1
5.363016128331868
4.686425299890271
2.162598734889958
1
3.006245786173497
2.745157176583726
2.1698736950733064
1
3.8637982963644375
3.518428940476384
2.7824432757537467
1
5.24443184142379
4.591016289132596
2.3712980078812
1
3.2355126662353233
3.061715486783641
2.564357939606317
1
5.113478720731432
4.70990384250364
3.2407688271236252
1
6.873614884280769
5.397684716600701
2.138428392317493
1
4.810265855002927
4.316827843087527
2.898204766767751
1
5.715995643195715
4.887151968788639
2.9207237836249944
1
5.61618346755489
4.901022897334531
2.9449448980626274
1
5.248825535455129
4.635615946690077
3.0209222792828268
1
5.934481787523703
5.534214038381011
4.212948951431805
1
4.482781962133438
4.385568934752822
4.1046483229578286
1
3.5176648302346676
3.442807922842507
3.15574493762912
1
5.8727477070294345
5.546488315605938
4.173084262701072
1
5.840439195901703
5.534678200932271
4.571818791311005
1
5.980154702071408
5.592016286747173
4.394439253684872
1
6.416867548355291
5.873582143776087
4.372141549350129
1
5.692630833782116
5.340895293391582
4.346985808559965
1
6.060121307178536
5.467845401417136
4.003673995466214
1
7.4342207892490695
6.119022676740633
3.3737565428801983
1
7.179638155329451
6.050727536907399
3.6218321224992853
1
6.963269435493189
6.2484703332937235
4.4712522584700745
1
8.070202468291587
7.0433789265657385
4.406465170323899
1
8.19359560409652
6.8713819838611325
3.572413008523289
1
7.9603792826397735
6.400540261504159
2.9256478780453303
1
7.304211718795427
6.191787949238527
3.0020491624232166
1
5.721225707150511
5.074787990275088
3.093939502330069
1
5.7740831770147025
4.779732720719093
2.399882461580046
1
6.299970679136785
5.1231374619027665
2.361700948098671
1
7.230092435388146
5.293234752375543
2.1977481490619426
1
8.280547767902755
5.27063940127601
1.860190318410987
1
6.8123461396676666
5.362022209364069
2.0578692484371577
1
7.502611617276827
6.251569646914027
2.695558272737812
1
7.146885380472764
5.88142854615185
2.4562433536441146
.9978412906395007
8.248011418411094
6.597545121964549
2.156101860249624
.9907234544389506
7.298280714810819
6.06203429777522
2.3637741110545276
1
8.06176045252736
6.8026318522261775
2.2942452145322347
1
7.064555592278528
5.866550560297186
2.422857145388671
1
7.682076568455267
5.393578830801138
1.848916169708298
1
6.182928526588363
5.319515096587918
2.3185182451236535
1
10.771872935240168
6.799560910001576
1.746829005459365
1
11.400167018136214
8.324384539312213
2.2820152842489683
.7745871106299996
9.891155415196202
5.458537247211363
1.141210347688298
.9456755217950269
12.480305966651482
7.444091138329643
1.5360913176489468
.8889903121204348
11.266673553587426
5.683347354539904
1.363705897906774
.8853859716467724
10.278001960499248
5.969904904035096
1.4365686486284484
.8995927095426043
5.976502655695717
3.4246051323322595
1.3273116460421963
1
9.771132346673317
6.341867643689759
1.8735635765451657
1
9.585080461635684
6.727304832251916
2.281887674253292
1
9.60980641001426
6.161175084997976
2.0870321446986906
.9993171617206479
8.679757757952446
4.235987432292271
1.8150708945579308
.9183388050663973
6.4632724026691015
2.6742275914680786
1.273901282278701
1
6.891877363573298
2.9212606294335752
1.9911858291630051
1
5.212248281822789
3.0736636481086563
1.7350104212453559
1
6.894608202255249
3.3238920558113834
1.5489023865660938
.7515164460419522
4.108155176060714
2.261896202120604
1.0181774474146321
.9108353065119609
6.492745628040003
3.006480418134149
1.7170645720708646
1
6.1515742087471414
3.222330568044281
2.695522663596199
1
6.269063888401981
3.3129901575902116
2.673005732179737
1
5.818933389037205
4.579389220447079
3.0444813995648548
1
5.877197323322665
4.694991418512871
2.9874956884943136
1
6.673764627247391
5.307493378007501
2.920740223477367
1
7.855896792186585
6.333577639645049
3.3520410523869324
1
8.564231725667375
7.283532074253379
4.33252836117011
1
7.303498996168377
6.39804282004095
3.983551185552273
1
6.788675424935212
5.824918939290689
3.506323398195946
1
7.107710134841041
6.012356264552983
3.5017944668854852
1
7.054830640210341
5.56071160095355
3.1608018296202878
1
5.961360416359592
4.946019365683565
3.1891051928127108
1
6.193981662112115
5.258874843339465
3.529513107254698
1
5.804751953925167
5.258765619631072
4.1757420406077275
1
5.346928844185153
4.9109618876507914
3.9228099719243894
1
5.992895494885401
5.418361912361385
4.144937023245514
1
6.403978327037349
5.352563219766477
3.420132862855421
1
6.528924925446958
5.685541814526271
4.0399097378654805
1
5.381717671592196
4.895450565429596
3.9356174040737413
1
5.395710552419059
4.826556246428836
3.6932184402224326
1
6.642640745933997
5.4589851481378515
3.0417722869717916
1
7.5736981336585885
5.7110594000569685
2.89570356145662
1
7.932867245975949
5.981830130306251
2.9024349587174356
1
8.628933737954055
7.248460792255526
4.1433344203011355
1
9.548563803005418
7.781151509820822
3.7192333077640916
1
8.014692519436016
6.610031135842761
3.29731814960155
1
7.204058701397909
5.582541419032352
2.654806925080906
1
6.5952852085904725
5.208815369301964
2.5728044621949357
1
7.651824077716488
5.66665563894315
2.593475679014024
1
8.068405409324676
4.878635188852489
1.6337562469698763
1
7.391273279710187
4.401564567710613
1.5305303652376845
1
6.398691180815315
4.499308736113635
1.8247628936425764
1
6.9942290479245255
5.220685243165427
2.157093212634558
1
7.404556131625687
4.710765344379844
1.5416491378710007
1
8.682983428749493
2.907029492349208
1.1296264405283245
1
8.567797661042604
3.1789295793615695
1.1128229491236046
1
8.764459455589433
2.962982787188388
1.1070639564583868
1
8.686773702758453
4.202983963602196
1.3929001209005516
1
11.045936597521491
2.8816947544177753
1.0564873937097683
1
10.313630749033418
1.9688265240496434
1.0211886907819336
1
9.209506712022911
2.397255094417834
1.0335598669625607
.9573175905713777
5.203095062976728
1.7389622518071135
.9783234980730504
1
6.362539776078029
1.7343274477623174
1.0232769405680548
1
5.464643396207309
1.3452166511424082
1.0049959607892107
.7319905975675538
1.5275383664636928
.9512543137251933
.7370985902269309
.8706991623878098
1.7002558381910948
1.0704684722516078
.8907486163558617
.7450107552520366
1.3310039999569454
.928531531881653
.753555959340865
.6478426981782371
1.3463071793371433
.891724138621957
.6641571700592196
.7721631092113495
1.525983505562017
1.0411619849447915
.7945677863142925
.5175015687042539
1.0794064930633864
.7183341720396288
.5224801393867312
.6199877578501047
1.6943213517271123
.9010461628109333
.6268361250871337
.629441586852707
1.61997506427657
.866769211140544
.6341892078879088
.6202082239102555
3.2166378607860744
1.4739705665633442
.6417914401363057
.5999360696182293
2.0294047555993076
1.205344607633817
.6141229828189425
.7700991293974642
9.020978319540944
3.9701400190977134
.8664203651588268
.6675404677308613
7.055271690838606
2.2373985359812076
.6866360407791318
.6141862405444526
4.190483526333333
1.5377664198652574
.6309671825698002
.547874585073963
1.8831994328312223
.9338705761244508
.5594415481878884
.566074615033803
1.4725966141732187
1.0410597994835777
.6052330195428595
.5154630944224438
1.2598797568499476
.8640938715593232
.5380087794094983
.9491511756636244
10.455364207858553
3.603193016553516
1.0506839629885294
.7690045133441373
2.0180595544058844
1.3649058472263818
.7984963189201112
.6944159276026932
3.8873008012080086
1.7351809688473594
.7313835615742699
.6481495022220058
3.650538385937679
1.9434544900747366
.7107203810786534
.6997632224221907
2.5786044096850063
1.635520804809892
.7415914437809504
.7866313662972838
1.480711856857883
1.140422629635382
.8449964572138561
.6204659696832424
3.989508433500958
1.4643599682670518
.6472861331697604
.653159008549282
2.443705097071134
1.3600027917043342
.6682599148344686
.7732509146491281
9.342989368512052
3.093508899548529
.8113443280107402
.8703525273136276
12.270167596989504
3.1436216614826233
.9068528386956108
1
12.399530646465722
5.4086010463718495
1.1681659776635154
1
11.71677987189491
7.5784780139830525
1.277223520804696
1
11.419684105945306
4.492645455767791
1.1675600949739173
1
10.398251997244705
4.997829273824935
1.1549947729155547
1
11.546982673532614
4.337126496818418
1.1393186351590656
.8728027053649979
8.879943789292437
4.549242613388171
1.1138332635549248
.7921997291701289
7.015144641569383
3.142999627633494
1.0107083300122042
.7439293501663257
7.598095279889972
3.8939341714886035
.9950649923612696
.6342401710288604
3.3095145202787037
2.676433023943865
.9109967757991537
.5488768753020707
4.032282724174816
3.2407067344765297
.815116338428856
.6537855292943507
3.657613115655893
2.979625231329634
1.2610070163903764
.5144496035524783
5.338062296192134
4.094515215557293
1.3621108572718605
.38493125466065975
4.596150142826334
3.4418970645798517
.7498240205277232
.43823541814542505
6.32720588842997
4.306302582142534
.8627525320071828
.4283813449602552
4.845532755044748
3.3986863959319606
.8256548699759912
.6317682980475519
11.1376357930119
7.374396955086818
1.2420398401420931
.5704719699082242
9.529437052185024
5.691127740824549
.8338593856109652
.7245700187026476
14.828558817571006
6.694389450450773
1.090975853088709
.8278145676120516
12.698918497654402
4.02061371759635
1.0742632043593043
.7985077033402279
7.427412158272255
3.9304765497183016
1.1030567274575362
.5859935204765913
5.018144023087511
2.8446295813584586
.7367074888040384
.6047021658480274
3.4879647428914216
1.8119737601751549
.6806520926208727
.39777486188169026
1.8148478700807702
1.2534425465447385
.4353153370863399
.859261333678249
13.35376632527229
5.9516225330393455
1.154337185311625
1
13.050252433731941
8.674281014217447
1.6572070838854271
.8265474915438559
10.589944254021727
6.115506360230304
1.3154023604406637
.6425188636811077
5.353885594185775
3.3571453244002707
1.2163265114586266
.655684589878579
5.890754214591667
3.6595745642018893
1.0935318224559032
.5652682803436873
3.0919082313390827
2.273516482062208
.8069663562754937
.6768621276730912
4.28667713855286
3.0732721735670703
.8565245121542258
.44906190229509385
1.3790987266072896
1.1657852418575343
.5603991892234863
.49834624444780534
2.0498220476321003
1.7018136762508378
.6795677121680777
.5213524372339614
3.283921548479452
2.605914197752461
.7976639302948587
.5566020196012756
2.45382490303817
2.0473168504552848
.8910885087520076
.6353245723252425
3.8231334892940305
2.909786797596065
1.100828730734822
.7280316637316325
2.964607551769627
2.5134043748809556
1.566327390211317
.56496997833195
2.2558584587098647
1.9159091352459054
1.0937981131792778
.6833790823017124
2.9241785667929676
2.4951211310412558
1.4983936355199483
.6941819615681308
1.9041223656883144
1.735623146406618
1.4149263317895842
.5652309837018585
2.7342436261295684
2.387745846849483
1.1587474704423675
.7909606199739588
2.6489829321807803
2.320263020708909
1.6556116357888628
1
12.033025343273954
8.254226955478236
2.1739253074890543
1
9.343379536022367
7.1228189706232055
2.423656756495377
1
9.67908329705488
6.685850532946492
2.010686473659886
1
9.347381662852912
6.456558460231829
1.7162364354102972
1
7.986132712217788
6.143393489959984
1.7886793466550754
1
7.965006250243202
5.505764582331186
1.5227170825094398
1
1.1724091575630933
1.2187733000258363
1.184924768640619
1
6.305616530865929
3.6654872408042793
1.4085819804333823
1
7.048468730820121
4.660241265519908
1.4896514345043381
1
6.132963366241005
4.810196088323245
1.6610432366018593
1
7.285247168444535
5.685080294835301
1.5550860917944107
1
6.595935616195491
5.185608547226239
1.6511538524261578
1
7.589919845389757
6.328504589061917
2.0130549274145655
1
8.354077264557791
6.724119386221646
1.7662807857006348
1
7.390716655955732
6.093489359936644
1.737271016432627
1
6.70184720911243
5.461905684232274
1.7125648231162813
1
6.264516280000071
4.236434731990686
1.3496662769561618
1
6.5128194815799985
3.20119888457409
1.1976339610275255
1
6.258750459035293
3.227539124245939
1.2436284623655647
1
4.8101034984068285
2.8226902764449058
1.205239730300071
1
6.077711934150326
3.4139621956368402
1.2600635272512029
1
5.230940451675296
3.7239287260552083
1.4225142216410118
1
4.325885140551998
3.5566324060222625
1.606398570224316
1
4.308426721876388
3.270823081170505
1.368690859778943
1
4.237028972980129
3.1785378638383666
1.3697675560044102
1
4.798622357826967
3.6919342447895134
1.4305746022038783
1
5.186678092162728
3.4452282247558763
1.2965502170688827
1
4.492680218027077
3.0364864855050566
1.2955382597692726
1
4.6792303537493645
3.030957858753683
1.2730482421619584
1
3.8468199121841735
2.29465692315763
1.1601443419351245
1
3.6908665621039227
2.376282859078019
1.1734299515692435
1
3.850791547104299
2.6194333210135925
1.1651240882722664
1
3.802555049562483
1.8284395381635488
1.1008386227311886
1
3.43762743740635
2.2391047455080315
1.2009023670650167
1
3.6943940064916916
2.1144955159132275
1.1466841254115365
1
3.6746684186031677
2.28568676715133
1.1604282965975794
1
3.8334093511884544
2.53330559048666
1.1832192858956556
1
4.397956655013528
3.223493386520577
1.2737221316163814
1
4.258592708203292
2.825131977471865
1.1900746445368264
1
4.386541009995243
3.297826026941208
1.2954378210314794
1
4.27404421423199
3.076090324774887
1.2192911149137433
1
4.485827222135531
3.736352139090002
1.417191436956429
1
4.554622506827901
3.6497047644847496
1.348938812589174
1
4.355669229652879
3.594593600596209
1.3543996610481521
1
4.6440575382561775
3.629112456162125
1.3101735774176066
1
4.883798490880486
3.1824216457130396
1.3203044942165436
1
4.316310723061749
3.047101419355039
1.4381339144896372
1
4.742257847107144
2.949824535778316
1.346246065433347
1
4.737768019869253
2.5415460240691936
1.2188582470661793
1
4.2965027673979845
2.558210489621325
1.2739845595811332
1
4.264633266666511
1.969151455404873
1.1135788165329428
1
4.743644127500899
2.2008571746331134
1.128601777702705
1
4.624457065008405
2.324936494701313
1.165125584322408
1
5.208174011405388
2.5501321313397436
1.2203039293269138
1
5.710487668434831
3.148207928702445
1.3238474557022184
1
4.192544240992427
2.464017101329964
1.2458212094772487
1
4.4436477428097
2.71728061843799
1.2968066644110572
1
4.5227868064815
2.260902438628748
1.2015439413774345
1
5.45193002832436
3.050700092921239
1.3631328353203869
1
5.155800349429067
2.856915391227023
1.3512901624961429
1
5.763892272637262
2.89357570432093
1.3648981948483796
1
4.958028981950235
2.9399986544299206
1.5313291908774314
1
5.70486395110716
3.428320045021525
1.7683064821427992
1
5.393231669267807
3.05760190870166
1.6820945220766261
1
6.0964421306771746
3.8036544856168537
1.9128456887055703
1
5.752491918647728
2.849373214855725
1.4771868282784708
1
4.950615020950006
2.6695661207660755
1.467682343023107
1
4.480523308637059
2.688668585269715
1.5481764007552745
1
3.98911489945947
3.0117504186621415
1.9436097504853214
1
3.8687095861663408
2.96803299565733
1.8411972071957314
1
3.543670770885444
2.5921392412476636
1.6478505909832095
1
3.7768734247945726
2.8140829077212364
1.7068084702006991
1
3.8027221082530827
2.6557965005702924
1.5799028147892369
1
3.7781876449771894
2.5055937751555706
1.4787690236447972
1
3.838883861834878
2.430392857519949
1.40405199795921
1
3.5595302667524233
2.6445015735192583
1.5481851006357699
1
3.6359110263589147
2.465250663281502
1.449562149268691
1
3.5881965731907934
2.414245714167234
1.3880689751582762
1
3.8049835348383407
2.5131306537366442
1.3720330918678523
1
4.029485492778398
2.8057714169989794
1.4507650672143848
1
4.3998378441313335
3.1382514252734954
1.5817850070308752
1
3.9469025591399136
3.0484914888404417
1.6862963449868544
1
5.199919099891348
3.3278323097728255
1.5408985324183233
1
5.716169657475246
3.665274905203073
1.6661770441469224
1
5.44992713825863
3.4640530297177956
1.5891464702534281
1
3.560984910310961
3.1148364499599004
1.7533918477493355
1
5.6864481800060505
3.6984441921862374
1.7382952431782863
1
5.07840423424544
2.63655597385286
1.2913496846410575
1
6.49573773837867
2.088189122128066
1.151254007453533
1
5.597993091991182
2.365235335054166
1.177349119507523
1
7.197459669775166
2.6404809523575437
1.2364052115270632
1
9.473653140290759
3.477660155833439
1.3808853266818812
1
9.299941779396743
3.1361267845339604
1.2600066501567877
1
10.333511459321567
3.7619950935864015
1.3729378171344495
.14116861395548086
.2759476573957879
.14557143139613848
.14158520445326772
.14754056719908165
.24348193120289247
.14915028232973937
.14784188147046168
.23289948309603642
.3639749971924636
.2345286576324504
.2332188212597615
.2061112225062215
.3514046792612335
.2089145452317542
.20664372097745407
.18428548151365706
.31430987516971054
.18614397532536525
.18462680051286262
.19187958229800167
.3097073435212193
.19473922731193574
.19229323055080763
.23422380668610648
.331102361431274
.23638518706161887
.2347257577137254
.24172324339686804
.3432447561364124
.2442778808065662
.24240275399973182
.32156826683700857
.4823420478939358
.3348889899256341
.3224469793993169
.2667646857984299
.3784033727656622
.2695626564471671
.2672776887499612
.3839216133041649
.5468272355517693
.3876969860995461
.38401755234461044
.433020509294446
.568227526449033
.4402566904487145
.43311129642593493
.2966224144107645
.38005921999865916
.2980926817309246
.2966994489950981
1
4.426342369680206
3.772916585968535
2.360673070438157
1
4.806374708293136
4.079730108207471
2.593038641416439
1
6.274052769196029
4.1213713625772295
1.8509239640319473
1
8.403690679052822
5.197427734615496
2.178050817269284
1
12.196707594624971
5.237522991957873
1.8328973640607795
1
8.107594987768303
4.113484478607908
1.8631357348256625
1
6.238133601101165
4.265188354575008
2.1031790499689325
1
6.95030762646213
4.09207287289115
1.5197557475754235
1
8.04825190967269
5.183570246832454
2.063526209963993
1
7.620545199306079
5.242150874275078
2.205912683084565
1
5.629096643909905
3.994280958059412
1.9230962610753861
1
6.5994151062080455
3.2850479360561393
1.56780281776014
1
6.984045930237091
3.6965081344598643
1.703854801372463
1
6.2717824554189
3.9039170805261127
1.8169195886330312
1
4.915305926796757
2.9889959347328166
1.4982556021547053
1
4.719313335281091
2.9974042288082434
1.4183382272526874
1
4.097357084598056
2.791825520000649
1.2246137271204292
1
5.130777010256324
3.364147542478492
1.6226115892295567
1
5.407334777407364
3.3657778181231466
1.1797245045687828
1
4.9065048871801995
3.6833644371352805
1.6594881644685644
1
4.7753856006054365
3.6629611089410625
1.8173296746125012
1
4.456321290226261
3.357578195289344
1.7799131713958967
1
5.552661984497433
4.20304091674818
2.0572645784590997
1
5.039476091908002
3.9825644956383606
2.1473332170386334
1
5.052144313088283
4.0915936226003495
2.0823838569812616
1
5.693714624840994
4.381966124692952
2.199134741351018
1
7.1763092448810974
4.5381054660570666
1.894181880016363
1
7.01231516032367
4.7295004304454915
1.7027531070188233
1
7.023198373437104
2.7685379685861315
1.5677165018102224
1
9.881457595655554
5.802221262320045
2.0285391371329915
.9649763287565986
2.0875254143805297
2.514977860037936
1.5246499972080998
1
2.0583949416618323
2.4050215118153804
1.5071654335836524
1
7.360189710934968
3.1737604416638683
1.5985407036274135
1
6.611453045796816
4.456017000965882
2.148923074609568
1
6.322615601354096
4.646349759257819
2.3455873105160236
1
6.6789435257297765
4.2606173394678395
2.159820912940046
1
6.126218709521091
2.959369035198079
1.7028346349837291
1
5.867797260835521
3.201536877288525
1.7676654994219752
1
5.251960922139488
2.937327569219365
1.429386156119637
1
5.819889499638256
3.7723004263644158
1.9204298061074143
1
5.74783860254592
3.5041859626866474
1.4258280405699686
1
6.047239599690447
4.0986946978857555
2.0275487719932896
1
6.404258187838688
4.4495911615386285
2.2166063225152484
1
7.210583716525624
4.349960813014617
1.9457435936850762
1
7.13799980572407
3.527047178202353
1.6286439639273906
1
6.384125039344584
2.8680455704794063
1.3512428503121212
1
5.65468393159819
2.917804494916397
1.3893030027540465
1
5.810634715895435
3.1224898950962627
1.4343355404219762
1
4.652536302916262
2.7479996838835854
1.4634226186124006
1
4.264874184132751
3.034262376349736
1.680548663125831
1
4.495372300399616
3.2716915866417526
1.7847281491665314
1
5.163981323973859
3.54357989765066
1.7971988137260244
1
5.0648939350156015
4.157770510622814
2.3801750873382486
1
5.082154393777824
3.2254745616451905
1.6758363826375422
1
5.676920904187566
3.1787054229139104
1.2513451889485372
1
5.955093465308715
3.4203240177695258
1.4658795684820252
1
5.9632289012025845
2.9930511392916794
1.341758087602386
1
4.788691802289964
3.18852623138078
1.6799762309517967
1
5.012879884295294
3.0506958106311024
1.522976738360857
1
5.3002287451691705
2.7219482321295456
1.368193783227976
1
5.1248960261308
2.646898527365518
1.3581233519847598
1
5.279826357757538
3.271462293666652
1.4448281749992056
1
5.198422902559183
3.469467322926717
1.6203681849498877
1
4.826529508506914
2.9847300737491484
1.5295585569008572
1
5.252978343518263
2.993199639751664
1.5866008682363304
1
6.081460773515866
2.8305137025393026
1.4437361177992698
1
6.0868953013789735
2.8815143422646132
1.4433059781557767
1
5.82319020794983
3.0154987975981116
1.502249473497729
1
5.535828532059568
3.568943994544099
1.8266607887202924
1
6.275248389938293
4.2125788384385086
2.053905772801046
1
5.993220908776498
4.071544305247279
1.8510870617446888
1
7.354354117273479
4.12475837724555
1.7368976753776713
1
6.849734773321485
4.141933675708019
1.6805111019382075
1
7.349198280777762
4.605815409177962
1.8513088013016634
1
6.143016793374053
4.357359565673376
1.968224574329235
1
5.941235169916934
4.028047921851333
1.914002442542446
1
5.47857328238175
4.2906031622321175
1.8998547247351778
1
6.016787477328694
4.728466738196194
1.8833771605622485
1
5.496032088457958
4.42139830124462
1.98845929759078
1
5.413563065379782
4.287460911464093
1.8676870932508838
1
5.022035557604135
3.8660547369639504
1.7679796495352196
1
4.335166342332275
3.6766412670875925
1.8463866323532103
1
4.3381448681222095
3.729885751678245
1.8285149140264783
1
4.357174978177562
3.5817428585817375
1.6008104753535193
1
4.304688755677119
3.380592247529748
1.6765292560958691
1
4.735038525554951
3.717504188341991
1.6463223951113568
1
4.803356042202651
3.9648856994851087
1.7134000181125573
1
5.078954986315526
3.906751520429842
1.540581561728923
1
5.893705633029608
3.9669942571622614
1.2970015934670454
1
5.635458415537466
4.220667778221457
1.2467782895249129
1
5.312232248135967
2.687800164136623
1.0827478024484443
1
5.059679860596633
3.124505445038957
1.0842055016380598
1
5.537555459603531
3.0827796899381257
1.0676770765116461
1
4.695283523503713
2.8196775658811477
1.0429548710747987
1
5.023567576231377
2.180558546120501
1.038286116858716
1
4.485628067866102
2.6795658240236704
1.0741866555889974
1
4.207388946158838
2.416568267572733
1.0610467371583323
1
4.330160483128806
2.509773311617166
1.1000811706538542
1
4.640899511023693
2.0904404229893254
1.0679881255216854
1
4.558952066186807
2.216988481409177
1.0651272676771752
1
5.107103565999647
2.9393485939951822
1.1545818047154814
1
5.079403971033735
3.289521576840177
1.2132608731494565
1
4.950568296205003
2.9736383838299134
1.2141436284528428
1
5.05434079067428
2.1595024483840017
1.0742122483129506
1
3.7742450499334868
1.8024977614402495
1.0747913716898572
1
4.222983542571588
1.8928107946401662
1.0668822310569681
1
4.190563159586158
1.921253202850802
1.1071944240870528
1
4.166071836391828
1.7588687127619334
1.0880042126988851
1
4.3903615251973545
1.8738646081951476
1.0796375238045302
1
3.823291914766072
1.8553557803662508
1.1203709981222212
1
3.6588375258131776
2.1229296909238524
1.2019582696263515
1
3.75129590536061
2.1714401772213496
1.2469477524887336
1
3.880667939713793
1.7057002847214537
1.1099063457459155
1
3.8785507069948357
2.0968768190810305
1.2207976981076585
1
4.522944147623285
1.8223772007306582
1.0882827268622821
1
3.9762183305972245
2.4495227404070237
1.2324875195801965
1
3.7679355067173677
2.895543300174374
1.4764786372343222
1
3.5832404485584513
2.144567613109253
1.2271362351272825
1
3.6227767614358313
2.820870916522655
1.3877792990242586
1
3.7788946196715103
2.9281186459568547
1.4083716786867273
1
4.506463732361774
3.1305314239025526
1.3691488417371998
1
4.185576847834175
3.098339649178772
1.3859268149427448
1
4.196956912937848
3.1081607922743975
1.3614006425361946
1
4.400524866239894
3.1711337120707093
1.26170856866256
1
4.634037962668811
2.707339492384423
1.1455081024976344
1
3.979871773145938
2.5468520857200656
1.186577281481353
1
4.279102071127685
2.6320388575738716
1.1900909569080156
1
3.706058558884004
2.499894088497364
1.1934051199099684
1
3.9075757703433047
2.710352695703506
1.2070898398560632
1
3.7821099518613037
2.228762463234463
1.1126578766404878
1
3.79241642803887
2.3124711696559364
1.1838271562734561
1
3.88938840087551
2.4363030455322003
1.2031615945870269
1
4.141929752514067
3.0967245919480964
1.4456414866128926
1
4.469312821143528
2.5959058319599326
1.2515044508396493
1
3.8362068182870956
2.589401399106022
1.3132529644609077
1
3.4424160821580516
2.5999149680505136
1.365406968444029
1
3.66654776489241
2.7885093481517775
1.4505857469732577
1
3.647693891694657
2.6092526673836867
1.4490099931424796
1
3.5368680991197023
2.35597468181305
1.3246174205262402
1
3.6482299401372917
2.741967133120613
1.5772572599743455
1
4.051275026206213
2.905791419795895
1.5366018406667128
1
3.6791356237574053
2.360237565070547
1.409236057234345
1
3.991200151824779
2.185749735326675
1.337658990357387
1
4.174009813395943
2.2850588399507346
1.3820850411505043
1
4.543928999531548
2.231993927483091
1.3459993859329151
1
4.078198923400003
2.402364696160001
1.442863700936512
1
4.560496968009458
2.204676484069365
1.3423801908153692
1
4.302294397861029
2.1823152017670546
1.312127297725152
1
4.693552818310237
2.462795280967193
1.3360708248172393
1
4.772286519428602
2.2964907263900063
1.2673943767276903
1
5.50820881436347
2.183057211660902
1.2211288377604474
1
6.5190512177757505
2.230418520703066
1.1938370374723186
1
6.194866114041471
2.2158190535130338
1.1853402066255125
1
6.158470110298556
1.7148126598266815
1.1017488864925487
1
5.499696384260153
1.6372426650606355
1.1092061738897683
1
5.518840613610382
1.5445321765737425
1.0896215873557622
1
5.516567236371157
1.6169123728450003
1.112186509320208
1
6.012975517807185
1.6878496461947414
1.1244625666027703
1
5.12728446901252
2.122762270165657
1.2551727259347558
1
4.7962494015974
1.5655087243617485
1.1044915311163168
1
4.437455276038968
1.437747337420955
1.0856567423171173
1
4.584289962130696
1.761063651005878
1.1731881570726055
1
4.315149826635169
1.9643528611418766
1.243643018355522
1
4.059840494882566
1.7645182743784915
1.1659868428675983
1
4.718281569112703
1.986429851407542
1.1923684966940933
1
4.139198522928185
1.9331902006564257
1.2156648317831935
1
4.416816963422364
1.8852289709725991
1.165028794504089
.30522622100443647
.3452950164730526
.30595869833893247
.30547998217720274
.18522060303016108
.19214266201204283
.18545018499944393
.1853022448200404
.16481756305347525
.1713258447651612
.16497547334397694
.16487554868155188
.20888015227054607
.23154076773157697
.20921522634568557
.2090001878780054
.1398670160641888
.14702548266137327
.14008802585543192
.13994730170267694
.2480910022556364
.2703855471461585
.24871821729446278
.24830351576088155
.30291903725095237
.3211871570218377
.30371111341971646
.3032032268031974
.26374281511428066
.2812789015454315
.2644072845073619
.2639658362165991
.4826629072047537
.5315840375572555
.48478254578584334
.4834385533979464
.19406167323470921
.20470853933301794
.19451615246421824
.19421116588937123
.2781813340056265
.30981858545091856
.27901068452094613
.27848511534774734
.23559299205550618
.2529416042497936
.2359781653230488
.23572542343478853
.362907703209683
.3981911658176438
.3638809622964503
.363238397257006
.5962585827098363
.6371697436466102
.5986399919339136
.5971310260982744
1
8.156295629720507
3.6598628511900158
1.5358623228908879
1
8.237402530523907
2.9756598886702323
1.2530987672596712
1
7.458554040692593
2.112992845378031
1.1274141548677319
.485340916681437
.5069811125933341
.4866385853377012
.48574017668829467
1
6.235208690618875
1.620613558966865
1.0587611315431653
1
5.170861951262789
1.4606177576515706
1.037837308835555
1
3.802325016108141
1.4033827955235463
1.0333388024040482
1
3.412670127383617
1.1888250123245452
1.021110667930153
1
4.564897627104058
1.4620076962546775
1.0632756019918657
1
4.6774971774856935
1.801802457808285
1.1176609738252494
1
6.015151758037852
1.6588583146557216
1.0694728788106462
1
7.218079629780918
1.7880835961543178
1.092059594035969
1
6.4743713619677825
2.1326188246274835
1.1490416901373848
1
5.503037953897233
1.753233704358842
1.1174764070859162
1
4.809617700388201
1.6333843976740658
1.099606914421138
1
5.7193508661770345
1.4169999672410902
1.0521697597411557
1
5.262313234689705
1.428968971299894
1.0506116949622804
1
4.537573111956151
1.6502581516796595
1.0958884051607656
1
4.277219642349746
1.6470362474443725
1.084265416073835
1
3.7412673634824403
1.4501973772134593
1.0509429348761867
1
6.750684787774869
1.5318613018970693
1.0551043210037028
1
6.614197152080132
1.2532092720661707
1.0238735261375709
1
7.198125527438573
1.184547089351881
1.0140521984782482
1
6.5896656305568415
1.2004344362863084
1.0134642130716962
1
5.447335671687939
1.1941379597058357
1.0160017090766944
1
4.957176946665352
1.1559742029748723
1.0102397427447096
1
3.831408583898003
1.1193119087165528
1.0112464834629418
1
4.308796749047464
1.2384766645465746
1.023523884624845
1
3.7978129769193005
1.1148567428377587
1.0074522958617478
1
4.1355367615190985
1.258386621659075
1.0158980507677984
1
3.538815329133653
1.2698799949581228
1.0285329608561165
1
3.4607086487105803
1.1055223173384425
1.0327997846444827
1
3.6967135304530827
1.049501939450005
1.0220772344287727
1
3.598806456034075
1.1268182061599599
1.0346404089293204
1
2.8811495228744497
1.09923443257802
1.0242617842688644
1
3.60616906244157
1.3197830067199996
1.0494851486634305
1
3.1733055482876575
1.1408520782535783
1.0802061670878205
1
2.989224832280855
1.046247064211332
1.019224135626427
1
3.6319726756617134
1.3591544519275034
1.0495581641706584
1
5.424499830324319
1.399294274477079
1.0297456753972754
1
4.5006756261991265
1.3893047464369794
1.0346978308620036
1
5.603675146586955
1.5312905693055923
1.0793855360264017
1
5.611906568875749
1.6122979116386222
1.0711800549446975
1
5.005725850206919
1.6025481606890286
1.1728689017751872
1
4.20040652130713
1.3845146693288866
1.1660787069243088
1
3.955870271509834
1.3178357181534663
1.1051643922193353
1
3.85688811940131
1.3230140391137601
1.0311177319334726
1
4.054676128671797
1.2748378263765845
1.1174987017359093
1
3.3755889770581526
1.0821292271524072
1.0468863291846682
1
3.3787080004956755
1.189248734789516
1.1169168087548655
1
4.117472272641939
1.5601830123140537
1.2169867452629826
1
3.499362642965132
1.371196111931276
1.0908062833241907
1
3.6966897216810657
1.2264786607800364
1.0944923820740566
1
1.7222775634584735
1.0108132339283218
1.0028483565316801
1
2.718527076918269
1.210175150132389
1.0426573327502706
1
2.249783589855698
1.1556580323516135
1.0344338515788547
1
2.6269668485832973
1.2366849392183294
1.0479363228912535
1
3.394716305918891
1.5460140277259649
1.0690688184174257
1
3.6331684447465977
1.5946182502188313
1.0831317166503511
1
3.7940785873690253
1.5378678305876867
1.1028906050749945
1
3.8134819160562006
1.6990934672850275
1.0832871107127904
1
4.201756245490384
1.818692975196702
1.101912147382607
1
4.938785472331809
2.0108983478993694
1.071295875406291
1
5.574369690657256
1.7810469129466533
1.0372666276231088
1
6.557501265587271
1.5898576177563317
1.025787728481345
1
6.767525110010844
1.7330039259847174
1.0489066993463125
1
6.871654085191954
1.5614230207484399
1.0345943573529908
1
7.27017614609114
1.5080323713708412
1.0342724321455887
1
8.877515084279645
1.761723997423888
1.0534705823699466
1
10.350276720781522
1.4736845500086762
1.0182878902325703
1
9.58108457544371
1.5419870571204874
1.021185899940193
1
9.504284174347704
1.3048771971246709
1.0096436538437585
1
8.419615703978602
1.5200745349540987
1.0135049680513761
1
9.77775099290914
1.5959337999794292
1.010096903821609
1
10.689210523242355
1.9989692926199951
1.0285037785818554
1
12.697743026197395
1.919577687909633
1.02268500216623
.8620136291865471
14.511014895335638
1.2103351657471446
.8703596251754753
.7894085948774311
13.14912435024078
.8711881488044958
.7910776178372124
.7513048730510462
13.606038421261335
.9373203566876332
.7540391754965308
.986227113569613
15.042841833300303
1.2487106347045458
.9895150778207616
.7393906222811302
11.051597855550332
.7923936672059041
.7399362521253551
.6598748699361139
6.930694646414626
.6862392478819795
.6602319339293369
.6306148625856183
2.5340777082110506
.6572479671841073
.6309234086274041
.40108765991413725
.7497935471903718
.4018655794980292
.40121047925930403
.794280967048744
9.733571295951606
.8364168958911637
.7945805651411593
.7069708313502873
11.016886703565383
.741157133270598
.7071889450837203
.7669975175920161
9.973981045033273
.7880105180082297
.7671334283669589
.8203291916052667
10.425992856419589
.9309363410527705
.8210976818520229
1
13.90599430925943
1.9135989635546513
1.0112384909769765
1
13.524212624556426
2.1489118358130086
1.011285329158827
1
14.482370038409288
1.895436042844113
1.0174476424633032
1
13.074322068259201
3.044402614154262
1.0495462331999899
1
13.537717209495868
5.112618936813963
1.118067638546549
