1
1.0000005268900243
3.645774106022765
6.047275990738039
1
1.0000000537355875
3.9857181220136475
6.104881092856311
1
.9999998487799356
3.9668049563246957
6.125017984935827
1
.9999996974460839
3.913342498041008
5.993616730158254
1
.999999962160298
3.8295512192756047
5.9931545169494145
1
1.0000000034735306
3.8579250634315985
6.004422429040316
1
.9999999516565101
4.059356964091562
6.066808610774195
1
.9999999974736353
4.264502618669177
6.1412005182975955
1
1.0000000401584705
4.587341731358315
6.1332753986045585
1
1
4.532800180626749
6.0942179732501165
1
1.0000000000018106
4.287516037754131
6.020845746961191
1
1.000000006813137
4.3696433740507645
5.974847271098566
1
1.0000000314014854
4.021493499619686
5.802034814375369
1
.9999997909699542
3.8052581005095165
5.804459608743691
1
1.0000010181968373
3.7042083848006833
5.675498955566866
1
.9999999853281085
3.5712062045515656
5.643855465317321
1
.9999989987036937
3.8662967836746036
5.867131325021729
1
1.00000211231937
4.073741912108339
5.879585849219982
1
1.0000002792215132
4.149584132024493
5.946878054965688
1
.9999994594025419
4.118803120046789
5.895433386237528
1
.9999999975760959
4.228398325465269
5.836882134557991
1
.9999999999988003
4.218957870725693
5.897249103796746
1
.9999999018464107
4.061848949839647
5.83305482995416
1
1.0000000449267679
4.066822486632042
5.885124389986852
1
1.0000005547514126
4.030893788231488
5.940673531338436
1
.9999993555585734
3.9556764714308676
5.854857367018171
1
.9999999827482741
3.8058211474604895
5.900536796858252
1
.999999810374497
3.75860668236155
5.950523212861908
1
1.0000002289799186
3.7422531958289893
5.8502103214606525
1
.9999993131696269
3.6829631982481876
5.8682365637085185
1
1.000000467162641
3.6052212905771195
5.918538018132235
1
1.0000004881986604
3.5913418672003066
5.874501134127615
1
1.0000004912917684
3.5105565587425023
5.855198849670424
1
.9999992607190268
3.6169399710125956
5.88150875247842
1
.9999999616713487
3.512784652980524
5.835932670402752
1
1.0000002563810684
3.4852046857608636
5.871665155906935
1
1.0000002117992657
3.662580380146845
5.96520942904344
1
.9999999999946158
3.507129589589601
5.911466523501788
1
1.0000000167545422
3.3111934223506103
5.8631585440380105
1
1.0000000576347843
3.0258995790913303
5.701263174917681
1
1.0000002305670108
2.7549805608202385
5.484042005678037
1
.9999999944522897
2.757558817915363
5.573338940476853
1
.9999999318358266
2.768660608286838
5.485401170095815
1
1.000000053168098
2.8865132708909313
5.551432973883149
1
.9999996285517193
2.8870384517463745
5.549567414694822
1
1.0000005927065239
2.771318301314421
5.530347447889896
1
.999998621294793
2.8128529879666124
5.634849803468259
1
1.0000006905911984
2.7334126698962753
5.654670200591379
1
1.0000018538444502
2.632609788646391
5.477567970037126
1
1.0000000667954903
2.708393143697631
5.442191240179501
1
.9999998941208232
2.7576725200685215
5.438952700309557
1
.9999990524575794
2.601190350856704
5.414000548396965
1
1.0000000055136413
2.5917159631292517
5.438469304169572
1
.9999992255762237
2.5889605190168066
5.35375576950109
1
.9999999890364285
2.596010346196512
5.317577485238188
1
1.0000000010129586
2.6009038677483534
5.429572302652782
1
.9999998133580197
2.6165968853377004
5.3404442931758425
1
1.0000002723749761
2.4177859523497847
5.282165165629719
1
.9999981437754383
2.5466824908841392
5.482315097258815
1
.9999999766197623
2.70571051643191
5.669351227539336
1
.9999999999348824
2.7392962629466364
5.752572721626986
1
.9999999709438923
2.832045759387114
5.73787505543177
1
.9999999894215803
2.8951223602217673
5.8559884631425225
1
.9999999343836684
3.05598318873664
5.962144312924005
1
1.0000000568069494
3.055494056758312
6.084492488543106
1
.9999999644205049
3.115375336835737
6.1994771468446945
1
1.0000000625338006
3.36169303874295
6.268450282939308
1
.99999999991458
3.6474903137235173
6.43060815227492
1
1.0000005532466636
3.3078376231176407
6.3412175763339755
1
1.0000000841335865
3.2830532786076083
6.371998447819293
1
1.0000000569798213
3.228488546007013
6.26946947189452
1
.9999997619705535
3.0087739535808873
6.068603055653103
1
.9999993349905184
2.927100014343501
6.06728623680576
1
1.0000001270518333
2.9521978262781574
6.1359271296726305
1
1.0000000619989988
3.062388035474308
6.222474067529613
1
1.0000003873359788
2.9198317733138497
6.0535090895147095
1
.99999999919238
3.3438406368918465
6.332756729278038
1
.9999999986604018
3.2709156920524696
6.405445955755307
1
1.0000000272690013
3.2658573520455105
6.260065068575473
1
1.000000010821503
3.103185021847442
6.061182181000409
1
1.000000015640615
2.7823357685687786
5.849050482776837
1
.9999999170518284
2.8257298950864924
5.846049401965526
1
1.000000018307336
2.763705434764452
5.760906938935226
1
1.0000002057725044
2.83980201266903
5.802982882337695
1
.9999999958562737
2.8657080677144857
5.882014727596442
1
1.0000000513833884
3.0786008127734643
5.878559340027029
1
1.0000004358154861
2.8999938803492733
5.792847213332404
1
.9999998139992076
3.073323517458636
5.938408291992451
1
.9999983021744914
3.0353168684906398
5.918847649119261
1
.9999999817089148
3.205392788056275
6.011713798264048
1
.9999999838443077
3.157475581075817
6.026553790727769
1
1.000000003490791
3.321088064859184
6.055810350250542
1
.9999999994971663
3.4947124101207554
6.160257061945311
1
1.0000001368058078
3.289860869480975
6.2849657325815285
1
.9999999884856353
3.2954117993703806
6.2575683077922815
1
.9999998656591346
3.307679134803314
6.265604915563743
1
1.0000002989727657
3.3344768304157797
6.1932483279072965
1
1.0000000030921286
3.2416412284817775
6.1909706111570095
1
.9999999984925044
3.183242202742844
6.153527981263853
1
1.000000256699695
3.295300475861523
6.157392481960127
1
.9999993234263203
3.2115963512601176
6.134345765429138
1
1.0000010270764734
3.1736915480245123
5.999108644384964
1
1.0000000217767535
3.1304168385583795
5.980339316950924
1
1.000000009031759
3.1701730718785517
5.970236994895802
1
.9999999988834186
3.6306134343985788
6.132505607598964
1
.9999999534986631
3.5363595759558963
6.090121079760978
1
.9999997115368445
3.6336316267827335
6.226061254768609
1
1.0000000003836143
3.8815267846748105
6.241147007360355
1
1.0000002816037543
3.9650234846018635
6.3665568873676985
1
.9999997450688716
3.802424847618234
6.258213453278272
1
1.0000001689106814
3.8154893417955584
6.359084472217528
1
1.0000000029796328
3.8021245864119297
6.334641818812214
1
1.0000001619096053
3.7525637276318955
6.412008628023367
1
1.0000005758272408
3.750174346027541
6.409153210332668
1
1.0000000064348373
3.603822763979446
6.41353844282402
1
1.0000000186654874
3.4943198626749603
6.285412954636837
1
1.0000002319189634
3.3174198643059776
6.216188200638827
1
1.00000028724593
3.2744163290062183
6.2235562892898075
1
1.0000006506164643
3.293741254076101
6.2154484344536325
1
.9999999998795511
3.2682204188768043
6.216522003453753
1
1.000000394514458
3.5191064438098856
6.157625491072152
1
1.0000032405042845
3.3476180547694616
5.8186945949931985
1
1.0000000418317132
3.1166481629409244
5.637009265471506
1
.9999999175067408
3.171609812610546
5.770630276166277
1
1.000000983622137
2.943413131590893
5.7607514698862685
1
.9999998444483329
3.2380939232854
5.730010489744028
1
.9999999642085889
3.546280441283742
5.908902414178216
1
.9999999822713936
3.826051310857269
6.03326893488298
1
.999999520894526
3.93465500942921
6.017559801845338
1
.9999998611310824
3.875174738402887
5.948019279495114
1
1.0000005763856197
3.8596768030748145
5.875000374004834
1
.9999997667398146
4.1122778233955595
5.893016641050708
1
.9999999401894933
4.253594458400318
5.906221335553577
1
1.0000002800275674
4.226818367207308
5.90244478011037
1
.9999996274882225
4.388448069609825
5.931878717238784
1
1.000000655425414
4.282670039995151
5.8798403918191005
1
.9999999568623623
4.384013232493439
5.947482958612441
1
1.0000000020509752
4.485084472749279
6.048791910519761
1
.9999999729961176
4.563219949767376
6.052548576514951
1
.9999999994654007
4.5354509763618704
6.0078095923460095
1
1.0000000447161532
4.463493922550408
5.918630065210549
1
.9999999902334729
4.386965787635299
5.9009590123426365
1
1.0000003737606227
4.564913643429437
6.04378619852863
1
1.0000001564919268
4.557034956031605
6.01408792632896
1
.999999980377054
4.657248296344187
6.140483554853956
1
1.000000900871638
4.6012024859282965
6.069596204246782
1
.999999586779362
4.600248385002152
6.154774262804755
1
.9999996930160282
4.468224753278527
6.1693044981534815
1
1.0000001329130888
4.343341363997562
6.0219898676345025
1
1.0000034144244394
4.1291399480577375
5.768983203303982
1
1.0000001279449593
4.1888180579144505
5.878984462380322
1
.9999998752952437
4.10138817607627
5.852042273137315
1
1.000000008170209
3.9883654436720226
5.719123803651049
1
.9999996436678699
3.8976541003182312
5.559915227031657
1
.9999999980115682
3.940141502872674
5.594310196765605
1
.9999999783134195
3.867229446883544
5.568958868273034
1
.9999999838979939
3.818398475695332
5.605074336033091
1
1.0000000074229132
3.943586207949299
5.6351742733882215
1
.9999995586237299
4.117737835526843
5.75629298082895
1
1.0000007218343787
4.034673047753872
5.6936000531157465
1
.9999999981890874
4.349055592147597
5.900166350021207
1
1.0000000094708776
4.378912919717372
5.975342836092523
1
1.0000000001469174
4.260268811287092
6.008371768677735
1
1.000000000780572
4.451285495472171
5.999960292352525
1
.9999998216582502
4.535316167201033
6.167806181702551
1
.9999999996166334
4.549640898137437
6.20170400752047
1
.9999999834729164
4.672245048402939
6.1476690953793875
1
1.000000271375873
4.62190059544968
6.1804355333299625
1
.9999999899966208
4.612076994666306
6.23959853106997
1
1.0000000421753292
4.804661591333155
6.249738107500453
1
1.0000000018303319
4.628468521613449
6.228924908465511
1
.9999985127247075
4.6088623374993105
6.129908973325228
1
1.000000047813419
4.54031871880192
6.0623743921327415
1
.9999997179785879
4.471010560441012
5.986244073225803
1
1.0000000110838374
4.308788140220712
5.9868918451304
1
.9999998333163993
4.190288997763849
5.94106687848838
1
.9999999456076418
4.23895191917379
6.033603469166917
1
.9999997861714713
4.129173652563218
5.99144179286317
1
1.000001834579243
4.17159983490579
5.882109271919355
1
.999999968978192
4.102747017908622
5.892060264221377
1
.9999994994168688
4.277261772130717
5.860996151387592
1
.9999997837616271
4.243358288179496
5.9076212080398385
1
1.000000191687195
4.055465276476961
5.747841369837535
1
.9999993223829626
3.9443438855596447
5.806173487824672
1
.9999995856447217
3.8622829531538763
5.759135738474114
1
1.0000000006947791
3.881990808835418
5.720661532687462
1
1.0000000075889033
4.035778681705905
5.771806602765931
1
1.0000002399698822
3.97929210851514
5.729880740965924
1
1.000000035424181
3.8212645126439875
5.74184634030286
1
1.0000003408517826
3.839381715158523
5.733116053217795
1
1.0000001476224658
3.6170944709753616
5.579025627210432
1
1.0000000205032884
3.478730202052485
5.511344926492732
1
1.0000004125838886
3.5844702143809575
5.663761984104068
1
.9999998965125786
3.5100911559766277
5.555725848258437
1
1.0000008583224782
3.151051897227666
5.359883887004125
1
1.0000008188483989
3.2803854235139815
5.386067449844579
1
1.000000117446326
3.396167704611248
5.387257490155307
1
.9999999078874813
3.2138891615477445
5.389402185468217
1
.9999999478444953
3.3606913377099463
5.34966934404346
1
.9999992853218074
3.2347635776217905
5.4495302355907045
1
1.0000000547734504
3.2981184746403813
5.315103993523076
1
1.0000006242800628
3.2044025088833563
5.2432118413594475
1
.9999987952347595
3.237482857498382
5.229760470893245
1
1.0000001453234428
3.0995343828366893
5.3375845722802
1
1.0000000256841213
2.839091185615475
5.255678413446092
1
.999999987343153
2.743961676079428
5.2951977332831595
1
.9999998177322322
2.9425430277489877
5.297382007751172
1
1.0000000102274205
2.788430175840946
5.216524876879188
1
1.0000010933384786
2.753467874891025
5.086065858660054
1
.9999998248177554
3.1324346033958537
5.302464180941565
1
1.0000001724578547
3.1215211456480163
5.274613008904728
1
.9999999797128479
3.048101475885708
5.2776114435645844
1
.9999997421618135
3.0223535603295484
5.171898546521467
1
1.0000002826281282
2.9433332031265285
5.185147581706908
1
.999999880484648
2.943579027399788
5.247262617950415
1
1.0000000043927255
3.5247078621851515
5.459473357456702
1
1.0000000096647743
3.5656359190889675
5.445263192285397
1
.9999981251338088
3.581576118599734
5.4614565940583715
1
.9999995511765312
3.5839319143437116
5.51920751694347
1
1.0000000114093432
3.276977178640758
5.331372468828498
1
1.0000011074118047
3.290379333259622
5.278195883044608
1
1.0000000362580024
3.2248385512977147
5.157158650731446
1
.9999996113977184
3.068581385255685
5.207898120818373
1
1.0000000621342449
3.0984989810060792
5.3096843836055045
1
.9999999082571628
3.340184229668854
5.446476430534284
1
1.0000000083764016
3.4457684925984955
5.501713979232822
1
1.0000000982596695
3.403731338836714
5.432600923196891
1
.9999994524804826
3.4905152728958067
5.540139531505297
1
1.0000002161005668
3.483711327373432
5.4997525709938895
1
.9999999490463917
3.5727834858207
5.6400456687433405
1
1.0000017900134741
3.6272660356302198
5.556707233298767
1
.9999999681201592
3.91586819268174
5.614050956487142
1
1.000001465922035
3.448971165480142
5.492064578761776
1
.9999997393419257
3.5429781911497655
5.439712594463493
1
.9999986281816823
3.552572644643883
5.458241018250264
1
1.0000019866912124
3.480115164155739
5.438966965355438
1
1.0000004595397645
3.5568234969441073
5.334647993057556
1
1.0000007353790459
3.560915507695948
5.424799733332272
1
.9999995310852858
3.568943122963033
5.543336089940627
1
.9999997105137931
3.7461363962593888
5.585942393345146
1
.9999999802800472
3.970124649851766
5.675970310268191
1
1.000000404127149
3.8408991620338213
5.555900528755581
1
.9999994537903971
4.002807762011134
5.7654914296486215
1
1.0000007366825063
4.1084815195820905
5.769025179043684
1
.9999999908317252
4.221726414558519
5.848046423986769
1
.9999997490851431
4.230094210423626
5.868086926668295
1
1.0000001118425166
3.9891143356857364
5.702438570271742
1
1.000000054181797
3.864390051129871
5.7099100569859
1
.9999999932612096
4.10534458276455
5.681614244555384
1
.9999999838559117
4.298930452717764
5.797511221052497
1
1.0000001131965817
4.095922520147875
5.611467488901891
1
1.0000000023583357
4.064930885314501
5.571844851326932
1
.9999989000422345
4.078617286746599
5.599943197822076
1
1.000000091449906
4.08304187984188
5.640631408259552
1
.9999994488241881
4.07127244578544
5.671992850738377
1
1.000000000783429
4.167789914848627
5.709439276760319
1
1.0000002253928717
3.97400001395663
5.66513130667924
1
1.0000009538838612
3.761355444609485
5.5593029772117255
1
1.0000005118890531
3.59075491372503
5.569314385121668
1
.9999986858649186
3.770617212611492
5.470244213097863
1
.9999999591939855
4.012564798316545
5.631643367321329
1
1.0000016788733717
3.7607147971514667
5.475697437520587
1
1.0000017349476409
3.875938553376477
5.409500233901341
1
1.0000003084604645
3.9196900090065214
5.46756495596993
1
1.0000000005450866
3.707532011025988
5.318721283449784
1
1.0000000018694226
3.482315662039736
5.178064552169251
1
.999999948486248
3.4589919197455967
5.157453651830224
1
.9999989166391535
3.5439120208739245
5.295295168565805
1
.9999987317307778
3.654589004249403
5.291656878284047
1
1.000000500158831
3.7504770176770235
5.324094412321319
1
1.0000003390723462
3.8412819952133206
5.383413975416346
1
.9999998388355685
3.9048151650425584
5.447780305913484
1
.9999999997996916
3.7544732185423646
5.417083830240915
1
.9999997391631846
3.691048791427036
5.395640882369231
1
1.0000003652571379
3.6846235467733424
5.412592215136756
1
.999999921976617
3.397820378951469
5.251567661595407
1
1.000001260867511
3.5824321843606377
5.276597564555957
1
.9999992936271792
3.5057499176253497
5.354767779885188
1
1.0000004446184076
3.413014759928979
5.210255858892903
1
1.000000961832958
3.233515595863808
5.076297342516941
1
1.0000003399815973
3.1633893144863157
5.102214194771215
1
.9999999999968262
3.2072837060765127
5.201869124599776
1
1.0000003004613836
3.183599136739756
5.201674909800222
1
1.0000000079731788
3.302055151868917
5.199436288433428
1
1.0000007996940594
3.2117320119057036
5.075186522491871
1
1.000000084034665
3.16861568343426
5.142743613524563
1
1.0000000528043784
3.246982336468257
5.119052240793867
1
.9999985429930344
3.2465326013562756
5.185238744694359
1
1.0000000531788527
3.199013947338885
5.161347802337217
1
.9999999770403349
3.2376810180407554
5.1519394978601945
1
.9999996509813874
3.151227681181446
5.197519730447518
1
1.0000001848474616
3.207439429316931
5.1547638168975904
1
.9999993858259545
3.5736698552804556
5.5759031066700935
1
1.0000000249921164
3.350293265711463
5.30499403027626
1
.9999999999992089
3.3756001885135136
5.3420525667899454
1
1.000000354695353
3.5878712488650866
5.309495361099727
1
.9999999067873016
3.676890644579566
5.413497609286998
1
.999999733704211
3.8941177884761036
5.62723783537263
1
.9999999973828153
3.886316741380597
5.609467605496127
1
.9999990749703969
3.779130891706619
5.608825035806222
1
1.0000004437824348
3.66329195566021
5.4413441494617265
1
.9999999018518867
3.6381632931269388
5.450761817306025
1
.9999999968560884
3.4920527341120007
5.483931662981871
1
.9999999838361427
3.6284399702895893
5.526664179638585
1
1.000000497319063
3.740895006983987
5.472526336075265
1
.9999999868271293
3.9174689542490286
5.609511925490858
1
1.000000004101907
4.049072331920217
5.754702421489505
1
1.0000005665426828
4.050076748567614
5.7185956556419155
1
1.0000000699048777
4.210473351566443
5.860076618426445
1
1.0000002432958475
4.204884244937708
5.935846085066739
1
.9999997729822834
4.2543799633369925
5.952051289818023
1
.9999999912529501
4.102471624623384
5.833214720732934
1
.999999851035937
4.212454874792274
5.902201355154625
1
1.0000000000020544
4.114382695167664
5.8111561802718175
1
1.000000036265257
4.234178648336226
5.8720694713071575
1
1.0000005404691101
4.250957766110729
5.864007168640192
1
.9999995304973618
4.2624516176250875
5.84492958413025
1
.9999999978930925
4.29579229553354
5.860709363598082
1
1.0000006470819007
4.323076721415932
5.893371095299783
1
1.0000002736519127
4.271040256707621
5.931705523024894
1
.9999987175977503
4.327069335909655
5.959433685328129
1
1.0000011351246045
4.10949622311107
5.759385978048287
1
.9999996705784638
4.174348932404145
5.733542428372438
1
.999999680436883
4.227550964734244
5.871628535222662
1
1.000000001593151
4.274489873687427
5.9082906441661684
1
.9999999992163479
4.2888416891226155
5.841018469124229
1
.9999999999999958
4.404308658106172
5.964580247152069
1
.9999999866235258
4.615133080762728
6.056066032367139
1
.9999995142316855
4.411369987648624
6.036903764262542
1
.9999999999007432
4.0283357224195555
5.853743584781126
1
.9999999734775994
4.259309353914801
6.002318286747271
1
1.0000004223025403
4.1817288606598035
5.9236084970087575
1
1.0000000104939062
4.3731871434335545
5.913680296703816
1
1.000000456715293
3.9892374536955364
5.755443547623303
1
.9999998409965811
4.149260266322435
5.795706990571362
1
1.00000000727836
4.121286394962141
5.789327604402888
1
.9999968510739093
4.131665484402556
5.815095364590433
1
.9999992882624917
4.319867034855278
5.9264787904166365
1
.9999994129104056
4.5325962717511565
6.1202591287982475
1
.9999999991118601
4.239626973132717
5.906099637613663
1
.999999843842731
4.2779210253156705
5.987230706088664
1
1.0000005649142925
4.062361449457466
5.871828338518705
1
.999999083948669
4.191863818089248
5.803342612070478
1
1.0000000883674691
4.108532909719558
5.781622489518999
1
1.0000000915004488
4.169133005365242
5.939355761130542
1
.9999997764878465
4.16622401510484
6.055749946262607
1
.9999991032582206
4.1914313770467455
5.981740366432974
1
1.0000005942911192
4.306213860217775
6.103558116967601
1
1.0000000303129484
4.323766793905484
6.013891426263856
1
1.0000000077874678
4.266993528729486
5.992979681684654
1
.9999999597803007
3.934915728812713
5.867576968949067
1
.9999997836532624
4.031068769262389
5.947376820095105
1
.9999999993551806
4.02268227088143
6.0390674704722525
1
.9999998395204023
4.096564169838235
6.059217819938563
1
1.0000000447037083
4.174585541763358
6.026311122859079
1
1.000000169304674
4.132241647735678
6.16570839033557
1
.9999998058946136
4.089917150406746
6.065151812708021
1
1.0000001309524729
4.0986296945641545
6.110966109388669
1
1.0000002888230501
4.3266287040765725
6.180438602555393
1
1.0000003277275338
4.26609836843787
6.219651944559632
1
1.0000000562570954
3.7990122833454962
5.974235989164803
1
1.0000000288171704
3.7747546991375156
5.752051607817661
1
.9999999110011079
3.821506200385797
5.841920004680698
1
.9999999669256416
3.8455669879509298
5.87140808752266
1
.9999997008373055
4.11005435234435
5.955666535371207
1
.9999993027334583
4.278245741050996
6.110773310640325
1
.9999998742363368
4.301241094522326
6.149585001580491
1
.9999999805944773
4.18709659644858
6.122341383242168
1
.9999981260165276
4.116939492606699
6.168348629699146
1
1.0000000256481705
4.10806401099624
5.965607350866512
1
1.0000000697856795
4.061717998620535
5.935827831910477
1
.9999997850407861
4.2365781574894195
5.956761617777339
1
.9999989211303759
3.920788525264777
5.799260142191806
1
.9999999782131502
3.8370374477179996
5.7554932910321615
1
1.0000000031854615
3.9542469356264784
5.74731791643065
1
1.0000028701383097
3.966873936618276
5.676224572929492
1
.9999993813452303
4.096900471629843
5.827367582973147
1
.9999999281975521
3.974649849904672
5.69333218091416
1
.9999999179964664
3.9338868981428514
5.768099564386741
1
.9999999398754637
3.8949401796739442
5.77640476693818
1
1.0000002483879182
3.760883292590331
5.642540048921221
1
1.0000003092477348
3.9057666644653186
5.582227515513115
1
.9999999279479854
4.017646782677011
5.667495426182921
1
1.000000410793693
4.078963254847989
5.61640352566093
1
.9999986764023612
4.185599665800869
5.846160809162387
1
.9999999301538999
4.330095803989291
5.8809694616024215
1
.9999999869106054
4.295169873045335
5.878031719583676
1
.9999999999646785
4.172092125388152
5.744704623592572
1
1.0000005645017185
4.271662183400092
5.781346238155531
1
.9999995101151802
4.255895210773727
5.761488862783489
1
.9999995790122951
4.179442949221859
5.756260032780721
1
.9999999870175753
4.0595512720190925
5.7149504948956125
1
.99999972811581
4.194198034258606
5.793555712627671
1
.9999995949596602
4.267830633763032
5.928590930037779
1
.9999999999303477
4.389959711921606
6.009239580861849
1
1.0000002498674065
4.28617044884918
5.94206240654745
1
1.0000000007379104
3.966502687917404
5.805505449012609
1
.9999999289994633
4.067438138064675
5.8363723993155885
1
1.0000009443285367
4.122430768908912
5.765567438472949
1
1.0000001838314228
4.177742274935049
5.839684756619989
1
1.000000692002535
3.9523690117002244
5.691510162428472
1
1.0000006925260991
3.676771641774327
5.5205320692250925
1
1.0000000216321456
3.8856847768884446
5.6559352115191075
1
.9999986347292573
3.7567203474452286
5.726499038872714
1
.9999999852895863
3.8505715563897325
5.723075140934809
1
.9999999821120248
3.872638251771539
5.754489835598748
1
.9999974871965072
3.599809661161446
5.668796013575074
1
.9999999956943322
3.5587202674965077
5.578924697346943
1
.9999999514621399
3.607144017056768
5.766202082740423
1
1.0000014563215678
3.5043176835815446
5.5983359125429715
1
.9999992285132426
3.6306464772066476
5.641554121925925
1
.9999999423005731
3.3857895725433744
5.6520361239032795
1
1.0000005879714968
3.281867029183122
5.555146809647211
1
.9999998024294082
3.567442556001238
5.729474749689351
1
1.0000000125819448
3.5011562697737433
5.504869798309425
1
.9999999718884466
3.7624504251776103
5.508461710518541
1
1.0000005801220397
3.6692577419454553
5.446613423047886
1
.9999999208215538
3.527119134314857
5.3718291073833155
1
.9999999483844909
3.5411533530655084
5.338356285011539
1
.9999990348566373
3.6429958251126155
5.469897368475508
1
1.0000004585749183
3.4533837235320677
5.411330257294364
1
1.0000000639080782
3.590393162016562
5.525491322259345
1
1.0000001221049488
3.5998510745983565
5.365292786520203
1
.9999998232278958
3.626080752469144
5.389117921015023
1
.9999999991771881
3.8109814849594774
5.53234080637189
1
.9999999999124185
4.087925482195727
5.724943987190068
1
.9999999992264703
3.9904818805090714
5.665553589252255
1
1.0000000851660134
4.113297876380117
5.747984982909929
1
.9999985272653789
4.167286589313865
5.70732717872005
1
1.0000002784155342
4.167912597957436
5.703021586863159
1
.9999999879001984
4.156079899931748
5.658950856519318
1
.9999993366795431
4.166594459565633
5.669896889975434
1
1.0000000777110492
3.968233095350206
5.626120168476439
1
.9999995053813169
3.9575881325717486
5.57487616100817
1
1.0000000023480304
4.167251708824967
5.726957344645415
1
1.0000015549135826
4.090181283419772
5.628706107477447
1
1.0000000691257036
3.903864034188319
5.617464960093795
1
.9999993271244791
3.987655006601572
5.627576877147065
1
1.0000000067801083
3.9890525778425396
5.6167356065180964
1
1.0000002010152456
4.145762768967427
5.699463621101356
1
.9999994106952115
4.149326205462879
5.789198537870423
1
1.000000152328755
4.208401965566844
5.860929183779635
1
1.000000538408324
4.185706953224957
5.7739736129549994
1
1.000000004800371
4.1141729251578845
5.673019170033418
1
1.00000003443639
4.212928957787484
5.708202495110163
1
1.0000006507213939
4.075509796906502
5.61844431655247
1
.9999998712532016
3.968325215369658
5.6927038763615885
1
.9999999750889518
3.960224127218273
5.7281872571283055
1
.999999988201527
4.1617501686977265
5.843344202442306
1
1.00000002603203
4.232079743247233
5.88134072455661
1
.9999997785598371
4.311315151332524
5.942236644276791
1
.9999999039447518
4.189507755941664
5.945752747409979
1
.9999992140141404
4.1771538970718485
6.082815366453345
1
.9999999771232407
4.382946568646696
6.257370746555065
1
1.0000018172050422
4.033174497705104
6.144463667884046
1
1.0000000199568233
4.0238362484965045
6.15918236314268
1
.9999999509429789
4.094976474651682
6.194382805232027
1
1.0000000004115657
4.12256784540781
6.1936068030972855
1
1.0000000318286764
4.079071855812573
6.1160887992717745
1
.9999999952840596
4.285633404616542
6.2890115968600435
1
1.000000773504416
4.274074074069803
6.197389062805913
1
.9999999564485159
4.475480382554117
6.310705336351251
1
.9999999624272669
4.386685495021473
6.330972958416033
1
.9999999958490501
4.1816167429835245
6.226526931414551
1
.9999999861510722
4.000805301797086
6.15976688248771
1
.9999999649818186
4.004378576796578
6.262159131836112
1
1.0000000223695595
4.138817007071484
6.198616810293002
1
.9999999965231998
4.184573057410095
6.22894995436774
1
1.0000000035090075
3.8975164551888444
6.191204899240239
1
.9999998057726475
4.130867263642644
6.310821643934509
1
.9999999982876654
3.9609793093092973
6.233539180682593
1
.9999999731802663
3.95642668285453
6.202733743447847
1
.9999999410334386
4.1531020126253235
6.361221361830009
1
1.0000000021139306
3.939966361855601
6.290905622907844
1
1.000000189107085
4.2386553289282975
6.484966104397782
1
1.0000000917606373
4.418407199371399
6.505655655522187
1
1.0000000434183203
4.5687062575833455
6.562677754520129
1
.9999999968068884
4.626324365603166
6.584884931932547
1
.99999999992152
4.947977690873117
6.747082440306819
1
1.0000000221955614
4.886897907901908
6.711727330538467
1
.9999999985987017
4.668243601038854
6.64647326388231
1
1.0000000857500397
4.451586246913324
6.567549083883863
1
1.0000000791634158
4.263642984478043
6.64511111496493
1
.9999998368337926
4.317191203699391
6.811735503847213
1
1.0000002964611203
4.435562661753832
6.822095665800467
1
.9999999059061875
4.403411787397475
6.744573485653392
1
1.0000000188514804
3.7862668327274864
6.447551384030096
1
1.0000000026520262
3.710357736823976
6.378587816829246
1
.9999999878625556
3.5373922348396625
6.3913586266837115
1
.9999999999927979
3.617918869633481
6.503253466575094
1
.9999999992855525
3.4499614328209107
6.486723914886385
1
.9999999994858233
3.4768653870808732
6.406610966954623
1
.9999999988460528
3.477165853789802
6.399559734589241
1
.9999999999997408
3.623784279469729
6.554006746646919
1
1.000000021508757
3.9497340763626836
6.674165568016115
1
1.0000000068579955
3.9022857103281767
6.64858970038497
1
1.0000000003554916
4.114352185030876
6.605597409466054
1
1.0000000761565062
4.2053790214598115
6.415135343304405
1
1.000000002609784
4.359189187729917
6.457447368300478
1
.9999999999911464
4.473159059695677
6.570901177488875
1
.9999998985996431
4.346326513791953
6.528706905852974
1
.9999999998962552
4.223431552153895
6.463810615233477
1
1.0000001917707395
4.175638565384925
6.49111602256023
1
.9999999629288502
4.089247394823234
6.491312452640489
1
1.0000000066067247
4.2508907030078245
6.447393727508571
1
.999999999837294
4.128790289454252
6.44046099391844
1
1.0000000306096344
4.196161696411806
6.389512563215458
1
1.000000024690033
4.254210421427297
6.439208888352651
1
.9999999825128357
4.336575092549264
6.384880934933927
1
.9999999998296211
4.082503516014627
6.249225238562964
1
.9999995542312191
4.1695730646001
6.310256446516346
1
1.0000000800617885
4.3220703799854014
6.381112684211508
1
1.0000005861492225
4.296422684986359
6.159461032709761
1
1.0000000573762844
4.354506704729294
6.098056660171676
1
1.0000003424135122
4.165184724302365
5.988612582796732
1
1.0000004070705575
3.9511781673557547
5.968233166446132
1
.9999999231120781
4.274247410373374
6.0422610520172855
1
1.0000000310509827
4.1654886256709736
6.000041047077444
1
1.0000002518448667
4.157743405437722
5.994274787432341
1
.9999999712166793
4.09796638598798
6.105946850429872
1
1.0000001912323777
4.02379203839555
6.14812016188838
1
1.000000369429673
4.104619091786835
6.106910996891191
1
.9999999525631946
4.377271764433144
6.194680300753628
1
.9999998321407624
4.261227282650877
6.202151920547616
1
1.0000000584166477
4.088986996315662
5.948863687249698
1
1.0000002951543805
4.389755629525753
6.031314676249018
1
1.0000016589325729
4.297654486920194
5.890038034018242
1
1.0000003739958303
4.240974763330359
5.913521019333534
1
.9999992282671807
4.220561966719068
5.906126686888903
1
1.000000447911556
4.356449771009599
5.993790138184375
1
1.0000000087262633
4.300736145966392
5.95089203892561
1
.999999829234143
3.984202571943302
5.745477832145801
1
1.0000005719257912
4.006475881337438
5.749079861490205
1
1.0000000759729077
4.251956998725351
5.828721934000311
1
1.0000000185510198
3.9857460377978224
5.647206087337882
1
1.0000000686566899
3.710821868650329
5.54101801943369
1
.9999995708240372
3.6240694487812566
5.521210251607837
1
.999999987375655
3.5598295747711153
5.528508183606047
1
1.0000000292338083
3.7076335586896203
5.58092730373693
1
.9999998232444448
3.5718031293106582
5.593693735912318
1
1.0000004522705943
3.423817648002132
5.55669252416969
1
1.0000000001043643
3.3729270899159878
5.517653599870181
1
.9999999998355313
3.810161879466333
5.724093223775033
1
1.000000487267641
3.9505762112439
5.677377654704896
1
.9999999319998181
3.97859168720563
5.723888709484937
1
.9999999947238187
3.974221156553674
5.792905222994755
1
1.0000000394023496
3.8556966079331825
5.700172740325552
1
1.0000007057225062
3.8719904590819807
5.664356788871913
1
.9999999348406361
3.9634668672191102
5.668640320920029
1
1.0000000091817176
4.116591333284337
5.666131192286047
1
1.000002264854399
4.101074300016509
5.613032414953512
1
.9999999106639574
4.04490889039393
5.633818067864457
1
.9999999339975985
3.7928632908870767
5.595159195488786
1
.9999999999481115
4.05532860015536
5.788774483069818
1
.9999999999996388
4.050793818299339
5.86965412938963
1
1.0000001058727552
4.037443175775171
5.829007625415194
1
.9999999771648932
4.048521906215147
5.841158398893594
1
.999999821342309
3.93641430188978
5.741156167271753
1
1.000000090548003
3.9646764196894653
5.714015060199495
1
.9999996505901821
4.162753486399127
5.785769575378473
1
1.0000000082770026
4.002676345834485
5.794222920065376
1
.9999999341230928
3.9505112460614438
5.841087220187975
1
1.0000001126450961
4.154441488491307
5.828361778456369
1
1.0000000921396508
3.971555368816567
5.769359020421235
1
1.0000001811404218
3.736003337271298
5.680709726883056
1
.9999999528123632
3.6959313679205192
5.607843246832823
1
.9999989136144359
3.7582418133467996
5.7404268300222405
1
1.0000001735653403
3.859982764501617
5.926980981689291
1
.9999997130031353
3.5705471608994763
5.790128152121512
1
1.000000232539618
3.30497735295973
5.803474870257725
1
.9999998778754868
3.4007226545355573
5.829738712832472
1
1.0000001304466286
3.299352079413652
5.816317316751158
1
.9999999950501545
3.1576535498358558
5.634396344141462
1
1.000000044508077
3.115550257253678
5.573367403594599
1
1.0000007225274357
3.1731442247775656
5.629686471036581
1
1.0000000078102713
3.3107745410974783
5.649943537931209
1
.9999975263919637
3.3687015249364625
5.669506570292629
1
1.0000000003132963
3.3877944720994293
5.7874501301935135
1
1.000000000000001
3.40084535136809
5.757619989895201
1
1.0000000175268258
3.2314357638309414
5.754549474177904
1
1.000000101439993
3.4461996395457852
5.712340304105312
1
1.000000070750201
3.329744816113652
5.7320389992684975
1
1.0000016713705107
3.097647715223327
5.58150137570658
1
.9999998133161784
2.954246881720243
5.450049852353932
1
.9999990351152648
2.9328995560558746
5.389123397399401
1
.9999995688294124
2.929714354018221
5.439546390152289
1
.9999995767797032
3.1724074292845414
5.704547733191588
1
.9999999530064291
3.1385226218457514
5.684603439692868
1
1.0000000088038326
3.0604637144018487
5.79353021463802
1
.9999999996002885
3.0969717068920013
5.963752086881588
1
1.0000006883606556
3.1563290740154355
5.892649694762751
1
1.0000000500895805
3.0898244257734393
5.774758566238525
1
.999999221628673
3.0551598944552687
5.904664725022847
1
1.0000000150216688
3.0307254771277936
6.043431532661997
1
.9999998042238926
3.2584041879473427
6.156443595228373
1
.9999999692303748
3.2026908636407736
6.32821165075213
1
.9999999837243367
3.1958386385696116
6.367402055673412
1
1.0000000219006946
3.1194419662549717
6.252895180859152
1
.999999999992807
3.193240283430806
6.30660144050708
1
1.0000000321554603
3.265829097144652
6.212286940990841
1
.9999999881338337
3.14393022330523
6.223547981388934
1
.9999999986500717
3.421282324456599
6.382262116847683
1
1.0000000010656205
3.1247940547231634
6.257725604079951
1
.9999999139016311
3.161869399064452
6.333728442690509
1
.9999999743148227
3.1452130640390186
6.258866857187904
1
1.0000000145574197
3.3526680877362756
6.439702482733851
1
1.0000000001393072
3.25108880668303
6.383447255530641
1
1.0000016123576436
3.0883719385686517
6.021294398067769
1
1.0000001340110114
3.03944559148406
6.026960934346929
1
1.00000000313065
3.2024406618870263
6.225060447824233
1
1.000000109496529
3.2616313674948003
6.203606275857561
1
1.000000120885861
3.4068193607819675
6.159656787277399
1
.9999989861347003
3.437469377762481
6.136534803721251
1
.9999998797311124
3.2740177373355612
6.066748096775536
1
1.0000000025365834
3.231766849146208
6.0935420756273215
1
.9999996160405493
3.1109214562016136
6.125168550437048
1
1.0000000077068236
3.1718255611179904
6.12597354698937
1
1.0000000171284538
3.2459297119998274
6.160967130214683
1
1.0000000480235232
3.468365573410363
6.165987986001806
1
1.0000001162680203
3.0758698623934904
6.026985670005138
1
.9999999973647126
3.064066769705141
5.977746126786623
1
1.000000433517536
3.3509041034504143
6.138055825500051
1
1.0000071133056145
3.114422343890415
5.935549432979347
1
1.0000000393031374
3.0924091850203674
5.874004361274581
1
1.0000003457520745
3.1404301273055437
5.815667717529067
1
1.0000008578069843
3.3696115906749236
5.837189297629534
1
.9999998226644348
3.6030804648853456
5.995048155032224
1
1.0000006651287363
3.270699743928223
5.931468764237334
1
.9999999910141163
3.181991912855755
5.902175639856254
1
1.0000001041129059
3.0783335904801516
5.836146022256987
1
.9999992647732114
3.109367889553328
5.857767584191343
1
1.00000011168396
3.0891786104165444
5.8053544371080585
1
1.0000009999544892
3.28314325319377
5.835828199659855
1
1.000000881248374
3.1881945451241527
5.790216246792912
1
1.0000000710457815
3.1933920659127
5.812844357642212
1
1.000000053968807
3.2654399293142884
5.839549890269926
1
1.0000000591048404
3.339305190876554
5.924916697173814
1
.9999989150293918
3.1955079768258283
5.892584380306164
1
1.0000000061531045
3.017276077706824
5.877047888694046
1
1.0000000535807654
2.971688480729882
5.892308623078738
1
.9999998685908574
2.920568213729107
5.839574209521805
1
1.0000003214463797
3.096916889025009
5.842200606143245
1
1.0000001644508278
2.974695182983023
5.7332118874523825
1
.9999999720769585
2.9035640503854787
5.689899187792529
1
.9999984560839501
3.0006482119174693
5.781030634763536
1
1.0000003234691175
2.992029410708949
5.739352826521521
1
1.0000004552705326
2.9559093031009933
5.722779909541926
1
.9999995960910845
2.949953121455467
5.759207457773124
1
1.0000001190122247
2.9552081198869473
5.764276140606013
1
.9999993409941945
3.0086629705175993
5.795592028482561
1
1.0000002895342388
2.9662588176391713
5.735611096636535
1
.9999993865735104
3.059663877319091
5.844164055795986
1
1.000000047246493
3.006452253778489
5.763999003504176
1
.99999952874877
3.0020219793080014
5.818734086375965
1
1.0000000436952394
2.932791801360814
5.70106185198124
1
1.0000001308846769
2.8470286081295333
5.5613479987249805
1
.9999989703140213
2.727646516355639
5.483539938862896
1
1.0000009910572818
2.8039306264532047
5.65799944727254
1
.9999962368571049
2.808096631335939
5.63111362287994
1
1.0000011433179967
2.819234103018119
5.506034796762484
1
.9999993960361897
2.8031501039409754
5.576152082286773
1
1.0000000763308434
3.2590401473423363
5.589632817876793
1
1.000000820068064
3.2456953794486743
5.591621603824668
1
.9999999341564034
3.1860305550418064
5.58107239462718
1
1.0000001812091641
3.395839103814862
5.643819974149803
1
1.0000009031673847
3.446005420886382
5.629912561318395
1
1.0000000023970415
3.7340041747202157
5.747638617850142
1
.9999993099577966
3.60475991104654
5.787623878404402
1
.9999998656444177
3.8690232463387613
5.978827864745472
1
1.0000000790915826
3.613206788412905
5.948959713908597
1
.999999991054709
3.4687332781456224
5.918395129988118
1
.9999999626426083
3.132983005880626
5.568221929046296
1
.9999991836718356
3.5181237306513284
5.703417124733956
1
1.0000001459109626
3.442876791113184
5.724895394349777
1
.9999999883191316
3.3570505397723713
5.777761673530637
1
1.0000000817435322
3.298597672704084
5.689312082858288
1
1.0000007495061312
3.386603997542918
5.6503409283803006
1
1.0000006778700625
3.055721151005378
5.481754234582246
1
.9999999834491665
2.922151049018906
5.598355592276445
1
.9999999917055622
3.2446839208930793
5.540619966625506
1
1.0000017043724008
3.204685605791566
5.374359400025924
1
.9999994228053517
3.317310526651135
5.380365187428061
1
.9999999770204023
3.282650546634681
5.523516825864766
1
1.0000000200587744
3.18395361586254
5.453767836764155
1
.9999999331356502
3.2009412755878386
5.461661927829991
1
.9999992694515989
3.128181478712151
5.455062674453424
1
1.0000002276128102
3.2183053489854716
5.441966026658412
1
1.0000001718097997
2.857036288314803
5.39156786705883
1
.9999997286464269
3.2033202714633493
5.476148650405084
1
1.0000021042879637
3.4394014240344792
5.617805451451717
1
.9999999986415261
3.44494481479187
5.8489043266391265
1
.9999998602220329
3.3566075118563057
5.878928985517174
1
.9999995362141465
3.429567960370633
6.104413182238338
1
1.0000000495291326
3.1314804821127575
5.981261141822025
1
.999999993252416
2.959930107934349
5.869960082200541
1
1.0000000073785167
2.89656777673527
5.8091541492821115
1
1.0000000628516161
2.8899254481936794
5.963145218068228
1
.9999998176155809
3.145054737232699
6.10069414267531
1
1.0000000000000453
2.751573798488974
5.845358250326041
1
1.0000000010497316
2.728051546777611
5.77407304468775
1
.9999999989297985
2.868763108974031
5.855792595840652
1
1.0000000198700423
2.836956778332582
5.75791767192487
1
.9999999997879224
2.740095467752253
5.789884159221274
1
1.0000000370672224
2.9137336025980276
5.632698627283624
1
1.000000000009066
2.896186290235229
5.583591080243716
1
.9999999999303969
2.8487547882499467
5.3350962129875645
1
1.0000000000134592
2.957691450462355
5.312418338662629
1
.9999995662624283
3.0907425308765704
5.415751681196878
1
.9999999609309057
3.30166995824541
5.660180555081976
1
1.0000000000195794
3.333618693179104
5.696714731941593
1
1.0000001142234785
3.386926378973425
5.805661967003715
1
.9999999575574088
3.6455666908344577
5.90786541045673
1
.9999999874515582
3.536347480097883
5.753586924202861
1
1.0000000126814101
3.4257193341611933
5.841535062655428
1
.999999998876078
3.498104038709481
5.946211717103335
1
1.0000000040834311
3.3694114708975373
5.998314224857575
1
.9999999751478716
3.264044854554856
5.934807285800194
1
1.0000012892695247
2.953785075433867
5.766273747846965
1
.9999999140297507
3.121633196201834
5.792071955818501
1
1.000000523202555
2.831611771389161
5.695150407599083
1
1.0000000017622352
2.8992649690482186
5.694452689180472
1
.999999999257344
2.9526076154656002
5.775849857437779
1
1
2.971517656334559
5.9528164256675025
1
1.0000000549529455
2.920015382282534
6.085499144743233
1
.9999999993263488
3.032218443920279
6.141982888387884
1
1.0000000369764963
3.162997537725583
6.085359651489354
1
.9999999622312346
3.307346629671908
6.175698716706038
1
1.0000000006994536
3.3370646801871002
6.125268822661674
1
.9999999250472208
3.614040670309157
6.250137903129056
1
1.0000000004888026
3.666737341744816
6.194001625031347
1
.9999999998786216
3.7060454933549973
6.15664578757565
1
.9999999846410433
4.008251284302355
6.357127050764536
1
.999999999894604
4.2426391918880535
6.3922785080637174
1
1.0000000048903974
4.22988240693484
6.409239783570474
1
1.000000010511602
4.134475734279053
6.490315577699077
1
1.0000000114869931
4.13132037412674
6.48944386539001
1
.9999999521655626
3.8307640758622172
6.503775115543764
1
.9999999998409321
3.7023328564609272
6.598063979293361
1
1.0000000796498834
3.2643513453732256
6.398558396012298
1
1.0000000003086817
3.4759067663872525
6.461212839627268
1
1.0000000005712197
3.203217075116583
6.326260402523132
1
.9999999984445879
3.4555226654373388
6.425251067630191
1
1.0000000040490533
3.3490036480450396
6.202950655469862
1
.9999999999999992
3.305772941072689
6.261526961835259
1
.9999999999874164
3.509284606741915
6.1198061077275225
1
.9999999206973781
3.3218236838095008
6.297172397746828
1
1.000000058103194
3.5914250385464253
6.4364017038426224
1
1.0000000215487164
3.1808281190845187
6.206234981322181
1
.999999999933023
3.288199114966442
6.395118493214231
1
1.0000000613210271
3.154966507937823
6.151837592595402
1
.9999999742846156
3.185590803495905
6.347755095865751
1
.99999997950557
3.104444400715069
6.18642074955516
1
1.0000000028713045
3.009804345102409
6.162434322508858
1
.9999999998284604
3.01449278100594
6.163568463970845
1
.9999998965958321
2.9074227838457687
6.160304102926447
1
1.0000000000193026
2.960085963590436
6.0065387735658184
1
.9999999953716193
2.754851363755669
5.990213742861378
1
1.0000000477863644
2.7488321769161566
6.002562709071088
1
.9999999903381869
3.1245191013548115
6.211239788005531
1
1.0000000850480473
2.760528051335081
5.921541969350212
1
1.0000000307246024
2.8028717381844332
5.94602754004161
1
.9999999209069383
2.8440018937460874
5.770876192093507
1
1.0000000103565998
2.643246712176247
5.446825158187888
1
.9999987949090863
2.935773737691105
5.54515255130166
1
.9999997766750056
2.8141272302623435
5.636378658391364
1
1.0000015180416322
2.802206856753282
5.630118527772162
1
.999999826370925
2.5853108486639047
5.488918454881256
1
.9999996026074768
2.836202993858957
5.572285099721964
1
.9999997400077343
2.890590739153702
5.624543141676956
1
1.0000000482139868
2.715100965513045
5.578055392397509
1
.999999775082869
2.951023965463133
5.7178257588082095
1
.9999999990940555
2.893256076515753
5.778713880310457
1
.9999999998508117
2.9233720194819144
5.896604318990238
1
1.0000001723253746
2.841054213048999
5.823675573540724
1
1.000000022095812
2.909210774560907
5.890569511227978
1
.9999999033631995
3.048165985821407
6.02085328954696
1
1.0000000017206714
2.9721687221133437
5.952646794736305
1
1.0000001217551897
2.9867014214743115
5.855656446183841
1
.9999999468492319
2.9675734609010744
5.978503172842627
1
1.0000000191092806
2.8313329345343377
5.813891387109517
1
.9999999526803117
2.755823687090599
5.687567591239718
1
1.0000001018143698
2.655736521459071
5.540325301500014
1
.9999999717756332
2.7950923810788697
5.728213840630704
1
.9999999646733916
2.687346120357779
5.565967300267565
1
1.0000000405027956
2.5020439076739285
5.3244933679683415
1
1.000000023108439
2.3918536254056297
5.220721013086986
1
1.0000000892169512
2.4349985549774273
5.226574331875778
1
1.0000007490110032
2.4770900911859015
5.318276980706346
1
.9999999899301222
2.4414209456841203
5.290646237497811
1
1.0000008073103646
2.5843861060542284
5.457931681066439
1
1.0000002628480462
2.563900588416713
5.497302153485337
1
1.00000000108082
2.511099803255634
5.407298411405871
1
1.0000001475434876
2.3912332962418352
5.210851274749184
1
1.0000000610959157
2.521675415859735
5.29488515788332
1
.9999996398693751
2.4473078474876924
5.285412345049584
1
.9999996023966076
2.393192890600392
5.361127269510103
1
.999998951261932
2.6270630328534095
5.397345317614351
1
.9999999183362066
2.3825328288167
5.170170505935151
1
1.000000651144461
2.4670971501769174
5.140254880493008
1
1.0000002313280798
2.733278100379034
5.566416100302746
1
1.0000002832653574
2.654210454286716
5.520783546121063
1
1.0000005404244638
2.6144869833523328
5.514778240428432
1
1.0000000326331837
2.613951277384497
5.5247651097310575
1
1.0000000188661666
2.6607556697380526
5.591774721462105
1
1.0000001329002148
2.6842729533344665
5.5503356417461385
1
.9999999998392022
2.467460156665674
5.337088657148999
1
1.000003357183508
2.7250758435782605
5.444696924324053
1
1.0000002489043767
2.7576786716181956
5.489970252242201
1
.9999997110993282
2.576621581793653
5.426028339081175
1
1.000000000007602
2.7399928245485485
5.456625531613958
1
1.0000000025075106
2.891312769585831
5.556589512397704
1
1.0000002402199253
2.7141763079313437
5.597631021655152
1
1.000000000638989
2.7519654772586977
5.487236228258265
1
1
2.7997288285317175
5.400506730019369
1
.9999999999941187
2.7886852939790243
5.303403588804146
1
.9999998854623052
2.4390473421035552
5.327818538629869
1
1.000000019156204
2.3784553357400036
5.165279564307123
1
1.0000006238057624
2.5468515805527954
5.250343609546438
