1
12.238928308914973
10.202934564267572
2.7664082444027875
1
4.3118919313860395
2.430865889644527
1.3576748672802472
1
14.017602099744767
7.153675886347441
1.180969401767713
1
14.769056394893386
5.335671220792772
1.0403728088647441
.9833328683787729
7.644992526320982
2.2597288996748057
1.0322506473141395
.5535862781089834
.7539021760522369
.6702760017634524
.5536463625426946
.4792945340642268
.6143457787880464
.5740830619144334
.47930778785814293
.6509302757049888
.7428529973306842
.709740245677455
.6508922828996606
.2706572096339765
.3824866561081549
.2845303701618856
.2706478424489639
.3221622932221353
.468900265382068
.3416289628980807
.3221709940381224
.220570172294762
.31271808656353944
.22231763561872692
.2205706903291766
.17504761403152824
.2582288152909042
.1841268911417566
.17504951053841492
.24966408806568027
.40773943695627124
.29348854013031755
.24967497309717798
.6233432547101412
.94589021823294
.6760425958255264
.6234017990755023
.5375610881574219
.8164411450466625
.5444958073110665
.5375740616010333
.4329483388333626
.8701365118457378
.5573275880834958
.4782497642581943
.48283398598117705
.7874802616230309
.5580565647060969
.5295927569116056
.4758168040342769
.6325562744715266
.4760374944252734
.4758231920804777
.3085968785927645
.4026859527937432
.30856248988968044
.30858032908389593
.42041714881422165
.6106699728170447
.4208160465046777
.4204261266723481
.5456929954594767
.658497533754021
.5463236658940557
.5456438867617976
.6963775348520017
.7563894948607387
.6974588004325848
.6962961974138138
1
1.7151332263097083
1.9216499548934682
1.7468546393220692
1
2.4712303664308126
2.9073469348612435
2.135564022007702
1
2.5546915838493804
3.8712673550807626
2.478035981231124
1
3.0760120878809234
3.657103797047743
3.2922019602289674
1
5.04866793167109
6.232404030411503
3.3119308628040867
1
3.878833522548302
5.236028701381787
2.9432782491955467
1
4.346520131438668
5.59492145477903
3.083057949912133
1
4.55987644763242
5.973026972310079
2.996064257569661
1
10.649211026888512
8.52704708762328
3.1384735215830974
1
8.697194826245239
8.431823673739137
3.2860447811457774
1
2.5634744090618975
1.8311937104930003
1.4968490259395375
1
4.206547257650422
3.934731202089664
2.180986627100154
1
3.278591730794841
3.200477585292908
2.1616611978594937
1
4.6594208590933075
4.732788368787327
3.075328526371769
1
6.517762628652641
6.194008153840338
3.1554504138668156
1
6.747872479339222
6.376390333291248
2.8016035655841005
1
7.463967972954843
7.089712292652404
3.7139451364979434
1
3.414423545139385
3.279801838660446
2.1368829446077635
1
2.9164976031050736
2.818921739271044
1.994053542079537
1
2.0900593733796806
1.9805907134207095
1.673791562723481
1
1.6214731950478234
1.5450671782616545
1.3601863709629838
1
1.8910143933740933
1.8516284123589597
1.670133554958556
1
2.5206929171917807
2.485586151396544
2.0179587727898474
1
2.8390537124054824
2.91518399825608
2.145441442474024
1
2.3168298389589985
2.3377327896122995
1.9437504603800748
1
1.9634209758287107
1.9068507953759914
1.5916304465335354
1
1.3654889470978366
1.257102210489115
1.1531276757852904
1
1.5444533335641313
1.427745581873918
1.2165743133072622
1
1.7688745904884677
1.6225425180159074
1.3507583176949827
1
1.1752038838696817
1.1077048454545875
1.0062629945212662
1
1.237699754103634
1.1590016843800728
1.0010362752959803
1
1.3554290929391655
1.2797827430438515
1.0066535115136048
1
1.3082209252113977
1.2431909484917878
1.004992350764697
1
1.467514532221249
1.387863101838323
1.009113113343565
1
1.4343248694881816
1.3907491852496208
1.1976667052972223
1
1.5968293050965392
1.5622979914111836
1.3054804290293083
1
1.9520301921999055
1.8800489006350554
1.1801573928688975
1
1.6440207424088888
1.597295120973906
1.2424339997917349
1
1.4818881987328334
1.433911245680292
1.0798850291557436
1
1.498433635807028
1.4545256047544983
1.1822252201466352
1
1.5227904228804392
1.4575347499433413
1.2142242157396237
1
1.6191874812217877
1.5591845080906732
1.2981424097254595
1
1.8329333972072674
1.747246360362154
1.4355029769174108
1
1.7847922178804627
1.7550836190523331
1.6567301038253262
1
1.7598944935459089
1.7197744624129143
1.4334447433322632
1
4.5613582607702385
4.470075925034132
3.235832661408486
1
3.551080751645536
3.455318015136889
2.3564741576948713
1
3.977068846947251
3.8403191953347724
2.713916785282097
1
4.108343211928348
3.9935958140074037
3.0661947456416394
1
2.133179151474319
2.0822586851251113
1.8700102421006388
1
2.4788553605684993
2.418638850847128
2.058289973067469
1
2.642511849298224
2.5574313826482915
2.1039356014812416
1
3.0761377897080244
2.9726027402071726
2.656524896795519
1
2.787344150264892
2.7283439443515936
3.053959150653796
1
2.9529306334250256
2.805684896425279
2.0427670995418445
1
1.680349382457036
1.5934208071114477
1.1676000599251288
1
1.6070969978422922
1.5071246364016457
1.0109189894177977
1
1.56455278972766
1.4845161226622603
1.1735300339854484
1
2.5464319887871194
2.405432068355634
1.701125136511686
1
2.957918469014115
2.874538872258722
2.3297356263177456
1
4.230786179828162
4.140851833992716
3.597943845851567
1
4.305188696528658
4.06069603874997
3.212959824313306
1
3.8465341208783657
3.6598574290407955
1.8687528891166694
1
2.852811327384447
2.741836394779414
1.7694200301119538
1
3.977682216762014
3.735651200998981
1.8030902354939746
1
4.3058039419403125
3.969768709589475
1.8227163612087023
1
6.311177087003448
5.517805800881671
2.0520219445073486
1
4.805022059249019
4.431871993058469
2.100624754917743
1
6.196253534556578
5.61277190471232
2.046870757067097
1
4.953793532465638
4.496524132758946
1.7166947279817482
1
7.87340083992405
6.821880588069424
1.9410056574866197
1
7.168290230484513
6.725491452693941
2.2314072220446888
1
10.750393986524841
10.190502859062278
3.2832381984635
1
12.108980241233724
11.407666135028805
3.5252559467240756
1
14.537456239966783
13.652032568058527
4.1905396774300305
.7420506691639133
13.627481893577587
12.599880886782142
3.065997182063625
1
13.772862095867202
13.052653369301327
7.10370022295307
.9992196691708157
10.738832272932424
10.162604581873751
5.834313391894769
.6809335947711438
6.461397495504631
5.948128886660042
2.180137909925394
.6797917180802591
7.39808436764463
6.7760508965590684
1.9611680604442516
.667481006964292
8.026883698556663
7.224943937779357
1.8661177058042062
.8397356780923962
10.457383496312877
9.729140818803565
3.0739826081889765
1
10.381483814356349
9.863844097529674
5.569326415919621
.8232989875060669
10.48462496029614
9.82392468849718
4.203685327362062
.7225638478120298
9.85073360444256
9.147134315026321
3.292076332443756
.7600677244312221
8.243335281585773
7.658677758497675
2.4895391208656146
.7454195915212661
8.718918896573244
7.9965270337573955
2.3502153182543375
.860134903406739
5.356555014857837
4.919214724292153
2.3224882789295505
.8371286702652676
4.271078365507652
3.8153401177147113
1.8966771373776632
.8742417781015026
5.154850865531502
4.773208475976025
2.312041783708836
.801202584730572
3.934470097296963
3.65568296278181
2.1390300536590985
.7447482708290141
5.314160857741159
4.7498005940081764
2.010571264488659
1
4.577210121721381
4.365789591122737
2.8862438021081127
.8629293906494554
6.3613327154522015
5.842557217256257
2.785278046413712
1
7.3961516412550505
6.917085058068899
3.53281559805313
1
5.685599295050421
5.33863273435497
3.615996406574394
.7971789140826818
6.8163500943060065
6.364519061872908
3.4646474305687436
.9547179004698212
7.3282281729387595
7.147846426847915
3.8245230283966154
.9674771142039786
10.081327042813246
9.28537954465694
4.583668744767667
1
12.58506179395555
10.820574468731776
5.2507468270314615
1
11.51823919758261
10.067490149568698
5.175534125772172
1
13.283243440714935
10.221370035018893
4.313068170867061
.8571749407150442
13.62532614765318
9.480614776287691
3.1339696594132294
1
13.558921328775408
11.315330834531583
5.328114822352238
1
12.58553432698231
11.476157219421427
6.45010076893782
1
11.652610803259485
10.543237997911294
5.831741320130156
1
6.8716589973451505
6.537336937682726
5.731257507345839
1
7.025071893161534
6.547361033802499
4.916671108747351
1
5.631733852234632
5.412308720161758
4.558461374693008
1
4.665320095959257
4.4525041263617
3.792664006073436
1
4.811381179301357
4.563563916915754
3.4491479490757735
1
5.344001175442192
4.941401007338013
3.571556452782857
1
6.166163568228179
5.278388484146065
3.0937729122247677
1
5.3523146957006915
4.991883576335684
2.9570740208332857
1
4.877645311945155
4.432544462886479
2.5820243916710863
1
3.9484721481483223
3.8651619247551765
3.32287474439412
1
3.8501945700268116
3.7926758980974564
3.3731923224690012
1
4.067711991034183
4.020559570255627
3.7382468016871204
1
3.826142136659994
3.7549804386155943
3.1135541053513456
1
3.7597363302037774
3.6829190137410013
3.129259628121501
1
3.7635392571942887
3.656479465522945
2.9071249081821673
1
3.5419070184128443
3.506851491357445
3.297670463198623
1
3.7551248600105667
3.580755996423258
2.4093969120461316
1
3.977146275105828
3.6864383725596093
1.7508658446280434
1
4.45605823507917
4.227585079512817
2.3493196575812716
1
3.975190239262749
3.7439926914208432
1.8878704438590344
1
4.084542020239316
3.7708011235304433
1.7864698610712533
1
4.091060973826043
3.545020469643296
1.6897853727161445
1
4.998420590838937
3.960076899556352
1.7738441274497847
1
4.170101718270654
3.581244314632031
1.5812086704214106
1
4.211785279725879
3.3793354128062694
1.6146459088191338
1
5.392349826598609
3.149506239203738
1.7984466687867835
1
5.574576191068351
3.0447196028334127
1.6365678163340713
1
5.823946340986288
3.745793720983781
1.7257856740765325
1
5.349650963374251
3.7088997708210774
1.8152947077687314
1
5.2478509539906595
3.4563726625440276
1.6411633029865091
1
5.653213780116391
4.15011119059099
1.769999910682312
1
5.238388377630744
4.086040332953537
1.7258916115097742
1
5.516103991903911
4.63061525273734
1.811721725555174
1
5.895832129454843
4.705344919110926
1.707197721606975
1
5.3988137437011074
4.538808122080133
1.8012527632658204
1
6.340266605904664
5.476650505569871
1.9908648051489173
1
6.190486779737561
5.7586578752914175
1.7792464490007385
1
5.018794232888332
4.520904062200184
1.4530857370401242
1
4.816676276334042
4.284680385073722
1.4077379634695957
1
4.464559107067919
3.97179199621319
1.4995756405162475
1
4.502484732398228
4.103412046141601
1.509833318454507
1
5.7216508824774435
4.948983358909467
1.4368531899211683
1
4.607574817734675
3.969628016554082
1.3733389098628666
1
5.266036238577972
4.52630856942304
1.5395661786705233
1
5.193659400665755
4.527118743933446
1.414093033569136
1
4.4179099513353774
3.690001782735482
1.229964778423653
1
4.446694302910414
3.431968307211118
1.209731705080947
1
4.173454855999682
3.3580359371690904
1.418479572247761
1
4.101963137106117
3.455445884371127
1.23919060729179
1
3.822867102736186
3.337428192549444
1.2000059301546189
1
3.8999339993399
3.463146630694768
1.3101910527626093
1
4.927031934547169
4.499165643176024
1.5661937034689721
1
5.420228257028505
4.8213180422013275
1.7159819663248597
1
7.177566254448544
6.321147768784061
2.237443757323707
1
7.458507158024483
6.004018229853354
2.135299939245157
1
6.011891534139334
4.910473724327033
1.86293091064594
1
5.581931988243698
4.884898365505706
1.9654160382062775
1
6.224714256969985
5.359935647461542
2.050401866888442
1
5.3287617212319205
4.3495893497751705
2.000537986108614
1
6.125146051046901
5.334432834019577
2.119954797138154
1
6.848427299997225
6.0802798654873955
2.2798584811759803
1
6.6476528249671025
6.033310061187836
2.1380648900839887
1
5.852265711039295
5.421345568895995
2.0226694774764296
1
6.178225487578873
5.55768435395006
2.015720316755383
1
6.18073711934485
5.574308209616294
2.1986730226500915
1
6.89833749075251
6.1593182912086295
2.6265561380830307
1
6.379443022097564
5.822400928004938
2.522561446287746
1
5.117928712439262
4.897087790479447
2.65650401299147
1
5.602619248582227
5.331565009566831
3.0276564171805505
1
5.256719250743677
4.953100882854415
2.2878698824313473
1
5.23533644969423
4.88167263951153
2.1520910008133134
1
5.118573909766843
4.800961642869892
2.1225738589859415
1
5.4005612432602375
4.950404251436385
2.323810633704812
1
5.136026269392433
4.788738271445958
2.258863334608777
1
4.682531298325335
4.273760020279148
2.220013902306998
1
5.647319765687228
5.174175794820992
2.420970632459558
1
6.141972612174088
5.648824241548498
2.5868113944165336
1
5.828276537888627
5.538356916175865
2.5012582249945376
1
6.458427301726525
5.637882439873739
2.579781494084942
1
5.94782678554367
5.408784218427423
2.7351295263828197
1
5.330109418321409
5.081269112777832
2.228520346544286
1
5.093562813493072
4.752971968438308
2.9707175032003703
1
5.182953629527329
4.997680179148966
3.984152616753826
1
5.270023547448608
4.5411806747175385
2.66362658022059
1
5.5128648132486076
4.554523614575782
2.480228464939156
1
6.041949097930782
4.620526958202547
2.076871103937769
1
7.04064787237689
5.395660925952501
2.218009814522563
1
7.00592941778834
5.275846358812975
2.081340721375873
1
7.381772952281224
6.170181394672382
2.9206328807582174
1
7.240425783278479
5.6051058986534
2.441320584022278
1
6.720830896200031
5.630625498201504
2.7161128897526097
1
6.18608309856343
5.308420518154582
3.016171277553672
1
7.147181116477179
5.680561501564476
2.9412835212394226
1
6.899655825764896
4.6837008275548815
2.1227385857843726
1
5.242177947354329
3.7124654204664975
2.0852275869631147
1
5.392495981988675
3.7722227416680614
2.040379777598856
1
5.411750055995819
3.9643154730574657
2.355567952001828
1
6.490131779383856
4.947950800729281
2.5722935630201773
1
6.552694411181805
5.378112650822946
3.1254623476005676
1
6.01330606095264
5.161034837428579
3.175587462095155
1
5.995744547882953
4.5505803154671405
2.505016130803518
1
6.548094233446394
4.830276222994322
2.3910691737617635
1
8.232246874010167
5.747519864084628
2.385667103419231
1
9.632302239474155
6.136824035648321
2.3017613151139127
1
6.195230943661987
5.284597747461344
3.13403913956739
1
6.56921443062255
5.1769286147368145
2.5514681866021287
1
6.199995810229427
4.231922126352222
1.8687909850218738
1
6.801150559190162
4.292335210491037
1.824845765231921
1
5.950330534770609
3.9972724111674713
1.9038794857010934
1
6.387928878060648
3.9035090829307237
1.76299191109002
1
5.6959405726095556
4.188573779709062
2.26370126688851
1
5.756192469808035
4.020597160287604
2.1325580720407307
1
6.335724800125888
4.442439844462366
2.338550962935073
1
7.494115199046339
5.234992041849365
2.3698221783233855
1
5.741784189210073
4.138876493987008
2.291624982597944
1
5.426957522981284
3.93706698037934
2.1786171974136948
1
5.840384836040063
4.3483400539922545
2.385748304365466
1
5.710355872048337
4.618873252251671
2.836039679617844
1
6.648770528167794
4.4120812584408355
2.169142164786963
1
6.61859534710149
5.417527746837857
3.1437717517872144
1
7.72375617098888
4.919338909608927
2.2061317526014235
1
6.536303930231437
5.232161316371317
3.010085299047913
1
6.874452547258349
5.084150710439763
2.636822721079064
1
6.440721251446905
4.646314433782324
2.4903118112394838
1
6.2985826866877455
4.326169518625686
2.2655733639731555
1
7.034627605183905
4.3989271050387915
2.2064769106501902
1
6.177232962958546
3.9799087462811125
2.0623711480867053
1
5.981280939136054
4.307657864785935
2.2935091021580405
1
6.590849244602858
5.179597473133544
2.8271337037346056
1
5.742174412643762
5.0731990772117435
3.40283717378347
1
6.5066161308936
5.876710587857518
3.9952506446961746
1
6.303736581815048
5.5207106563304595
3.5210488027843136
1
7.075867933576744
6.3514391242234565
4.100433972975607
1
6.214398384064323
5.55852723598361
3.8718690571335106
1
6.11332477247241
5.313649512141348
3.493861366052831
1
5.657295217466606
4.932776860916808
3.3395106532902856
1
5.648523209574763
4.9928344772045135
3.432779027885042
1
5.82276624369303
4.873204120196858
2.9542102787934468
1
5.323357372817168
4.296736004345495
2.469889871207502
1
5.541339329432879
3.833957725992791
2.108783150589286
1
6.133538557524072
4.050372353918192
2.1132070426549805
1
7.138777175181001
4.741183006793363
2.286177691256823
1
6.715718631179442
4.738833972816431
2.498307610003014
1
5.8940927346311875
3.761734230980774
2.1435630223415068
1
7.400024789454671
4.986674658584437
2.5076175498963016
1
6.5823012879137055
4.485401615225712
2.50674471324818
1
5.679896290747728
4.0692817410742
2.3776044465680766
1
6.292670390700939
5.233919547097908
3.3652971096411295
1
6.83603004688435
5.1702957470218704
2.8800079082119505
1
6.354445291090991
4.049870139400918
2.0310558030067853
1
6.180450927900086
3.972946821500715
2.113369490463581
1
7.674582432724544
5.236659483933322
2.3657300292873704
1
8.195351217395576
4.807660047994598
2.0155966942817867
.36655481145340224
.6583621038605608
.3782467177768824
.36668208472753133
.387536495986885
.5863917182171924
.3898910402439674
.3876152189586558
.4197497276015788
.6971857581994043
.4970320697946366
.4200523316245
.3119334138236781
.5176406031991313
.3366877562198275
.31206242200773376
.4666845559397571
.698204359215461
.516895961097942
.4668857988098657
.5167624770295676
.8244940442958913
.6396123188264312
.5171053604260047
.41645961906199847
.6777540917252061
.5112984118470758
.41670605237090036
.37419343575158037
.5992659782413584
.43211574478805703
.3743369177040792
.4386834215482834
.6724494193300442
.46223942057077433
.4387972736579522
.34634231670049836
.5714004327776965
.35217987057904226
.34641633459172483
.586132464479529
.9144312231634832
.665380379913477
.5863241980065005
.512997065900355
.8269162415666248
.5836642805657931
.5131547374000672
.5326064918969793
.8775876430989732
.7348122357383988
.5329210057710247
1
4.522135363552202
3.7573350690787284
1.901527120815889
1
5.0679149736029245
4.11949432324787
1.5950887866921475
1
4.4842456877569425
3.7443299976043996
1.8732001231829962
1
4.392147099180837
3.753057939557381
2.0089885703642745
1
4.908699588252315
3.8845047712330163
1.928395554829067
1
5.012411133170908
4.119255210221846
2.116274499997254
1
4.363747400650853
3.59279983064769
2.0360602638903247
1
4.7182565149541045
4.198208610052056
2.5264357393444477
1
4.210803516317776
3.600314697606141
2.1551646548580052
1
3.9558028365358164
3.4069355707477187
1.999853589591491
1
3.9739596898753438
3.505161992568939
1.9508351698112725
1
4.001929125464194
3.7194741225062526
2.1517909020993797
1
3.9620120633596474
3.8312962285680316
1.9755315822721158
1
3.975338503859788
3.879799987337456
2.647318301257264
1
3.689314834753596
3.5939318215608984
2.2547474510448087
1
3.864017710414549
3.760083076612142
2.1915701340630727
1
3.912701327667979
3.7860896109173887
2.0067641749662575
1
3.860443501014685
3.7471697323899433
1.9997091283619701
1
3.9112168717713893
3.7738530401387718
1.8108384962217332
1
4.151347252251919
4.00935981981954
2.1026982049534633
1
4.258863362601694
4.127188555316458
2.6105796396185905
1
4.194039595611918
4.020102297854768
1.8389921950304735
1
4.110509184796912
3.9762067825351455
2.1141581173749313
1
3.8919515665646487
3.7419075349592754
1.7172972325542784
1
4.0632510102440165
3.9044707186183083
2.5368845420727704
1
3.7688484812175487
3.611880586199744
1.920724200049122
1
3.6749528035032215
3.4932896123883244
1.897129106705707
1
3.8666271163756814
3.488570486896204
1.9318377356839462
1
4.348081421086538
3.669359395241097
2.0082206178630617
1
4.315028053375126
3.9156442764677504
1.742868224101742
1
4.345530646446333
4.136511109259154
2.0829055572367468
1
5.079886127566408
4.850447961751602
3.4378252628469697
1
4.6364278605646145
4.412316200520547
1.904185693468164
1
4.451042618379023
4.241584899812514
1.8546737231612174
1
5.234761110749585
4.840268023544125
1.871569471381704
1
5.168450841494104
4.965304614547438
2.08699651261787
1
4.642880135566968
4.338277593589413
1.6704149345598136
1
4.396818275904933
4.1959187630651495
1.993592257068184
1
4.395389013058331
4.1966438279824665
2.0404002487669466
1
4.420087129912768
4.059533236711763
2.061895589072527
1
4.562399812944711
4.017094440971068
2.1008157066227304
1
5.2794767103666205
3.6614632840398587
1.4477803868233297
1
5.543500416696606
4.323140811741593
1.5759364478530555
1
4.766917011229557
3.890170424470474
1.9279209440251912
1
4.500844147944924
3.9237673326507223
2.098350611293849
1
4.349166523071242
4.053768719493242
2.3967295847832535
1
4.509466525136286
4.250424117672411
2.519235287873767
1
4.404089076601623
4.226925226495257
3.0883977933474585
1
4.990448132075088
4.422163451060108
2.375541762733929
1
4.63488584336333
4.044159364030059
2.34086648219618
1
4.6148609996719445
3.774401348951694
2.092460954797122
1
4.682765823828057
3.844500246759742
2.1706060472856508
1
4.330683102477353
3.806546230768615
2.409689469519292
1
4.528329378359471
3.9343464282249108
2.353902307277443
1
4.095528271050815
2.8846002860084035
1.558240069303743
1
4.583469436554835
2.714381673781901
1.4128736603529415
1
4.153067576186934
2.3196599586909756
1.327048945848484
1
3.9301309389688215
2.8588169797792857
1.715745132635949
1
4.216526615554796
2.988279825572776
1.745801629074406
1
4.59063643407489
2.726729985229653
1.5337333170925302
1
4.881461972533803
2.8686945099097794
1.5653228363274214
1
4.542515563466987
2.7375236236452087
1.5005351445283504
1
4.690191213923177
3.36732838048303
1.8205813813589586
1
4.83959535588002
3.5673409167759633
2.0935238934439333
1
4.10924928690196
3.3956359616883107
2.1663616910133254
1
3.9404435985947748
3.271198990668738
2.1769667923678875
1
3.8692405657303497
3.2552098699859915
2.275499362603391
1
3.902002662797979
2.8185407857525715
1.8628063135873394
1
3.601359216481374
2.7110501600360584
1.8631932314430626
1
3.7016703137821985
2.7767755879518514
1.8577694310454387
1
3.8620012556761534
2.866647426563105
1.844156896039079
1
3.956512241380184
3.106797886778726
2.0665989006537133
1
3.9760028142275194
3.0591988822649063
2.0571543690896856
1
4.005166252825392
3.0786213483163696
2.1803813655669595
1
4.014206897120178
3.0250906402954874
2.067160171710846
1
4.178650875699329
1.934551389580309
1.6680958292207677
1
4.160705313272089
2.0393545108437543
1.5594017419609445
1
4.468588839653192
3.236850864708477
1.9628460474889777
1
4.4687531795468125
3.2439756793740173
1.9496104225806108
1
4.793963654934062
3.69614904044136
2.4218407853612027
1
4.961893281816773
4.2144610464786805
2.5061630150502183
1
4.952896315671256
3.5420997547680035
2.4152585741947044
1
4.902272644265896
2.990244490752565
2.3231561751143603
1
4.441405623396378
3.0013081828374677
1.7982504131722423
1
4.560093851911048
2.1618152998846907
1.5885688947227645
1
4.715131354089719
2.62243550232435
1.6279669654266034
1
4.790866226072151
3.2654951355084236
1.9284612129202223
1
3.788608768969677
2.6226700334192206
1.6309614379594946
1
3.7059384255432555
2.7859392462495647
1.6592056483494217
1
3.8403708069327336
2.3372884747737483
1.3521245544524203
1
3.409382424206815
2.1643759491809256
1.356225265776166
1
3.4696283929842346
2.3182849270149073
1.4092662341847912
1
3.4843540495230783
2.472605974035508
1.4399340788070385
1
4.109662782769314
2.9879264244357935
1.5322435099360954
1
4.124626067336705
2.4844257395674516
1.5206709644616228
1
3.953602265789278
2.1638705663000715
1.5625959245431442
1
4.187431827908475
3.176320339153616
1.7026460151913168
1
3.7372359628588034
2.3828791960851676
1.337396210849714
1
4.076085905257472
2.8621924512596637
1.563357193698091
1
3.9087560014344245
2.0740085011035103
1.223323434817617
1
3.700334012185438
1.9480030265461985
1.2089673589155185
1
3.7717262140121135
2.1642059395542796
1.3065716104020557
1
3.8379062291847554
2.2431439309445174
1.301319289301747
1
3.99789795237673
2.57618928309907
1.398857531981342
1
4.458421820955346
2.301545215071227
1.2336532749794715
1
4.359544165896883
2.509331307289177
1.28646979229494
1
4.260706340996598
2.4922629988190765
1.2636692876482047
1
3.964756654305015
2.9274325621146517
1.5210520604539342
1
4.1801663896597905
3.413277353344394
1.7427805770206082
1
4.025222601470201
3.4524937886400533
1.8347695197825433
1
4.598137812200259
3.941131387376312
1.8349828016444425
1
5.3205457296102505
3.6779483031159166
1.4650119695651758
1
5.116041500555512
4.00987151535796
1.6121140673358905
1
4.985201987324387
4.6267897355164935
2.266345868022529
1
5.346082700860698
5.0134109933569055
2.765272858046912
1
4.45907254442969
4.20552146889244
2.6071288826702763
1
4.045988087958622
3.6124579962757215
1.939674856891358
1
3.5484368455515107
3.3650377985547717
2.351072697498193
1
3.576204881785136
3.312098973358335
1.972381852695942
1
3.4736181118747886
3.1934712833868026
1.9989479130141299
1
4.315886723530418
3.993301368303291
2.2842553266824757
1
4.024364660535676
3.6744737521110977
2.109112761414599
1
4.202459209968622
3.7952833628941804
2.2333565243039715
1
3.760759659325811
3.429672698968595
2.2399067369446004
1
4.629328166874696
4.101022948948257
2.469188967343515
1
5.474815397086666
4.297166976628414
1.9049682402127956
1
5.879126803489661
4.207459694369265
1.6989342929917906
1
6.567181523665159
4.165599527909661
1.678535250696663
1
6.911596271505768
4.048351737510339
1.520654137913634
1
7.339607210894212
4.133209913916619
1.613495156076813
1
6.024703526820837
3.168030855704168
1.2333818996912955
.39748395242141477
.9093407073562695
.5027681957005082
.3977722232819619
.5651441167478324
1.6866208468793462
1.0087119068747648
.5663454650852221
.3435800411717903
.9409401451995163
.3592191777390776
.3437158463609433
.5596400057134339
1.307097166123039
.6785616797069838
.5601333132459814
.5400484831481138
1.2814454300736775
.6965445996784525
.5403911817205315
.5271145320369206
1.3915733557183398
.6884110023083885
.5274282794213747
.5124800290276136
1.1852128263806283
.670988846302076
.5127460817407814
.6715341474281452
1.7277376460310019
1.2234383801861772
.6861473749637039
1
9.046930705766295
4.2833687995898515
1.6084843718569133
.9820257532556816
10.14408806012927
4.6881711249786076
1.6313122608200832
1
8.479328116726009
5.617268779245939
2.0778131948594103
1
10.721535739144258
6.907805272869757
2.2547760822284855
1
8.058148832934563
5.1334448500634915
2.034097364437735
1
8.070703686841696
4.904407403957216
1.903111712254083
1
8.87169530072083
5.3648470300019575
1.9661180101217517
1
8.56170538763551
6.752494623527105
2.9096926730382155
1
8.109480204683498
4.758181208846838
1.8868353353838831
1
9.580410605447563
5.37305232895938
1.8825152694488674
1
7.589368356645288
4.837623630337095
2.142401620425943
1
8.845305059158672
5.0094101760277185
1.9431351926515235
1
7.692523326633403
4.978487492395177
2.1102674235988443
1
7.264903375459797
5.4076145731379714
2.543389363385194
1
10.260109005387523
7.237006735365554
2.934339165175892
1
11.555519914993083
9.152489731715585
4.075682322254409
.9996649444971278
12.417037869277745
9.366176732792923
3.7477259480725245
1
12.073887245971033
9.323118413669802
3.8617960485497407
.8326073521449022
13.418609038146986
10.30165214619264
2.2827194704399982
.926484408929122
14.97472242948029
12.740539530027004
4.867737236718981
.8153683109541447
15.169458919708086
10.691203296694933
2.155594222932927
.7873875611783163
15.294464727286227
12.664157015234476
2.1442587705214557
1
12.68766260830803
10.692930248359204
3.6957551487770073
1
12.012269256547324
9.868347209456811
4.0299129494853405
1
12.76932256391602
9.555107076515258
3.407895477177404
.8199696965990189
12.790644183128743
6.61805651944975
1.6251002990560826
1
12.732484097792666
8.466647669107937
2.3696867869801017
.8969607289016721
14.00987972555848
7.935352967300085
1.9499947699259885
1
14.076741144075648
7.454963315209148
1.887217685538823
1
11.837019518100421
7.395084824192585
2.0063192023127336
1
13.411396908983562
8.159202497275905
2.0717638393482503
1
12.56480883935245
7.949489635594186
2.4324993066249236
.8994304219113045
13.489911903259447
6.687741641344363
1.5454046647201924
.8562634058876155
11.097779796601575
3.6545067338405874
1.139438067373272
.7528576601298271
10.439124222152056
3.689254475156392
1.0327381300967726
.7193990791553218
9.031994789317858
2.0686570560322766
.8639137482280778
.9209664446875984
10.103958996475988
3.1574687550525713
1.2202478308289002
1
10.481633105791225
3.3371656263100036
1.3363732069059238
.8848594470589218
12.169987809928978
3.735057494013918
1.2044494454725045
.9672595646067551
13.185860021906608
4.442426128890188
1.3691897012869847
.733718098886256
10.132401895565401
1.728361946311381
.8507704437328503
.7696499021377695
10.797090221834802
1.890066863035883
.8603283376706331
.9386353228582434
12.352865291603889
2.759103460750861
1.1546516639784323
.5936316309256526
3.8345652195510254
1.0679993454766028
.6401395756452136
.7384093886921106
6.68288715931983
1.2665856938215896
.7673996259455297
.6776395634846366
4.569232714501388
1.094126135863087
.7021110746005225
.5961297779691742
1.9697101355341085
.845610552604137
.6083119159226396
.6883331254535783
2.5793619293181838
.9805619815899519
.7051310872162949
.5950458079148053
1.0302312414143904
.7046434559618934
.6015320993912011
.6304764138639128
.9460306358569143
.6948618904991284
.6390109932291207
.6469861441872915
1.0679360112890348
.7528760726046906
.6549119048532636
.6730170364633739
1.2260338107591102
.7989979184252809
.68472447047384
.7525532349490263
1.3339193489360328
.8764547297326691
.7825297293920866
.6531302108569365
1.295606240788392
.8471085759384855
.6699421504239729
.6184336244872293
1.077927118646435
.7586435321317135
.6385432231170316
1
3.732369778435695
1.4604892885302274
1.0776104353783351
.5737757459887205
.7634440244525326
.5740655559129176
.5737750804838124
.6749429813409766
1.1449411000410146
.8080479987063646
.6818734231116579
.3902684958290373
.4916242572188001
.39039463881332415
.3902804988586253
.6719345352544871
.924291237972963
.6912185429205172
.6849832999642004
.6787226143310401
.8406675862164392
.6915858996206948
.6873519551971944
.670185713753843
1.0058688395586608
.7790048307588886
.6828417202264522
.5208179598328343
.7943129027508378
.609464688799558
.5296535279164958
.6221552999297931
1.254950980702433
.8833149284473198
.6624702899941526
.8779046252617257
2.49828349661502
1.430237401317677
.971241979884575
1
2.2459542088421567
1.4451876909212213
1.2266751892539458
.4951013509680617
.5945756951518887
.49529656716661974
.49510804393071056
.44343170487221106
.5316884019402812
.4435673496494365
.4434330880657919
.3444204532224285
.40839115157200845
.3444540880191669
.3444218697517563
.5123558074819787
.6225593900438126
.513119881887253
.5123822346353314
.4224004502544809
.5125149543951013
.4229953772935135
.4223987911369219
.4370982397146758
.5829442106828686
.43887886616742466
.4371041260277861
.3306459928498421
.4324352107116962
.33111581660878414
.3306471568492841
.5442155768805498
.758250532623382
.5601686502855214
.5442580166903083
.2891485762728983
.40748241723560047
.2925743206288004
.2891627175058101
.1518503886313995
.229386507094218
.1520753465925783
.1518560534735861
.22775678331949512
.32227295547624585
.22848920573254183
.22776027555221695
.22023789325873008
.31196010884450515
.2234437337558535
.22024598715454732
.2171210321352779
.3115091346815086
.21787325876807345
.21712467729822046
.17432942712118363
.2753326647443586
.1749722026934865
.17433429649246404
.2024198154220548
.29345294067309624
.20543563365680748
.20242487535060724
.1767006527244789
.2611343008828728
.1999402057462543
.17670971159854867
.19141031435064848
.29259150328915623
.2474699846975782
.19142452244045374
.12926796723990905
.21727866528676934
.16298683343300258
.12927836242402538
.22847912970597292
.39939529193801865
.318138987658932
.2285487918761477
.3009265239345699
.5149455658165648
.4224640122989391
.3010806387538272
.2441969157087036
.42026340508871296
.33419899792815777
.24425640425417186
.19972616445381475
.4035601147433297
.27043159315004456
.19976884424602645
.23039596346637334
.4676302706930915
.2902888480477055
.23043502660517115
.20601498366831306
.39466991231728754
.2262826788851955
.20602843035396665
.16428144100249079
.379784405136669
.19962501358655338
.16430006261228106
.13371873665387266
.298584314616156
.15196257961049325
.133727058458042
.20789645400908768
.420598361818023
.2498016552026143
.2079159183684003
.07463812472013723
.1850727285389704
.07630526143906827
.07464039606953597
.09922190533321541
.17545304817980942
.10707947423424168
.09922173135045802
.07477616694738382
.12658656128975956
.07486737519503925
.07477529945429569
.05407651606159042
.09823901485927951
.054066684221952065
.05407638463971951
.07160444930362811
.11326294747971542
.07159514275247672
.07160398255880691
.10262537852556781
.16647284748020613
.10400733816688738
.10262410025009536
.11178900255791413
.17627085392985117
.1121411867805056
.11178874238210773
.12319955511691262
.1863080577715435
.1350382341991753
.12319562511755228
.06917551446154298
.11566086411507581
.07218662096269637
.0691746689032964
.11082870064359153
.1771368425859375
.11261131583521551
.1108264122929268
.208747575178614
.2831426672897951
.208413299951109
.2087428751473858
.24050818828615975
.33022923097580176
.24026093092498713
.24049900504126845
.3279058463503327
.4593582979237713
.32795306807210295
.3278988635777804
.15243984160657884
.22092048216039226
.1524259589558982
.15243600490504025
.20782981200396644
.28526881744730176
.20779490181356677
.20782877603748817
.27003488787081775
.3333800791222413
.26980934035027887
.27002706448329167
1
14.693478135540163
10.778647278610944
1.8359093789809957
1
6.353936684816076
3.99934269936344
1.1645401426296285
.9678087558644173
2.58158159051918
2.171482764360976
1.2838379747446358
1
4.412710398400676
3.492999894175224
1.5196351323951456
1
12.508582307296685
10.21466512447805
1.6702988542017423
1
14.41373978105597
12.748632718136085
2.2742543626117815
1
14.54015745702853
12.914976786184473
2.1645722137348336
1
13.267902943105861
9.882133008086827
1.4292839228392336
.8867394390983013
1.9124684715315372
1.4505815495052226
.9274549517493674
1
1.369528400669173
1.3403382426419432
1.106004789287549
.93762029639128
1.4117464767752634
1.1416061255725565
.9846902311590143
.35635311763278976
.4330928777407012
.3569956374603903
.35634014200622055
.9521918669493737
1.1586404198780365
1.1691620632707527
.9990997981449001
.14962054718355833
.20673066305933502
.14961129851600002
.1496103494195515
.08148469312542857
.11607292923421393
.0816093115341372
.08148455585096542
.07493592085935231
.10550172638439216
.07509980384218023
.07493662911341903
.07977117894324433
.11807156795301876
.0798269931968044
.07977119424617565
.055773541966292944
.07723489384004835
.05577753635445819
.055772923512038025
.06231399627342097
.0907461254792737
.06231426998192613
.0623133643860942
.07604429773364821
.1224495870303761
.07607095071555908
.07604440173520108
.07213318252361027
.10682708602756394
.07214665727956786
.07213321128989447
.04776439968529344
.06743825873997317
.04777623994780958
.04776377750809105
.06479231508651863
.08719134197465184
.06483222016781767
.06479213564529025
.07754398373588131
.1009910375372908
.07762652869944664
.07754394291646666
.10553306138133575
.13905099195227102
.10805463450292992
.10553260849907649
.08799255223107691
.11203266829232726
.08802289460946869
.08799238450167425
.0957153559049834
.12814412933579047
.09581952158168075
.09571693092365893
.15023264526778676
.20555037187557232
.1506014954854715
.15023824491762125
.20042050609067572
.29552702005090464
.2026837688573488
.20043017993177503
.23039853228857968
.3693974889926247
.2705170221200873
.23041237071483953
.46081021856974036
.8651322688106328
.7114235009190721
.46091503953268764
.31063764181643766
.5375525577950209
.415952821870767
.3106559807072434
.3594504424724883
.7521118005931264
.5718164138064893
.3595612651332339
.4819264763477331
1.059184061674824
.9202426444851769
.4822078626947443
.837497646925017
12.536788411914426
8.942359408498847
1.0418044977067753
.46134303018781814
1.305536701929584
.7973585349139842
.46151406760478186
1
13.42744546889003
7.920317918684814
1.131705708385509
.8134667628109987
7.611525757262304
3.577357066917534
.8690149794416431
.7566865856571099
9.850377553825053
2.997340560441331
.7791121140823075
.6677784845893087
9.315810551363422
2.8843725527660977
.6932273660970435
.7056224389146329
5.973642145285892
3.549781495929404
.7324953527861053
.6678136872355869
7.146338185315725
4.151990529732393
.7027799635019683
.792144936622489
7.86380153084282
4.601988507377053
.8266195426581139
1
11.192184559585183
8.437983080222518
1.0512999483261574
1
11.428880624161375
9.173591588170849
1.0889028615512728
1
10.370532624497926
8.04663940363764
1.0434168866985452
1
6.654337415693857
5.161687042895096
1.031690349037692
1
6.459811337089012
4.487355876402594
1.0405920875805703
1
7.535571964378213
6.113458151049536
1.0696724721591317
1
7.698489295846769
3.962022961556019
1.0499760313106796
.9494828552017912
7.840208473811508
3.876786280043111
.9660154027202439
.9015986378809472
9.356756287033745
4.752804698562568
.9177382455558828
1
9.833714836201224
6.501694182464742
1.0722259626350155
.8186344714968204
10.73213024146875
6.070888424356168
.8309736810082197
.7654371328203938
9.659678391205839
2.4570634818883987
.7748579043177555
1
7.495840778769981
6.133194731846291
1.1257935002837358
1
8.836679315555239
6.256851946952043
1.050929894570731
1
7.835837577475877
6.449322012142882
1.1017105611740876
1
8.810968682455568
6.747008188256291
1.0842710812277352
1
9.24093187688
6.300195264553731
1.0845175133109097
1
8.150737520015802
4.350765530559731
1.0747577486810336
1
7.641386766400685
3.527539333326773
1.0867242081452841
.12786725414073202
.45416977398178754
.1281429662075548
.12787219068850272
.1318698595303539
.4320721310727647
.13211466985542705
.13187100221170378
.22477841615448302
.6890891797731159
.22519412141935005
.2247958165839818
.17444226912219704
.607137219055962
.17494934720913302
.17445170570470003
.16444890044173696
.588209413537107
.1649742312500444
.16445947557881418
.11166765989625647
.38214169779730384
.1118184085753713
.11166952907629679
.19064275255826646
.587869111282859
.1913437685996492
.19065164342703703
.1831476391821396
.5349238572035918
.1839305527786353
.18315488872651856
.1571205867278207
.4270037808601399
.15725797429217037
.15712554733962397
.18337230575400448
.5557627163076441
.18361326439271503
.18338111148451344
.21347945196542303
.6303599560685373
.2138519553264202
.213489693512499
.1732650353259801
.5505988407424903
.17352417088344355
.17327051361757745
.2266809925336869
.703042588949859
.2269313945719507
.2266877578041457
.28980308023314455
.8827785749361852
.2901583298176516
.2898136834318427
.3871345797084153
1.5454223038883559
.38836275633252065
.38717019531497693
.29133796735595596
1.027295140309645
.29185029813088864
.2913560339585843
.26244999455346385
.827348054891042
.262566798238504
.26245897390693657
.19255927424509078
.5523547929311717
.19260168667218797
.19256426532942
.17300021399964224
.5503964785603784
.17302488040875438
.1730043153616408
.1402186228574792
.4927622490593167
.1402393594227872
.14021862677646604
.1855996393913278
.5941372011143051
.18563258435633612
.18560612172178567
.1676893556255715
.40095988393651544
.1677060034850029
.16768974311775786
.12605102945956312
.294650422704592
.12606812013826815
.1260512583875218
.13033150823183892
.37867829577385936
.13037882938465536
.1303318757862538
.09202207816857066
.28159407298168715
.09210954528658351
.09202277863547238
.07565095944107131
.2526558253381477
.07568448577247343
.07565080137351385
.12009874048024523
.33613176808498857
.12021145408996582
.12009951867551615
.133850670299029
.3686921946798176
.1340636791820342
.13385217324814794
.10791673034680475
.24736827459991248
.10821940397061444
.1079190242209679
.08813304907043182
.21623485455694105
.08822687146995715
.08813477858980504
.07644197467451398
.1446178920792987
.07649244280819587
.07644275815183828
.11487236857268376
.2589049914689905
.115412046756489
.1148787423380018
.12797159268804992
.2546525721218122
.12880491509476788
.12797919362955032
.1451456454143664
.34716474286728005
.15143640017146562
.14517665608288985
.12472570704355247
.26998334836222293
.16430781411764786
.12477904098225877
.143140368981145
.27773151874960894
.15652950909250282
.1431889244727584
.15897336235206969
.28269246630134154
.16705425388517284
.15902126523109286
.15619335200070655
.30329910775451524
.15944509341499297
.15623318460506624
.23859663996872618
.5514039106124914
.24777486831368745
.23872122071586027
.3933629464512429
1.0321387200873462
.5325282863071166
.39393955584130214
.3216443090543013
.8476527013546451
.34335245449880786
.3219170959294349
.24789275534779975
.6359396885350799
.2571073616036801
.24808306350065298
.24019121359316106
.5515163249899692
.2575154971962854
.24038743200700866
.1912253610866994
.4538439686082369
.19976598172928364
.19132022917791627
.1659350705011336
.4679846201746011
.19426834495772663
.16606071599090183
.11737359822537924
.3862782534797945
.1585117322707726
.11748614422863869
.07155510115924231
.21256822565223626
.07811894723377619
.07159867632463085
.11724171905375229
.3097573348839688
.18530482875682106
.11738643675463617
.1720661842319376
.4515468322199003
.23130406574873316
.17220810269396924
.261090605296361
.7157076493668977
.3244967932487262
.2613116244586551
.22438127822731038
.7880821758912342
.5212897661590233
.22480407082916698
.12252126570954211
.5153063030132705
.33616392313539945
.12262673924688793
.12403741517757988
.5007741084917496
.2603645142765409
.12411564911175958
.13146557636310585
.5377140368398777
.2527620025891237
.13152651278988553
.1057132669235944
.45818943162336184
.2254476054431076
.10574012999963726
.13289768612301803
.533230621202348
.2448383067121685
.13292063596551298
.07125269411710711
.30413058116362074
.10668211550549744
.07125937174817829
.10653767163736623
.41349962255963324
.11425021437673677
.10654736483741156
.1541248329512593
.6760715107659159
.4491662989358521
.1541699604387815
.2598156467737228
1.149300223417181
.4634082085396702
.2598936729000244
.30544113588032884
1.321919188712013
.836302117173781
.3055587490728743
.27063370161571304
1.1703659412129883
.754596357124022
.27074289138847424
.21850845780430075
.9184680354971864
.6103427394195418
.21856453203359633
.1448657635372604
.5388381678893295
.21837303745391068
.14487810792327538
.11228347879535774
.43226906804132054
.13259892707749527
.11228944984139816
.12271186094169387
.4085520194053543
.12577552444790938
.12271898463762312
.13538594728161701
.3773170950765058
.1363806120122114
.13539211909034501
.1446395498981381
.41468793436487394
.14569451654464546
.14465043248264753
.13652868200661608
.39199008309049127
.17924525432588487
.13653830513310458
.10260132579664427
.3300369785021504
.15210160073777634
.10260593538776784
.15094415594152044
.5170876710180795
.15419146240427717
.15095265587754003
.11139514661119412
.37281269421978114
.11250920387831591
.11139767718316244
.06099067045993351
.23541329684384507
.06344071670151562
.060990393836932694
.09577216267221936
.29401106196227855
.09671656987126863
.09577440087560743
.13134823459305756
.3619464331696178
.13198644294896175
.13135009330484998
.16465608484823047
.4377830991984782
.17606336369244602
.16466715552976494
.1797394094150915
.4507707911816039
.18036149854976777
.17975278772170564
.19741817406863285
.4791284174046903
.1981982474281719
.1974281167642171
.3842626798517604
.8522051009315116
.38452889370028115
.38427011637473263
.5059371613169702
.9483160463392963
.5064367174907466
.5059491382489539
.3665475821664373
.8284325766967976
.3669579786556104
.3665502156134108
.3520509408025235
.8425899091288078
.35242855855230654
.35205785657983446
.3002709175985126
.8673022140303451
.3009803861390356
.3002731359876698
.3315032204529699
1.094239043245155
.3339639755870381
.3315114832864626
.4044694737949327
1.2719406588663333
.41067461790602905
.40448635537646754
.5240817777226994
2.076577243775234
.5289779738083217
.5241084887816607
.8718632017991835
3.0109885156277474
1.1132815509330476
.8719195664185445
.6488277178449685
1.5826419406845988
.6925744045833104
.6488227844179094
.6577961473222022
1.7777033673598532
1.0148564546169394
.6578256452595431
.43631995125835094
1.1564957248999908
.648928207619131
.4363422613950671
.5509988068945387
1.2518399728794285
.8669557223477568
.5510443746208309
.6180853848508814
1.5021430707874819
.9845657356047333
.6181388413630957
.5679267168072756
1.4311533612198886
.8730664090742077
.5679694483423199
.43445151276969857
1.2165341010412916
.5944021772829442
.43447565033706176
.9453448661928965
2.8044041407476237
1.8653092468261137
.9455025827093557
.7992991671015994
1.7276841284180042
1.2043244179763628
.7993305088790953
1
2.1666215498257504
1.464437210484036
1.0001232369119657
.5667954047361091
1.0804629258340688
.7080346044992412
.5668203655074076
.8943582080823069
1.5077579545224185
1.2273282362557567
.894420270742465
1
1.7359111204579711
1.5823462744238095
1.202171554369025
.5342376352300399
.8622646188208575
.6983379686621602
.5342163345006138
.7567120943761755
1.3045791833778189
1.001325782945786
.7567084626633148
1
1.2860216962000066
1.212947304900596
.9996197737247197
1
1.18083617100071
1.1287198979997812
1.0061649411344604
1
1.0294400667371426
1.021430922070671
1.0265659553384632
.38688198989639233
.5661215563514036
.3935745925581403
.38687294621375545
.403055071819968
.6844960687692254
.4103450741670968
.4030338367743482
.5482292228415665
1.0159738164022745
.5541942226302013
.5482092876526997
.3447170961095845
.755327976708914
.34523669591910927
.34471951330990097
.34514987969885597
.9711981519686868
.34774186820818886
.34516912022586765
.2945562558154086
.879627262822211
.29620816689134816
.294567534651896
.4402622585739077
1.11034330222847
.4416494064055384
.44026737769484786
.3074287781687542
.9431639910664211
.30955361355248096
.30742112746731004
.3451680573950501
.9695206962304085
.39074349038797984
.34517835353813403
.5979526184836061
1.6910200050247128
.7167030580457409
.5980978311828976
.6462903015633127
1.8408991237134158
.8349018824909948
.6465788903466545
.5188367589349642
1.687693395204214
.7209706915816616
.5191269605975726
.5948989517409002
1.6257184798448123
.674965903843151
.5949441149849289
1
1.6171066778040506
1.037282060307245
.9991758616537617
1
1.6388980653583072
1.0860922271025728
.9992823999032037
1
1.6001143183036497
1.0911318749017735
.9996071075639901
1
1.7130054429878023
1.1414758534594207
.9987955868103321
1
1.7511057492528317
1.0740644528487102
.9982936192974434
1
2.1792468351233634
1.2045930011410257
.999434036696329
1
2.372381064499418
1.3427690495956177
1.0011882194078487
1
2.228924477642874
1.3571662610739657
1.0012609971151323
1
3.218909006541022
2.163865867526156
1.157808725495155
1
3.0511411072154315
1.8186184265337606
1.0096869980114356
1
2.581942231331808
1.5433578965319885
1.0029374686516788
1
2.107812376368999
1.4279557489685355
1.0523766316128207
1
1.7821513065616226
1.2043766670901614
1.0194257077740618
1
1.9409992881585798
1.1095337705509132
1.0001376249331582
1
1.851831232960978
1.089854613819044
1.000315038063395
1
1.995310720524398
1.081356891448822
1.0004374562513363
1
1.8364221579873259
1.044705086329666
1.000057895476351
1
2.6263173591969484
1.0939966739918465
1.0007983571791252
1
1.5271553433585334
1.0482555024642737
.999640485006233
1
1.4989683300546528
1.0596567920584878
.9988974314891441
1
1.3392815368484707
1.0360213447236515
.9981818026522168
.6924925337937304
1.1391085890549366
.6932299304739029
.6923848302154856
1
1.2346878760559623
1.010708463973791
.999058801791956
1
1.227190608911425
1.0380167356815129
.9968087235734205
1
1.3482954244205965
1.0707277522792038
.9977593318681518
1
1.971456572974215
1.9529523774040363
1.908167659733713
1
1.3780393957116783
1.355109601448188
1.2936130415644407
1
3.212442333700572
3.1248652130367187
2.8371218210634535
1
3.3314514529159602
3.2999418508019964
3.214388784924109
1
3.3468827350467354
3.3356518362198333
3.3042759067699388
1
2.9294010648156013
2.917113833170432
2.8825723404445744
1
1.4552174091285943
1.3873513556522015
1.202123687418827
1
1.7259925084286707
1.330487439984616
.9963390867943881
1
1.5527748146383102
1.532764233844966
1.4449367348581141
1
2.103185364045908
1.3227331734767087
.9977142443070692
1
1.803855855587405
1.790783152351846
1.7389065936497725
1
3.5041095086305267
3.4957974594942156
3.4695872067688738
1
2.109391240139676
1.997397719383445
1.7043093383947219
1
1.90049628049986
1.328188463051467
1.0012109060448413
1
1.8635372057855126
1.4084581947338342
1.002053462796239
1
2.5774592207607157
2.3523179095414024
2.049565413290008
1
2.2342917990838993
2.0371859077161276
1.84825423526029
1
2.742491439102105
2.58201939182814
2.68439625548137
1
2.422275172079064
2.343960282249729
2.2472644085316342
1
3.527573226992167
3.3220357206584152
3.0588819300653194
1
4.87538239717083
4.796484866684845
4.379074268123152
1
2.0007201234596375
1.8647432870994718
2.1478755289351534
1
5.887207164271121
5.563510622095118
3.909372346945549
1
2.762239156582594
2.599147701753116
2.6899072521777954
1
5.831894514959688
5.567471393815225
3.543081864397565
1
5.661621511723279
5.405602570153253
4.2689431740501105
1
2.2655488118879576
2.0971274172724317
2.6892455394804706
1
6.9464328684999845
6.386032970621524
2.776572619644544
1
6.225507952629698
5.977345974340961
2.204149166585091
1
2.629008380984385
2.356418133309893
2.2182655805726093
1
2.65571965831904
2.344020806201276
1.9704884562944955
1
2.277497632411935
2.1233931212492982
1.6345182983551438
1
3.5614240063583327
3.39011014152147
2.8147931784922524
1
8.032277382975007
6.620141672058548
1.7407765339538137
1
9.040731863975159
6.78311059452685
1.5203064385368394
1
7.692742624128103
5.930914934654939
1.5677661295630534
1
7.613584597570358
6.091661546604595
1.575508949550549
1
5.204312333115839
3.120108845667066
1.1137531243584622
1
4.182699273510503
3.1408845632411193
1.3351751011947768
1
4.442704597787161
2.6112328488039265
1.1759262849905985
1
6.093652096982022
2.2985773776445195
1.1304665205486188
1
5.1447225032763155
3.410730241038635
1.3040667610463181
1
4.295953338971477
2.636049975897862
1.1849171575186301
1
5.6243928660330065
2.958785020853825
1.1803413286140383
1
2.4839158899789475
1.8064478500076238
1.3630814015078128
1
3.0963210587486962
2.2020685337614387
1.477063054159984
1
3.6094307401433987
2.3597816009693804
1.479157012910321
1
2.728586214231632
1.7376365306732011
1.313885149418447
.8586394504405858
2.2725614370436573
1.4737758494730935
1.0649670712488666
.8875019128923893
3.4030819170364217
1.8399816278932337
1.2738489617486026
1
2.2031428720840953
1.3889190742063813
1.1649913339801874
1
3.2604833835684044
1.8095724811320384
1.273222516485206
1
2.9681407421273716
1.9390500725050042
1.4050638399182036
1
3.2404875051872017
2.025781124516051
1.3316224340273841
1
2.637909793729662
1.6571855071438784
1.1880255701224902
.8829446314815399
1.9023092115921143
1.1439757286341536
.883464438425284
.7597621709118979
1.6897797605034095
1.0217593625512467
.7604361886768809
.9042696411446295
2.7664649708222644
1.47295489318915
1.0828354298155272
1
2.305185511603815
1.2585858714073916
1.0023882589732205
.9972313210780993
3.6371546255647242
2.242734064313388
1.4058791029815865
.736144944154128
2.4566065530170547
1.5105394332084756
.9253474033733877
.5684509596359753
1.5569131809305332
.9621584249121419
.5931349572288529
.8092991548514401
2.0931887585497
1.4276604550683338
.8112500803988396
.5480971271744887
1.3816153100238646
.8916980797212726
.5490139243504047
.49977920478296517
1.4529827350220939
1.0104898212006386
.5016774239603764
.7030113821731306
1.6375524236716152
1.2163457426377078
.7071194458461856
1
2.6390564610047864
2.171684947045467
1.3164235846081562
.6842252631359539
1.7484045708786498
1.2302288795987246
.6861920708510836
.5493650059157444
1.6706228072506089
1.097791060621851
.5507681034769702
.6215630365477093
1.878490349461223
1.2886225717672903
.6232245066899775
.7175453999000302
2.1355748517090514
1.4099518512127638
.719136971462745
